,day,hour
0,1,0
1,1,1
2,1,2
3,1,3
4,1,4
5,1,5
6,1,6
7,1,7
8,1,14
9,1,15
10,1,16
11,1,17
12,1,18
13,1,19
14,1,20
15,1,21
16,1,22
17,1,23
18,2,0
19,2,1
20,2,2
21,2,3
22,2,4
23,2,5
24,2,6
25,2,7
26,2,14
27,2,15
28,2,16
29,2,17
30,2,18
31,2,19
32,2,20
33,2,21
34,2,22
35,2,23
36,3,0
37,3,1
38,3,2
39,3,3
40,3,4
41,3,5
42,3,6
43,3,7
44,3,14
45,3,15
46,3,16
47,3,17
48,3,18
49,3,19
50,3,20
51,3,21
52,3,22
53,3,23
54,4,0
55,4,1
56,4,2
57,4,3
58,4,4
59,4,5
60,4,6
61,4,7
62,4,14
63,4,15
64,4,16
65,4,17
66,4,18
67,4,19
68,4,20
69,4,21
70,4,22
71,4,23
72,5,0
73,5,1
74,5,2
75,5,3
76,5,4
77,5,5
78,5,6
79,5,7
80,5,14
81,5,15
82,5,16
83,5,17
84,5,18
85,5,19
86,5,20
87,5,21
88,5,22
89,5,23
90,6,0
91,6,1
92,6,2
93,6,3
94,6,4
95,6,5
96,6,6
97,6,7
98,6,14
99,6,15
100,6,16
101,6,17
102,6,18
103,6,19
104,6,20
105,6,21
106,6,22
107,6,23
108,7,0
109,7,1
110,7,2
111,7,3
112,7,4
113,7,5
114,7,6
115,7,7
116,7,14
117,7,15
118,7,16
119,7,17
120,7,18
121,7,19
122,7,20
123,7,21
124,7,22
125,7,23
126,8,0
127,8,1
128,8,2
129,8,3
130,8,4
131,8,5
132,8,6
133,8,7
134,8,14
135,8,15
136,8,16
137,8,17
138,8,18
139,8,19
140,8,20
141,8,21
142,8,22
143,8,23
144,9,0
145,9,1
146,9,2
147,9,3
148,9,4
149,9,5
150,9,6
151,9,7
152,9,14
153,9,15
154,9,16
155,9,17
156,9,18
157,9,19
158,9,20
159,9,21
160,9,22
161,9,23
162,10,0
163,10,1
164,10,2
165,10,3
166,10,4
167,10,5
168,10,6
169,10,7
170,10,14
171,10,15
172,10,16
173,10,17
174,10,18
175,10,19
176,10,20
177,10,21
178,10,22
179,10,23
180,11,0
181,11,1
182,11,2
183,11,3
184,11,4
185,11,5
186,11,6
187,11,7
188,11,14
189,11,15
190,11,16
191,11,17
192,11,18
193,11,19
194,11,20
195,11,21
196,11,22
197,11,23
198,12,0
199,12,1
200,12,2
201,12,3
202,12,4
203,12,5
204,12,6
205,12,7
206,12,14
207,12,15
208,12,16
209,12,17
210,12,18
211,12,19
212,12,20
213,12,21
214,12,22
215,12,23
216,13,0
217,13,1
218,13,2
219,13,3
220,13,4
221,13,5
222,13,6
223,13,7
224,13,14
225,13,15
226,13,16
227,13,17
228,13,18
229,13,19
230,13,20
231,13,21
232,13,22
233,13,23
234,14,0
235,14,1
236,14,2
237,14,3
238,14,4
239,14,5
240,14,6
241,14,7
242,14,15
243,14,16
244,14,17
245,14,18
246,14,19
247,14,20
248,14,21
249,14,22
250,14,23
251,15,0
252,15,1
253,15,2
254,15,3
255,15,4
256,15,5
257,15,6
258,15,7
259,15,15
260,15,16
261,15,17
262,15,18
263,15,19
264,15,20
265,15,21
266,15,22
267,15,23
268,16,0
269,16,1
270,16,2
271,16,3
272,16,4
273,16,5
274,16,6
275,16,15
276,16,16
277,16,17
278,16,18
279,16,19
280,16,20
281,16,21
282,16,22
283,16,23
284,17,0
285,17,1
286,17,2
287,17,3
288,17,4
289,17,5
290,17,6
291,17,7
292,17,15
293,17,16
294,17,17
295,17,18
296,17,19
297,17,20
298,17,21
299,17,22
300,17,23
301,18,0
302,18,1
303,18,2
304,18,3
305,18,4
306,18,5
307,18,6
308,18,14
309,18,15
310,18,16
311,18,17
312,18,18
313,18,19
314,18,20
315,18,21
316,18,22
317,18,23
318,19,0
319,19,1
320,19,2
321,19,3
322,19,4
323,19,5
324,19,6
325,19,14
326,19,15
327,19,16
328,19,17
329,19,18
330,19,19
331,19,20
332,19,21
333,19,22
334,19,23
335,20,0
336,20,1
337,20,2
338,20,3
339,20,4
340,20,5
341,20,6
342,20,7
343,20,14
344,20,15
345,20,16
346,20,17
347,20,18
348,20,19
349,20,20
350,20,21
351,20,22
352,20,23
353,21,0
354,21,1
355,21,2
356,21,3
357,21,4
358,21,5
359,21,6
360,21,7
361,21,15
362,21,16
363,21,17
364,21,18
365,21,19
366,21,20
367,21,21
368,21,22
369,21,23
370,22,0
371,22,1
372,22,2
373,22,3
374,22,4
375,22,5
376,22,6
377,22,7
378,22,15
379,22,16
380,22,17
381,22,18
382,22,19
383,22,20
384,22,21
385,22,22
386,22,23
387,23,0
388,23,1
389,23,2
390,23,3
391,23,4
392,23,5
393,23,6
394,23,15
395,23,16
396,23,17
397,23,18
398,23,19
399,23,20
400,23,21
401,23,22
402,23,23
403,24,0
404,24,1
405,24,2
406,24,3
407,24,4
408,24,5
409,24,6
410,24,15
411,24,16
412,24,17
413,24,18
414,24,19
415,24,20
416,24,21
417,24,22
418,24,23
419,25,0
420,25,1
421,25,2
422,25,3
423,25,4
424,25,5
425,25,6
426,25,15
427,25,16
428,25,17
429,25,18
430,25,19
431,25,20
432,25,21
433,25,22
434,25,23
435,26,0
436,26,1
437,26,2
438,26,3
439,26,4
440,26,5
441,26,6
442,26,15
443,26,16
444,26,17
445,26,18
446,26,19
447,26,20
448,26,21
449,26,22
450,26,23
451,27,0
452,27,1
453,27,2
454,27,3
455,27,4
456,27,5
457,27,6
458,27,15
459,27,16
460,27,17
461,27,18
462,27,19
463,27,20
464,27,21
465,27,22
466,27,23
467,28,0
468,28,1
469,28,2
470,28,3
471,28,4
472,28,5
473,28,6
474,28,15
475,28,16
476,28,17
477,28,18
478,28,19
479,28,20
480,28,21
481,28,22
482,28,23
483,29,0
484,29,1
485,29,2
486,29,3
487,29,4
488,29,5
489,29,6
490,29,15
491,29,16
492,29,17
493,29,18
494,29,19
495,29,20
496,29,21
497,29,22
498,29,23
499,30,0
500,30,1
501,30,2
502,30,3
503,30,4
504,30,5
505,30,6
506,30,15
507,30,16
508,30,17
509,30,18
510,30,19
511,30,20
512,30,21
513,30,22
514,30,23
515,31,0
516,31,1
517,31,2
518,31,3
519,31,4
520,31,5
521,31,6
522,31,15
523,31,16
524,31,17
525,31,18
526,31,19
527,31,20
528,31,21
529,31,22
530,31,23
531,32,0
532,32,1
533,32,2
534,32,3
535,32,4
536,32,5
537,32,6
538,32,15
539,32,16
540,32,17
541,32,18
542,32,19
543,32,20
544,32,21
545,32,22
546,32,23
547,33,0
548,33,1
549,33,2
550,33,3
551,33,4
552,33,5
553,33,6
554,33,15
555,33,16
556,33,17
557,33,18
558,33,19
559,33,20
560,33,21
561,33,22
562,33,23
563,34,0
564,34,1
565,34,2
566,34,3
567,34,4
568,34,5
569,34,6
570,34,15
571,34,16
572,34,17
573,34,18
574,34,19
575,34,20
576,34,21
577,34,22
578,34,23
579,35,0
580,35,1
581,35,2
582,35,3
583,35,4
584,35,5
585,35,6
586,35,15
587,35,16
588,35,17
589,35,18
590,35,19
591,35,20
592,35,21
593,35,22
594,35,23
595,36,0
596,36,1
597,36,2
598,36,3
599,36,4
600,36,5
601,36,6
602,36,15
603,36,16
604,36,17
605,36,18
606,36,19
607,36,20
608,36,21
609,36,22
610,36,23
611,37,0
612,37,1
613,37,2
614,37,3
615,37,4
616,37,5
617,37,6
618,37,15
619,37,16
620,37,17
621,37,18
622,37,19
623,37,20
624,37,21
625,37,22
626,37,23
627,38,0
628,38,1
629,38,2
630,38,3
631,38,4
632,38,5
633,38,6
634,38,15
635,38,16
636,38,17
637,38,18
638,38,19
639,38,20
640,38,21
641,38,22
642,38,23
643,39,0
644,39,1
645,39,2
646,39,3
647,39,4
648,39,5
649,39,6
650,39,15
651,39,16
652,39,17
653,39,18
654,39,19
655,39,20
656,39,21
657,39,22
658,39,23
659,40,0
660,40,1
661,40,2
662,40,3
663,40,4
664,40,5
665,40,6
666,40,15
667,40,16
668,40,17
669,40,18
670,40,19
671,40,20
672,40,21
673,40,22
674,40,23
675,41,0
676,41,1
677,41,2
678,41,3
679,41,4
680,41,5
681,41,6
682,41,15
683,41,16
684,41,17
685,41,18
686,41,19
687,41,20
688,41,21
689,41,22
690,41,23
691,42,0
692,42,1
693,42,2
694,42,3
695,42,4
696,42,5
697,42,6
698,42,15
699,42,16
700,42,17
701,42,18
702,42,19
703,42,20
704,42,21
705,42,22
706,42,23
707,43,0
708,43,1
709,43,2
710,43,3
711,43,4
712,43,5
713,43,6
714,43,15
715,43,16
716,43,17
717,43,18
718,43,19
719,43,20
720,43,21
721,43,22
722,43,23
723,44,0
724,44,1
725,44,2
726,44,3
727,44,4
728,44,5
729,44,6
730,44,15
731,44,16
732,44,17
733,44,18
734,44,19
735,44,20
736,44,21
737,44,22
738,44,23
739,45,0
740,45,1
741,45,2
742,45,3
743,45,4
744,45,5
745,45,6
746,45,15
747,45,16
748,45,17
749,45,18
750,45,19
751,45,20
752,45,21
753,45,22
754,45,23
755,46,0
756,46,1
757,46,2
758,46,3
759,46,4
760,46,5
761,46,6
762,46,15
763,46,16
764,46,17
765,46,18
766,46,19
767,46,20
768,46,21
769,46,22
770,46,23
771,47,0
772,47,1
773,47,2
774,47,3
775,47,4
776,47,5
777,47,6
778,47,15
779,47,16
780,47,17
781,47,18
782,47,19
783,47,20
784,47,21
785,47,22
786,47,23
787,48,0
788,48,1
789,48,2
790,48,3
791,48,4
792,48,5
793,48,6
794,48,15
795,48,16
796,48,17
797,48,18
798,48,19
799,48,20
800,48,21
801,48,22
802,48,23
803,49,0
804,49,1
805,49,2
806,49,3
807,49,4
808,49,5
809,49,6
810,49,15
811,49,16
812,49,17
813,49,18
814,49,19
815,49,20
816,49,21
817,49,22
818,49,23
819,50,0
820,50,1
821,50,2
822,50,3
823,50,4
824,50,5
825,50,6
826,50,15
827,50,16
828,50,17
829,50,18
830,50,19
831,50,20
832,50,21
833,50,22
834,50,23
835,51,0
836,51,1
837,51,2
838,51,3
839,51,4
840,51,5
841,51,6
842,51,15
843,51,16
844,51,17
845,51,18
846,51,19
847,51,20
848,51,21
849,51,22
850,51,23
851,52,0
852,52,1
853,52,2
854,52,3
855,52,4
856,52,5
857,52,6
858,52,15
859,52,16
860,52,17
861,52,18
862,52,19
863,52,20
864,52,21
865,52,22
866,52,23
867,53,0
868,53,1
869,53,2
870,53,3
871,53,4
872,53,5
873,53,6
874,53,15
875,53,16
876,53,17
877,53,18
878,53,19
879,53,20
880,53,21
881,53,22
882,53,23
883,54,0
884,54,1
885,54,2
886,54,3
887,54,4
888,54,5
889,54,6
890,54,15
891,54,16
892,54,17
893,54,18
894,54,19
895,54,20
896,54,21
897,54,22
898,54,23
899,55,0
900,55,1
901,55,2
902,55,3
903,55,4
904,55,5
905,55,16
906,55,17
907,55,18
908,55,19
909,55,20
910,55,21
911,55,22
912,55,23
913,56,0
914,56,1
915,56,2
916,56,3
917,56,4
918,56,5
919,56,16
920,56,17
921,56,18
922,56,19
923,56,20
924,56,21
925,56,22
926,56,23
927,57,0
928,57,1
929,57,2
930,57,3
931,57,4
932,57,5
933,57,16
934,57,17
935,57,18
936,57,19
937,57,20
938,57,21
939,57,22
940,57,23
941,58,0
942,58,1
943,58,2
944,58,3
945,58,4
946,58,5
947,58,16
948,58,17
949,58,18
950,58,19
951,58,20
952,58,21
953,58,22
954,58,23
955,59,0
956,59,1
957,59,2
958,59,3
959,59,4
960,59,5
961,59,16
962,59,17
963,59,18
964,59,19
965,59,20
966,59,21
967,59,22
968,59,23
969,60,0
970,60,1
971,60,2
972,60,3
973,60,4
974,60,5
975,60,16
976,60,17
977,60,18
978,60,19
979,60,20
980,60,21
981,60,22
982,60,23
983,61,0
984,61,1
985,61,2
986,61,3
987,61,4
988,61,5
989,61,16
990,61,17
991,61,18
992,61,19
993,61,20
994,61,21
995,61,22
996,61,23
997,62,0
998,62,1
999,62,2
1000,62,3
1001,62,4
1002,62,5
1003,62,16
1004,62,17
1005,62,18
1006,62,19
1007,62,20
1008,62,21
1009,62,22
1010,62,23
1011,63,0
1012,63,1
1013,63,2
1014,63,3
1015,63,4
1016,63,5
1017,63,16
1018,63,17
1019,63,18
1020,63,19
1021,63,20
1022,63,21
1023,63,22
1024,63,23
1025,64,0
1026,64,1
1027,64,2
1028,64,3
1029,64,4
1030,64,5
1031,64,16
1032,64,17
1033,64,18
1034,64,19
1035,64,20
1036,64,21
1037,64,22
1038,64,23
1039,65,0
1040,65,1
1041,65,2
1042,65,3
1043,65,4
1044,65,5
1045,65,16
1046,65,17
1047,65,18
1048,65,19
1049,65,20
1050,65,21
1051,65,22
1052,65,23
1053,66,0
1054,66,1
1055,66,2
1056,66,3
1057,66,4
1058,66,5
1059,66,16
1060,66,17
1061,66,18
1062,66,19
1063,66,20
1064,66,21
1065,66,22
1066,66,23
1067,67,0
1068,67,1
1069,67,2
1070,67,3
1071,67,4
1072,67,5
1073,67,16
1074,67,17
1075,67,18
1076,67,19
1077,67,20
1078,67,21
1079,67,22
1080,67,23
1081,68,0
1082,68,1
1083,68,2
1084,68,3
1085,68,4
1086,68,5
1087,68,16
1088,68,17
1089,68,18
1090,68,19
1091,68,20
1092,68,21
1093,68,22
1094,68,23
1095,69,0
1096,69,1
1097,69,2
1098,69,3
1099,69,4
1100,69,5
1101,69,16
1102,69,17
1103,69,18
1104,69,19
1105,69,20
1106,69,21
1107,69,22
1108,69,23
1109,70,0
1110,70,1
1111,70,2
1112,70,3
1113,70,4
1114,70,5
1115,70,16
1116,70,17
1117,70,18
1118,70,19
1119,70,20
1120,70,21
1121,70,22
1122,70,23
1123,71,0
1124,71,1
1125,71,2
1126,71,3
1127,71,4
1128,71,5
1129,71,16
1130,71,17
1131,71,18
1132,71,19
1133,71,20
1134,71,21
1135,71,22
1136,71,23
1137,72,0
1138,72,1
1139,72,2
1140,72,3
1141,72,4
1142,72,5
1143,72,16
1144,72,17
1145,72,18
1146,72,19
1147,72,20
1148,72,21
1149,72,22
1150,72,23
1151,73,0
1152,73,1
1153,73,2
1154,73,3
1155,73,4
1156,73,5
1157,73,16
1158,73,17
1159,73,18
1160,73,19
1161,73,20
1162,73,21
1163,73,22
1164,73,23
1165,74,0
1166,74,1
1167,74,2
1168,74,3
1169,74,4
1170,74,5
1171,74,16
1172,74,17
1173,74,18
1174,74,19
1175,74,20
1176,74,21
1177,74,22
1178,74,23
1179,75,0
1180,75,1
1181,75,2
1182,75,3
1183,75,4
1184,75,5
1185,75,16
1186,75,17
1187,75,18
1188,75,19
1189,75,20
1190,75,21
1191,75,22
1192,75,23
1193,76,0
1194,76,1
1195,76,2
1196,76,3
1197,76,4
1198,76,5
1199,76,16
1200,76,17
1201,76,18
1202,76,19
1203,76,20
1204,76,21
1205,76,22
1206,76,23
1207,77,0
1208,77,1
1209,77,2
1210,77,3
1211,77,4
1212,77,5
1213,77,16
1214,77,17
1215,77,18
1216,77,19
1217,77,20
1218,77,21
1219,77,22
1220,77,23
1221,78,0
1222,78,1
1223,78,2
1224,78,3
1225,78,4
1226,78,5
1227,78,16
1228,78,17
1229,78,18
1230,78,19
1231,78,20
1232,78,21
1233,78,22
1234,78,23
1235,79,0
1236,79,1
1237,79,2
1238,79,3
1239,79,4
1240,79,5
1241,79,16
1242,79,17
1243,79,18
1244,79,19
1245,79,20
1246,79,21
1247,79,22
1248,79,23
1249,80,0
1250,80,1
1251,80,2
1252,80,3
1253,80,4
1254,80,5
1255,80,16
1256,80,17
1257,80,18
1258,80,19
1259,80,20
1260,80,21
1261,80,22
1262,80,23
1263,81,0
1264,81,1
1265,81,2
1266,81,3
1267,81,4
1268,81,5
1269,81,16
1270,81,17
1271,81,18
1272,81,19
1273,81,20
1274,81,21
1275,81,22
1276,81,23
1277,82,0
1278,82,1
1279,82,2
1280,82,3
1281,82,4
1282,82,5
1283,82,16
1284,82,17
1285,82,18
1286,82,19
1287,82,20
1288,82,21
1289,82,22
1290,82,23
1291,83,0
1292,83,1
1293,83,2
1294,83,3
1295,83,4
1296,83,5
1297,83,16
1298,83,17
1299,83,18
1300,83,19
1301,83,20
1302,83,21
1303,83,22
1304,83,23
1305,84,0
1306,84,1
1307,84,2
1308,84,3
1309,84,4
1310,84,5
1311,84,16
1312,84,17
1313,84,18
1314,84,19
1315,84,20
1316,84,21
1317,84,22
1318,84,23
1319,85,0
1320,85,1
1321,85,2
1322,85,3
1323,85,4
1324,85,5
1325,85,16
1326,85,17
1327,85,18
1328,85,19
1329,85,20
1330,85,21
1331,85,22
1332,85,23
1333,86,0
1334,86,1
1335,86,2
1336,86,3
1337,86,4
1338,86,5
1339,86,16
1340,86,17
1341,86,18
1342,86,19
1343,86,20
1344,86,21
1345,86,22
1346,86,23
1347,87,0
1348,87,1
1349,87,2
1350,87,3
1351,87,4
1352,87,5
1353,87,16
1354,87,17
1355,87,18
1356,87,19
1357,87,20
1358,87,21
1359,87,22
1360,87,23
1361,88,0
1362,88,1
1363,88,2
1364,88,3
1365,88,4
1366,88,5
1367,88,16
1368,88,17
1369,88,18
1370,88,19
1371,88,20
1372,88,21
1373,88,22
1374,88,23
1375,89,0
1376,89,1
1377,89,2
1378,89,3
1379,89,4
1380,89,5
1381,89,16
1382,89,17
1383,89,18
1384,89,19
1385,89,20
1386,89,21
1387,89,22
1388,89,23
1389,90,0
1390,90,1
1391,90,2
1392,90,3
1393,90,4
1394,90,5
1395,90,16
1396,90,17
1397,90,18
1398,90,19
1399,90,20
1400,90,21
1401,90,22
1402,90,23
1403,91,0
1404,91,1
1405,91,2
1406,91,3
1407,91,4
1408,91,16
1409,91,17
1410,91,18
1411,91,19
1412,91,20
1413,91,21
1414,91,22
1415,91,23
1416,92,0
1417,92,1
1418,92,2
1419,92,3
1420,92,4
1421,92,17
1422,92,18
1423,92,19
1424,92,20
1425,92,21
1426,92,22
1427,92,23
1428,93,0
1429,93,1
1430,93,2
1431,93,3
1432,93,4
1433,93,17
1434,93,18
1435,93,19
1436,93,20
1437,93,21
1438,93,22
1439,93,23
1440,94,0
1441,94,1
1442,94,2
1443,94,3
1444,94,4
1445,94,17
1446,94,18
1447,94,19
1448,94,20
1449,94,21
1450,94,22
1451,94,23
1452,95,0
1453,95,1
1454,95,2
1455,95,3
1456,95,4
1457,95,5
1458,95,16
1459,95,17
1460,95,18
1461,95,19
1462,95,20
1463,95,21
1464,95,22
1465,95,23
1466,96,0
1467,96,1
1468,96,2
1469,96,3
1470,96,4
1471,96,5
1472,96,16
1473,96,17
1474,96,18
1475,96,19
1476,96,20
1477,96,21
1478,96,22
1479,96,23
1480,97,0
1481,97,1
1482,97,2
1483,97,3
1484,97,4
1485,97,17
1486,97,18
1487,97,19
1488,97,20
1489,97,21
1490,97,22
1491,97,23
1492,98,0
1493,98,1
1494,98,2
1495,98,3
1496,98,4
1497,98,17
1498,98,18
1499,98,19
1500,98,20
1501,98,21
1502,98,22
1503,98,23
1504,99,0
1505,99,1
1506,99,2
1507,99,3
1508,99,4
1509,99,17
1510,99,18
1511,99,19
1512,99,20
1513,99,21
1514,99,22
1515,99,23
1516,100,0
1517,100,1
1518,100,2
1519,100,3
1520,100,4
1521,100,17
1522,100,18
1523,100,19
1524,100,20
1525,100,21
1526,100,22
1527,100,23
1528,101,0
1529,101,1
1530,101,2
1531,101,3
1532,101,4
1533,101,17
1534,101,18
1535,101,19
1536,101,20
1537,101,21
1538,101,22
1539,101,23
1540,102,0
1541,102,1
1542,102,2
1543,102,3
1544,102,4
1545,102,17
1546,102,18
1547,102,19
1548,102,20
1549,102,21
1550,102,22
1551,102,23
1552,103,0
1553,103,1
1554,103,2
1555,103,3
1556,103,4
1557,103,17
1558,103,18
1559,103,19
1560,103,20
1561,103,21
1562,103,22
1563,103,23
1564,104,0
1565,104,1
1566,104,2
1567,104,3
1568,104,4
1569,104,17
1570,104,18
1571,104,19
1572,104,20
1573,104,21
1574,104,22
1575,104,23
1576,105,0
1577,105,1
1578,105,2
1579,105,3
1580,105,4
1581,105,17
1582,105,18
1583,105,19
1584,105,20
1585,105,21
1586,105,22
1587,105,23
1588,106,0
1589,106,1
1590,106,2
1591,106,3
1592,106,4
1593,106,17
1594,106,18
1595,106,19
1596,106,20
1597,106,21
1598,106,22
1599,106,23
1600,107,0
1601,107,1
1602,107,2
1603,107,3
1604,107,4
1605,107,17
1606,107,18
1607,107,19
1608,107,20
1609,107,21
1610,107,22
1611,107,23
1612,108,0
1613,108,1
1614,108,2
1615,108,3
1616,108,4
1617,108,17
1618,108,18
1619,108,19
1620,108,20
1621,108,21
1622,108,22
1623,108,23
1624,109,0
1625,109,1
1626,109,2
1627,109,3
1628,109,4
1629,109,17
1630,109,18
1631,109,19
1632,109,20
1633,109,21
1634,109,22
1635,109,23
1636,110,0
1637,110,1
1638,110,2
1639,110,3
1640,110,4
1641,110,17
1642,110,18
1643,110,19
1644,110,20
1645,110,21
1646,110,22
1647,110,23
1648,111,0
1649,111,1
1650,111,2
1651,111,3
1652,111,4
1653,111,17
1654,111,18
1655,111,19
1656,111,20
1657,111,21
1658,111,22
1659,111,23
1660,112,0
1661,112,1
1662,112,2
1663,112,3
1664,112,4
1665,112,17
1666,112,18
1667,112,19
1668,112,20
1669,112,21
1670,112,22
1671,112,23
1672,113,0
1673,113,1
1674,113,2
1675,113,3
1676,113,4
1677,113,17
1678,113,18
1679,113,19
1680,113,20
1681,113,21
1682,113,22
1683,113,23
1684,114,0
1685,114,1
1686,114,2
1687,114,3
1688,114,4
1689,114,17
1690,114,18
1691,114,19
1692,114,20
1693,114,21
1694,114,22
1695,114,23
1696,115,0
1697,115,1
1698,115,2
1699,115,3
1700,115,4
1701,115,17
1702,115,18
1703,115,19
1704,115,20
1705,115,21
1706,115,22
1707,115,23
1708,116,0
1709,116,1
1710,116,2
1711,116,3
1712,116,4
1713,116,17
1714,116,18
1715,116,19
1716,116,20
1717,116,21
1718,116,22
1719,116,23
1720,117,0
1721,117,1
1722,117,2
1723,117,3
1724,117,4
1725,117,17
1726,117,18
1727,117,19
1728,117,20
1729,117,21
1730,117,22
1731,117,23
1732,118,0
1733,118,1
1734,118,2
1735,118,3
1736,118,4
1737,118,17
1738,118,18
1739,118,19
1740,118,20
1741,118,21
1742,118,22
1743,118,23
1744,119,0
1745,119,1
1746,119,2
1747,119,3
1748,119,4
1749,119,17
1750,119,18
1751,119,19
1752,119,20
1753,119,21
1754,119,22
1755,119,23
1756,120,0
1757,120,1
1758,120,2
1759,120,3
1760,120,4
1761,120,17
1762,120,18
1763,120,19
1764,120,20
1765,120,21
1766,120,22
1767,120,23
1768,121,0
1769,121,1
1770,121,2
1771,121,3
1772,121,4
1773,121,17
1774,121,18
1775,121,19
1776,121,20
1777,121,21
1778,121,22
1779,121,23
1780,122,0
1781,122,1
1782,122,2
1783,122,3
1784,122,4
1785,122,17
1786,122,18
1787,122,19
1788,122,20
1789,122,21
1790,122,22
1791,122,23
1792,123,0
1793,123,1
1794,123,2
1795,123,3
1796,123,4
1797,123,17
1798,123,18
1799,123,19
1800,123,20
1801,123,21
1802,123,22
1803,123,23
1804,124,0
1805,124,1
1806,124,2
1807,124,3
1808,124,4
1809,124,17
1810,124,18
1811,124,19
1812,124,20
1813,124,21
1814,124,22
1815,124,23
1816,125,0
1817,125,1
1818,125,2
1819,125,3
1820,125,4
1821,125,17
1822,125,18
1823,125,19
1824,125,20
1825,125,21
1826,125,22
1827,125,23
1828,126,0
1829,126,1
1830,126,2
1831,126,3
1832,126,4
1833,126,17
1834,126,18
1835,126,19
1836,126,20
1837,126,21
1838,126,22
1839,126,23
1840,127,0
1841,127,1
1842,127,2
1843,127,3
1844,127,4
1845,127,17
1846,127,18
1847,127,19
1848,127,20
1849,127,21
1850,127,22
1851,127,23
1852,128,0
1853,128,1
1854,128,2
1855,128,3
1856,128,4
1857,128,17
1858,128,18
1859,128,19
1860,128,20
1861,128,21
1862,128,22
1863,128,23
1864,129,0
1865,129,1
1866,129,2
1867,129,3
1868,129,4
1869,129,17
1870,129,18
1871,129,19
1872,129,20
1873,129,21
1874,129,22
1875,129,23
1876,130,0
1877,130,1
1878,130,2
1879,130,3
1880,130,4
1881,130,17
1882,130,18
1883,130,19
1884,130,20
1885,130,21
1886,130,22
1887,130,23
1888,131,0
1889,131,1
1890,131,2
1891,131,3
1892,131,4
1893,131,17
1894,131,18
1895,131,19
1896,131,20
1897,131,21
1898,131,22
1899,131,23
1900,132,0
1901,132,1
1902,132,2
1903,132,3
1904,132,4
1905,132,17
1906,132,18
1907,132,19
1908,132,20
1909,132,21
1910,132,22
1911,132,23
1912,133,0
1913,133,1
1914,133,2
1915,133,3
1916,133,4
1917,133,17
1918,133,18
1919,133,19
1920,133,20
1921,133,21
1922,133,22
1923,133,23
1924,134,0
1925,134,1
1926,134,2
1927,134,3
1928,134,4
1929,134,17
1930,134,18
1931,134,19
1932,134,20
1933,134,21
1934,134,22
1935,134,23
1936,135,0
1937,135,1
1938,135,2
1939,135,3
1940,135,4
1941,135,17
1942,135,18
1943,135,19
1944,135,20
1945,135,21
1946,135,22
1947,135,23
1948,136,0
1949,136,1
1950,136,2
1951,136,3
1952,136,4
1953,136,17
1954,136,18
1955,136,19
1956,136,20
1957,136,21
1958,136,22
1959,136,23
1960,137,0
1961,137,1
1962,137,2
1963,137,3
1964,137,4
1965,137,17
1966,137,18
1967,137,19
1968,137,20
1969,137,21
1970,137,22
1971,137,23
1972,138,0
1973,138,1
1974,138,2
1975,138,3
1976,138,4
1977,138,17
1978,138,18
1979,138,19
1980,138,20
1981,138,21
1982,138,22
1983,138,23
1984,139,0
1985,139,1
1986,139,2
1987,139,3
1988,139,4
1989,139,17
1990,139,18
1991,139,19
1992,139,20
1993,139,21
1994,139,22
1995,139,23
1996,140,0
1997,140,1
1998,140,2
1999,140,3
2000,140,4
2001,140,17
2002,140,18
2003,140,19
2004,140,20
2005,140,21
2006,140,22
2007,140,23
2008,141,0
2009,141,1
2010,141,2
2011,141,3
2012,141,4
2013,141,17
2014,141,18
2015,141,19
2016,141,20
2017,141,21
2018,141,22
2019,141,23
2020,142,0
2021,142,1
2022,142,2
2023,142,3
2024,142,4
2025,142,17
2026,142,18
2027,142,19
2028,142,20
2029,142,21
2030,142,22
2031,142,23
2032,143,0
2033,143,1
2034,143,2
2035,143,3
2036,143,17
2037,143,18
2038,143,19
2039,143,20
2040,143,21
2041,143,22
2042,143,23
2043,144,0
2044,144,1
2045,144,2
2046,144,3
2047,144,17
2048,144,18
2049,144,19
2050,144,20
2051,144,21
2052,144,22
2053,144,23
2054,145,0
2055,145,1
2056,145,2
2057,145,3
2058,145,18
2059,145,19
2060,145,20
2061,145,21
2062,145,22
2063,145,23
2064,146,0
2065,146,1
2066,146,2
2067,146,3
2068,146,17
2069,146,18
2070,146,19
2071,146,20
2072,146,21
2073,146,22
2074,146,23
2075,147,0
2076,147,1
2077,147,2
2078,147,3
2079,147,17
2080,147,18
2081,147,19
2082,147,20
2083,147,21
2084,147,22
2085,147,23
2086,148,0
2087,148,1
2088,148,2
2089,148,3
2090,148,17
2091,148,18
2092,148,19
2093,148,20
2094,148,21
2095,148,22
2096,148,23
2097,149,0
2098,149,1
2099,149,2
2100,149,3
2101,149,17
2102,149,18
2103,149,19
2104,149,20
2105,149,21
2106,149,22
2107,149,23
2108,150,0
2109,150,1
2110,150,2
2111,150,3
2112,150,18
2113,150,19
2114,150,20
2115,150,21
2116,150,22
2117,150,23
2118,151,0
2119,151,1
2120,151,2
2121,151,3
2122,151,18
2123,151,19
2124,151,20
2125,151,21
2126,151,22
2127,151,23
2128,152,0
2129,152,1
2130,152,2
2131,152,3
2132,152,18
2133,152,19
2134,152,20
2135,152,21
2136,152,22
2137,152,23
2138,153,0
2139,153,1
2140,153,2
2141,153,3
2142,153,17
2143,153,18
2144,153,19
2145,153,20
2146,153,21
2147,153,22
2148,153,23
2149,154,0
2150,154,1
2151,154,2
2152,154,3
2153,154,18
2154,154,19
2155,154,20
2156,154,21
2157,154,22
2158,154,23
2159,155,0
2160,155,1
2161,155,2
2162,155,3
2163,155,18
2164,155,19
2165,155,20
2166,155,21
2167,155,22
2168,155,23
2169,156,0
2170,156,1
2171,156,2
2172,156,3
2173,156,18
2174,156,19
2175,156,20
2176,156,21
2177,156,22
2178,156,23
2179,157,0
2180,157,1
2181,157,2
2182,157,3
2183,157,18
2184,157,19
2185,157,20
2186,157,21
2187,157,22
2188,157,23
2189,158,0
2190,158,1
2191,158,2
2192,158,3
2193,158,18
2194,158,19
2195,158,20
2196,158,21
2197,158,22
2198,158,23
2199,159,0
2200,159,1
2201,159,2
2202,159,3
2203,159,18
2204,159,19
2205,159,20
2206,159,21
2207,159,22
2208,159,23
2209,160,0
2210,160,1
2211,160,2
2212,160,3
2213,160,18
2214,160,19
2215,160,20
2216,160,21
2217,160,22
2218,160,23
2219,161,0
2220,161,1
2221,161,2
2222,161,3
2223,161,18
2224,161,19
2225,161,20
2226,161,21
2227,161,22
2228,161,23
2229,162,0
2230,162,1
2231,162,2
2232,162,3
2233,162,18
2234,162,19
2235,162,20
2236,162,21
2237,162,22
2238,162,23
2239,163,0
2240,163,1
2241,163,2
2242,163,3
2243,163,18
2244,163,19
2245,163,20
2246,163,21
2247,163,22
2248,163,23
2249,164,0
2250,164,1
2251,164,2
2252,164,3
2253,164,18
2254,164,19
2255,164,20
2256,164,21
2257,164,22
2258,164,23
2259,165,0
2260,165,1
2261,165,2
2262,165,3
2263,165,18
2264,165,19
2265,165,20
2266,165,21
2267,165,22
2268,165,23
2269,166,0
2270,166,1
2271,166,2
2272,166,3
2273,166,18
2274,166,19
2275,166,20
2276,166,21
2277,166,22
2278,166,23
2279,167,0
2280,167,1
2281,167,2
2282,167,3
2283,167,18
2284,167,19
2285,167,20
2286,167,21
2287,167,22
2288,167,23
2289,168,0
2290,168,1
2291,168,2
2292,168,3
2293,168,18
2294,168,19
2295,168,20
2296,168,21
2297,168,22
2298,168,23
2299,169,0
2300,169,1
2301,169,2
2302,169,3
2303,169,18
2304,169,19
2305,169,20
2306,169,21
2307,169,22
2308,169,23
2309,170,0
2310,170,1
2311,170,2
2312,170,3
2313,170,18
2314,170,19
2315,170,20
2316,170,21
2317,170,22
2318,170,23
2319,171,0
2320,171,1
2321,171,2
2322,171,3
2323,171,18
2324,171,19
2325,171,20
2326,171,21
2327,171,22
2328,171,23
2329,172,0
2330,172,1
2331,172,2
2332,172,3
2333,172,18
2334,172,19
2335,172,20
2336,172,21
2337,172,22
2338,172,23
2339,173,0
2340,173,1
2341,173,2
2342,173,3
2343,173,18
2344,173,19
2345,173,20
2346,173,21
2347,173,22
2348,173,23
2349,174,0
2350,174,1
2351,174,2
2352,174,3
2353,174,18
2354,174,19
2355,174,20
2356,174,21
2357,174,22
2358,174,23
2359,175,0
2360,175,1
2361,175,2
2362,175,3
2363,175,18
2364,175,19
2365,175,20
2366,175,21
2367,175,22
2368,175,23
2369,176,0
2370,176,1
2371,176,2
2372,176,3
2373,176,18
2374,176,19
2375,176,20
2376,176,21
2377,176,22
2378,176,23
2379,177,0
2380,177,1
2381,177,2
2382,177,3
2383,177,18
2384,177,19
2385,177,20
2386,177,21
2387,177,22
2388,177,23
2389,178,0
2390,178,1
2391,178,2
2392,178,3
2393,178,18
2394,178,19
2395,178,20
2396,178,21
2397,178,22
2398,178,23
2399,179,0
2400,179,1
2401,179,2
2402,179,3
2403,179,18
2404,179,19
2405,179,20
2406,179,21
2407,179,22
2408,179,23
2409,180,0
2410,180,1
2411,180,2
2412,180,3
2413,180,18
2414,180,19
2415,180,20
2416,180,21
2417,180,22
2418,180,23
2419,181,0
2420,181,1
2421,181,2
2422,181,3
2423,181,18
2424,181,19
2425,181,20
2426,181,21
2427,181,22
2428,181,23
2429,182,0
2430,182,1
2431,182,2
2432,182,3
2433,182,18
2434,182,19
2435,182,20
2436,182,21
2437,182,22
2438,182,23
2439,183,0
2440,183,1
2441,183,2
2442,183,3
2443,183,18
2444,183,19
2445,183,20
2446,183,21
2447,183,22
2448,183,23
2449,184,0
2450,184,1
2451,184,2
2452,184,3
2453,184,18
2454,184,19
2455,184,20
2456,184,21
2457,184,22
2458,184,23
2459,185,0
2460,185,1
2461,185,2
2462,185,3
2463,185,18
2464,185,19
2465,185,20
2466,185,21
2467,185,22
2468,185,23
2469,186,0
2470,186,1
2471,186,2
2472,186,3
2473,186,18
2474,186,19
2475,186,20
2476,186,21
2477,186,22
2478,186,23
2479,187,0
2480,187,1
2481,187,2
2482,187,3
2483,187,18
2484,187,19
2485,187,20
2486,187,21
2487,187,22
2488,187,23
2489,188,0
2490,188,1
2491,188,2
2492,188,3
2493,188,18
2494,188,19
2495,188,20
2496,188,21
2497,188,22
2498,188,23
2499,189,0
2500,189,1
2501,189,2
2502,189,3
2503,189,18
2504,189,19
2505,189,20
2506,189,21
2507,189,22
2508,189,23
2509,190,0
2510,190,1
2511,190,2
2512,190,3
2513,190,18
2514,190,19
2515,190,20
2516,190,21
2517,190,22
2518,190,23
2519,191,0
2520,191,1
2521,191,2
2522,191,3
2523,191,18
2524,191,19
2525,191,20
2526,191,21
2527,191,22
2528,191,23
2529,192,0
2530,192,1
2531,192,2
2532,192,3
2533,192,18
2534,192,19
2535,192,20
2536,192,21
2537,192,22
2538,192,23
2539,193,0
2540,193,1
2541,193,2
2542,193,3
2543,193,18
2544,193,19
2545,193,20
2546,193,21
2547,193,22
2548,193,23
2549,194,0
2550,194,1
2551,194,2
2552,194,3
2553,194,18
2554,194,19
2555,194,20
2556,194,21
2557,194,22
2558,194,23
2559,195,0
2560,195,1
2561,195,2
2562,195,3
2563,195,18
2564,195,19
2565,195,20
2566,195,21
2567,195,22
2568,195,23
2569,196,0
2570,196,1
2571,196,2
2572,196,3
2573,196,18
2574,196,19
2575,196,20
2576,196,21
2577,196,22
2578,196,23
2579,197,0
2580,197,1
2581,197,2
2582,197,3
2583,197,18
2584,197,19
2585,197,20
2586,197,21
2587,197,22
2588,197,23
2589,198,0
2590,198,1
2591,198,2
2592,198,3
2593,198,17
2594,198,18
2595,198,19
2596,198,20
2597,198,21
2598,198,22
2599,198,23
2600,199,0
2601,199,1
2602,199,2
2603,199,3
2604,199,17
2605,199,18
2606,199,19
2607,199,20
2608,199,21
2609,199,22
2610,199,23
2611,200,0
2612,200,1
2613,200,2
2614,200,3
2615,200,18
2616,200,19
2617,200,20
2618,200,21
2619,200,22
2620,200,23
2621,201,0
2622,201,1
2623,201,2
2624,201,3
2625,201,18
2626,201,19
2627,201,20
2628,201,21
2629,201,22
2630,201,23
2631,202,0
2632,202,1
2633,202,2
2634,202,3
2635,202,17
2636,202,18
2637,202,19
2638,202,20
2639,202,21
2640,202,22
2641,202,23
2642,203,0
2643,203,1
2644,203,2
2645,203,3
2646,203,17
2647,203,18
2648,203,19
2649,203,20
2650,203,21
2651,203,22
2652,203,23
2653,204,0
2654,204,1
2655,204,2
2656,204,3
2657,204,17
2658,204,18
2659,204,19
2660,204,20
2661,204,21
2662,204,22
2663,204,23
2664,205,0
2665,205,1
2666,205,2
2667,205,3
2668,205,17
2669,205,18
2670,205,19
2671,205,20
2672,205,21
2673,205,22
2674,205,23
2675,206,0
2676,206,1
2677,206,2
2678,206,3
2679,206,4
2680,206,17
2681,206,18
2682,206,19
2683,206,20
2684,206,21
2685,206,22
2686,206,23
2687,207,0
2688,207,1
2689,207,2
2690,207,3
2691,207,4
2692,207,17
2693,207,18
2694,207,19
2695,207,20
2696,207,21
2697,207,22
2698,207,23
2699,208,0
2700,208,1
2701,208,2
2702,208,3
2703,208,4
2704,208,17
2705,208,18
2706,208,19
2707,208,20
2708,208,21
2709,208,22
2710,208,23
2711,209,0
2712,209,1
2713,209,2
2714,209,3
2715,209,4
2716,209,17
2717,209,18
2718,209,19
2719,209,20
2720,209,21
2721,209,22
2722,209,23
2723,210,0
2724,210,1
2725,210,2
2726,210,3
2727,210,4
2728,210,17
2729,210,18
2730,210,19
2731,210,20
2732,210,21
2733,210,22
2734,210,23
2735,211,0
2736,211,1
2737,211,2
2738,211,3
2739,211,4
2740,211,17
2741,211,18
2742,211,19
2743,211,20
2744,211,21
2745,211,22
2746,211,23
2747,212,0
2748,212,1
2749,212,2
2750,212,3
2751,212,4
2752,212,17
2753,212,18
2754,212,19
2755,212,20
2756,212,21
2757,212,22
2758,212,23
2759,213,0
2760,213,1
2761,213,2
2762,213,3
2763,213,4
2764,213,17
2765,213,18
2766,213,19
2767,213,20
2768,213,21
2769,213,22
2770,213,23
2771,214,0
2772,214,1
2773,214,2
2774,214,3
2775,214,4
2776,214,17
2777,214,18
2778,214,19
2779,214,20
2780,214,21
2781,214,22
2782,214,23
2783,215,0
2784,215,1
2785,215,2
2786,215,3
2787,215,4
2788,215,17
2789,215,18
2790,215,19
2791,215,20
2792,215,21
2793,215,22
2794,215,23
2795,216,0
2796,216,1
2797,216,2
2798,216,3
2799,216,4
2800,216,17
2801,216,18
2802,216,19
2803,216,20
2804,216,21
2805,216,22
2806,216,23
2807,217,0
2808,217,1
2809,217,2
2810,217,3
2811,217,4
2812,217,17
2813,217,18
2814,217,19
2815,217,20
2816,217,21
2817,217,22
2818,217,23
2819,218,0
2820,218,1
2821,218,2
2822,218,3
2823,218,4
2824,218,17
2825,218,18
2826,218,19
2827,218,20
2828,218,21
2829,218,22
2830,218,23
2831,219,0
2832,219,1
2833,219,2
2834,219,3
2835,219,4
2836,219,17
2837,219,18
2838,219,19
2839,219,20
2840,219,21
2841,219,22
2842,219,23
2843,220,0
2844,220,1
2845,220,2
2846,220,3
2847,220,4
2848,220,17
2849,220,18
2850,220,19
2851,220,20
2852,220,21
2853,220,22
2854,220,23
2855,221,0
2856,221,1
2857,221,2
2858,221,3
2859,221,4
2860,221,17
2861,221,18
2862,221,19
2863,221,20
2864,221,21
2865,221,22
2866,221,23
2867,222,0
2868,222,1
2869,222,2
2870,222,3
2871,222,4
2872,222,17
2873,222,18
2874,222,19
2875,222,20
2876,222,21
2877,222,22
2878,222,23
2879,223,0
2880,223,1
2881,223,2
2882,223,3
2883,223,4
2884,223,17
2885,223,18
2886,223,19
2887,223,20
2888,223,21
2889,223,22
2890,223,23
2891,224,0
2892,224,1
2893,224,2
2894,224,3
2895,224,4
2896,224,17
2897,224,18
2898,224,19
2899,224,20
2900,224,21
2901,224,22
2902,224,23
2903,225,0
2904,225,1
2905,225,2
2906,225,3
2907,225,4
2908,225,17
2909,225,18
2910,225,19
2911,225,20
2912,225,21
2913,225,22
2914,225,23
2915,226,0
2916,226,1
2917,226,2
2918,226,3
2919,226,4
2920,226,17
2921,226,18
2922,226,19
2923,226,20
2924,226,21
2925,226,22
2926,226,23
2927,227,0
2928,227,1
2929,227,2
2930,227,3
2931,227,4
2932,227,17
2933,227,18
2934,227,19
2935,227,20
2936,227,21
2937,227,22
2938,227,23
2939,228,0
2940,228,1
2941,228,2
2942,228,3
2943,228,4
2944,228,17
2945,228,18
2946,228,19
2947,228,20
2948,228,21
2949,228,22
2950,228,23
2951,229,0
2952,229,1
2953,229,2
2954,229,3
2955,229,4
2956,229,17
2957,229,18
2958,229,19
2959,229,20
2960,229,21
2961,229,22
2962,229,23
2963,230,0
2964,230,1
2965,230,2
2966,230,3
2967,230,4
2968,230,17
2969,230,18
2970,230,19
2971,230,20
2972,230,21
2973,230,22
2974,230,23
2975,231,0
2976,231,1
2977,231,2
2978,231,3
2979,231,4
2980,231,17
2981,231,18
2982,231,19
2983,231,20
2984,231,21
2985,231,22
2986,231,23
2987,232,0
2988,232,1
2989,232,2
2990,232,3
2991,232,4
2992,232,17
2993,232,18
2994,232,19
2995,232,20
2996,232,21
2997,232,22
2998,232,23
2999,233,0
3000,233,1
3001,233,2
3002,233,3
3003,233,4
3004,233,17
3005,233,18
3006,233,19
3007,233,20
3008,233,21
3009,233,22
3010,233,23
3011,234,0
3012,234,1
3013,234,2
3014,234,3
3015,234,4
3016,234,17
3017,234,18
3018,234,19
3019,234,20
3020,234,21
3021,234,22
3022,234,23
3023,235,0
3024,235,1
3025,235,2
3026,235,3
3027,235,4
3028,235,17
3029,235,18
3030,235,19
3031,235,20
3032,235,21
3033,235,22
3034,235,23
3035,236,0
3036,236,1
3037,236,2
3038,236,3
3039,236,4
3040,236,17
3041,236,18
3042,236,19
3043,236,20
3044,236,21
3045,236,22
3046,236,23
3047,237,0
3048,237,1
3049,237,2
3050,237,3
3051,237,4
3052,237,17
3053,237,18
3054,237,19
3055,237,20
3056,237,21
3057,237,22
3058,237,23
3059,238,0
3060,238,1
3061,238,2
3062,238,3
3063,238,4
3064,238,17
3065,238,18
3066,238,19
3067,238,20
3068,238,21
3069,238,22
3070,238,23
3071,239,0
3072,239,1
3073,239,2
3074,239,3
3075,239,4
3076,239,17
3077,239,18
3078,239,19
3079,239,20
3080,239,21
3081,239,22
3082,239,23
3083,240,0
3084,240,1
3085,240,2
3086,240,3
3087,240,4
3088,240,17
3089,240,18
3090,240,19
3091,240,20
3092,240,21
3093,240,22
3094,240,23
3095,241,0
3096,241,1
3097,241,2
3098,241,3
3099,241,4
3100,241,17
3101,241,18
3102,241,19
3103,241,20
3104,241,21
3105,241,22
3106,241,23
3107,242,0
3108,242,1
3109,242,2
3110,242,3
3111,242,4
3112,242,17
3113,242,18
3114,242,19
3115,242,20
3116,242,21
3117,242,22
3118,242,23
3119,243,0
3120,243,1
3121,243,2
3122,243,3
3123,243,4
3124,243,17
3125,243,18
3126,243,19
3127,243,20
3128,243,21
3129,243,22
3130,243,23
3131,244,0
3132,244,1
3133,244,2
3134,244,3
3135,244,4
3136,244,17
3137,244,18
3138,244,19
3139,244,20
3140,244,21
3141,244,22
3142,244,23
3143,245,0
3144,245,1
3145,245,2
3146,245,3
3147,245,4
3148,245,17
3149,245,18
3150,245,19
3151,245,20
3152,245,21
3153,245,22
3154,245,23
3155,246,0
3156,246,1
3157,246,2
3158,246,3
3159,246,4
3160,246,17
3161,246,18
3162,246,19
3163,246,20
3164,246,21
3165,246,22
3166,246,23
3167,247,0
3168,247,1
3169,247,2
3170,247,3
3171,247,4
3172,247,17
3173,247,18
3174,247,19
3175,247,20
3176,247,21
3177,247,22
3178,247,23
3179,248,0
3180,248,1
3181,248,2
3182,248,3
3183,248,4
3184,248,17
3185,248,18
3186,248,19
3187,248,20
3188,248,21
3189,248,22
3190,248,23
3191,249,0
3192,249,1
3193,249,2
3194,249,3
3195,249,4
3196,249,17
3197,249,18
3198,249,19
3199,249,20
3200,249,21
3201,249,22
3202,249,23
3203,250,0
3204,250,1
3205,250,2
3206,250,3
3207,250,4
3208,250,17
3209,250,18
3210,250,19
3211,250,20
3212,250,21
3213,250,22
3214,250,23
3215,251,0
3216,251,1
3217,251,2
3218,251,3
3219,251,4
3220,251,17
3221,251,18
3222,251,19
3223,251,20
3224,251,21
3225,251,22
3226,251,23
3227,252,0
3228,252,1
3229,252,2
3230,252,3
3231,252,4
3232,252,17
3233,252,18
3234,252,19
3235,252,20
3236,252,21
3237,252,22
3238,252,23
3239,253,0
3240,253,1
3241,253,2
3242,253,3
3243,253,4
3244,253,17
3245,253,18
3246,253,19
3247,253,20
3248,253,21
3249,253,22
3250,253,23
3251,254,0
3252,254,1
3253,254,2
3254,254,3
3255,254,4
3256,254,17
3257,254,18
3258,254,19
3259,254,20
3260,254,21
3261,254,22
3262,254,23
3263,255,0
3264,255,1
3265,255,2
3266,255,3
3267,255,4
3268,255,16
3269,255,17
3270,255,18
3271,255,19
3272,255,20
3273,255,21
3274,255,22
3275,255,23
3276,256,0
3277,256,1
3278,256,2
3279,256,3
3280,256,4
3281,256,5
3282,256,16
3283,256,17
3284,256,18
3285,256,19
3286,256,20
3287,256,21
3288,256,22
3289,256,23
3290,257,0
3291,257,1
3292,257,2
3293,257,3
3294,257,4
3295,257,5
3296,257,16
3297,257,17
3298,257,18
3299,257,19
3300,257,20
3301,257,21
3302,257,22
3303,257,23
3304,258,0
3305,258,1
3306,258,2
3307,258,3
3308,258,4
3309,258,5
3310,258,16
3311,258,17
3312,258,18
3313,258,19
3314,258,20
3315,258,21
3316,258,22
3317,258,23
3318,259,0
3319,259,1
3320,259,2
3321,259,3
3322,259,4
3323,259,5
3324,259,16
3325,259,17
3326,259,18
3327,259,19
3328,259,20
3329,259,21
3330,259,22
3331,259,23
3332,260,0
3333,260,1
3334,260,2
3335,260,3
3336,260,4
3337,260,5
3338,260,16
3339,260,17
3340,260,18
3341,260,19
3342,260,20
3343,260,21
3344,260,22
3345,260,23
3346,261,0
3347,261,1
3348,261,2
3349,261,3
3350,261,4
3351,261,5
3352,261,16
3353,261,17
3354,261,18
3355,261,19
3356,261,20
3357,261,21
3358,261,22
3359,261,23
3360,262,0
3361,262,1
3362,262,2
3363,262,3
3364,262,4
3365,262,5
3366,262,16
3367,262,17
3368,262,18
3369,262,19
3370,262,20
3371,262,21
3372,262,22
3373,262,23
3374,263,0
3375,263,1
3376,263,2
3377,263,3
3378,263,4
3379,263,5
3380,263,16
3381,263,17
3382,263,18
3383,263,19
3384,263,20
3385,263,21
3386,263,22
3387,263,23
3388,264,0
3389,264,1
3390,264,2
3391,264,3
3392,264,4
3393,264,5
3394,264,16
3395,264,17
3396,264,18
3397,264,19
3398,264,20
3399,264,21
3400,264,22
3401,264,23
3402,265,0
3403,265,1
3404,265,2
3405,265,3
3406,265,4
3407,265,5
3408,265,16
3409,265,17
3410,265,18
3411,265,19
3412,265,20
3413,265,21
3414,265,22
3415,265,23
3416,266,0
3417,266,1
3418,266,2
3419,266,3
3420,266,4
3421,266,5
3422,266,16
3423,266,17
3424,266,18
3425,266,19
3426,266,20
3427,266,21
3428,266,22
3429,266,23
3430,267,0
3431,267,1
3432,267,2
3433,267,3
3434,267,4
3435,267,5
3436,267,16
3437,267,17
3438,267,18
3439,267,19
3440,267,20
3441,267,21
3442,267,22
3443,267,23
3444,268,0
3445,268,1
3446,268,2
3447,268,3
3448,268,4
3449,268,5
3450,268,16
3451,268,17
3452,268,18
3453,268,19
3454,268,20
3455,268,21
3456,268,22
3457,268,23
3458,269,0
3459,269,1
3460,269,2
3461,269,3
3462,269,4
3463,269,5
3464,269,16
3465,269,17
3466,269,18
3467,269,19
3468,269,20
3469,269,21
3470,269,22
3471,269,23
3472,270,0
3473,270,1
3474,270,2
3475,270,3
3476,270,4
3477,270,5
3478,270,16
3479,270,17
3480,270,18
3481,270,19
3482,270,20
3483,270,21
3484,270,22
3485,270,23
3486,271,0
3487,271,1
3488,271,2
3489,271,3
3490,271,4
3491,271,5
3492,271,16
3493,271,17
3494,271,18
3495,271,19
3496,271,20
3497,271,21
3498,271,22
3499,271,23
3500,272,0
3501,272,1
3502,272,2
3503,272,3
3504,272,4
3505,272,5
3506,272,16
3507,272,17
3508,272,18
3509,272,19
3510,272,20
3511,272,21
3512,272,22
3513,272,23
3514,273,0
3515,273,1
3516,273,2
3517,273,3
3518,273,4
3519,273,5
3520,273,16
3521,273,17
3522,273,18
3523,273,19
3524,273,20
3525,273,21
3526,273,22
3527,273,23
3528,274,0
3529,274,1
3530,274,2
3531,274,3
3532,274,4
3533,274,5
3534,274,16
3535,274,17
3536,274,18
3537,274,19
3538,274,20
3539,274,21
3540,274,22
3541,274,23
3542,275,0
3543,275,1
3544,275,2
3545,275,3
3546,275,4
3547,275,5
3548,275,16
3549,275,17
3550,275,18
3551,275,19
3552,275,20
3553,275,21
3554,275,22
3555,275,23
3556,276,0
3557,276,1
3558,276,2
3559,276,3
3560,276,4
3561,276,5
3562,276,16
3563,276,17
3564,276,18
3565,276,19
3566,276,20
3567,276,21
3568,276,22
3569,276,23
3570,277,0
3571,277,1
3572,277,2
3573,277,3
3574,277,4
3575,277,5
3576,277,16
3577,277,17
3578,277,18
3579,277,19
3580,277,20
3581,277,21
3582,277,22
3583,277,23
3584,278,0
3585,278,1
3586,278,2
3587,278,3
3588,278,4
3589,278,5
3590,278,16
3591,278,17
3592,278,18
3593,278,19
3594,278,20
3595,278,21
3596,278,22
3597,278,23
3598,279,0
3599,279,1
3600,279,2
3601,279,3
3602,279,4
3603,279,5
3604,279,16
3605,279,17
3606,279,18
3607,279,19
3608,279,20
3609,279,21
3610,279,22
3611,279,23
3612,280,0
3613,280,1
3614,280,2
3615,280,3
3616,280,4
3617,280,5
3618,280,16
3619,280,17
3620,280,18
3621,280,19
3622,280,20
3623,280,21
3624,280,22
3625,280,23
3626,281,0
3627,281,1
3628,281,2
3629,281,3
3630,281,4
3631,281,5
3632,281,16
3633,281,17
3634,281,18
3635,281,19
3636,281,20
3637,281,21
3638,281,22
3639,281,23
3640,282,0
3641,282,1
3642,282,2
3643,282,3
3644,282,4
3645,282,5
3646,282,16
3647,282,17
3648,282,18
3649,282,19
3650,282,20
3651,282,21
3652,282,22
3653,282,23
3654,283,0
3655,283,1
3656,283,2
3657,283,3
3658,283,4
3659,283,5
3660,283,16
3661,283,17
3662,283,18
3663,283,19
3664,283,20
3665,283,21
3666,283,22
3667,283,23
3668,284,0
3669,284,1
3670,284,2
3671,284,3
3672,284,4
3673,284,5
3674,284,16
3675,284,17
3676,284,18
3677,284,19
3678,284,20
3679,284,21
3680,284,22
3681,284,23
3682,285,0
3683,285,1
3684,285,2
3685,285,3
3686,285,4
3687,285,5
3688,285,16
3689,285,17
3690,285,18
3691,285,19
3692,285,20
3693,285,21
3694,285,22
3695,285,23
3696,286,0
3697,286,1
3698,286,2
3699,286,3
3700,286,4
3701,286,5
3702,286,16
3703,286,17
3704,286,18
3705,286,19
3706,286,20
3707,286,21
3708,286,22
3709,286,23
3710,287,0
3711,287,1
3712,287,2
3713,287,3
3714,287,4
3715,287,5
3716,287,16
3717,287,17
3718,287,18
3719,287,19
3720,287,20
3721,287,21
3722,287,22
3723,287,23
3724,288,0
3725,288,1
3726,288,2
3727,288,3
3728,288,4
3729,288,5
3730,288,6
3731,288,16
3732,288,17
3733,288,18
3734,288,19
3735,288,20
3736,288,21
3737,288,22
3738,288,23
3739,289,0
3740,289,1
3741,289,2
3742,289,3
3743,289,4
3744,289,5
3745,289,6
3746,289,16
3747,289,17
3748,289,18
3749,289,19
3750,289,20
3751,289,21
3752,289,22
3753,289,23
3754,290,0
3755,290,1
3756,290,2
3757,290,3
3758,290,4
3759,290,5
3760,290,6
3761,290,16
3762,290,17
3763,290,18
3764,290,19
3765,290,20
3766,290,21
3767,290,22
3768,290,23
3769,291,0
3770,291,1
3771,291,2
3772,291,3
3773,291,4
3774,291,5
3775,291,6
3776,291,16
3777,291,17
3778,291,18
3779,291,19
3780,291,20
3781,291,21
3782,291,22
3783,291,23
3784,292,0
3785,292,1
3786,292,2
3787,292,3
3788,292,4
3789,292,5
3790,292,6
3791,292,16
3792,292,17
3793,292,18
3794,292,19
3795,292,20
3796,292,21
3797,292,22
3798,292,23
3799,293,0
3800,293,1
3801,293,2
3802,293,3
3803,293,4
3804,293,5
3805,293,6
3806,293,15
3807,293,16
3808,293,17
3809,293,18
3810,293,19
3811,293,20
3812,293,21
3813,293,22
3814,293,23
3815,294,0
3816,294,1
3817,294,2
3818,294,3
3819,294,4
3820,294,5
3821,294,6
3822,294,16
3823,294,17
3824,294,18
3825,294,19
3826,294,20
3827,294,21
3828,294,22
3829,294,23
3830,295,0
3831,295,1
3832,295,2
3833,295,3
3834,295,4
3835,295,5
3836,295,6
3837,295,16
3838,295,17
3839,295,18
3840,295,19
3841,295,20
3842,295,21
3843,295,22
3844,295,23
3845,296,0
3846,296,1
3847,296,2
3848,296,3
3849,296,4
3850,296,5
3851,296,6
3852,296,15
3853,296,16
3854,296,17
3855,296,18
3856,296,19
3857,296,20
3858,296,21
3859,296,22
3860,296,23
3861,297,0
3862,297,1
3863,297,2
3864,297,3
3865,297,4
3866,297,5
3867,297,6
3868,297,16
3869,297,17
3870,297,18
3871,297,19
3872,297,20
3873,297,21
3874,297,22
3875,297,23
3876,298,0
3877,298,1
3878,298,2
3879,298,3
3880,298,4
3881,298,5
3882,298,6
3883,298,15
3884,298,16
3885,298,17
3886,298,18
3887,298,19
3888,298,20
3889,298,21
3890,298,22
3891,298,23
3892,299,0
3893,299,1
3894,299,2
3895,299,3
3896,299,4
3897,299,5
3898,299,6
3899,299,15
3900,299,16
3901,299,17
3902,299,18
3903,299,19
3904,299,20
3905,299,21
3906,299,22
3907,299,23
3908,300,0
3909,300,1
3910,300,2
3911,300,3
3912,300,4
3913,300,5
3914,300,6
3915,300,15
3916,300,16
3917,300,17
3918,300,18
3919,300,19
3920,300,20
3921,300,21
3922,300,22
3923,300,23
3924,301,0
3925,301,1
3926,301,2
3927,301,3
3928,301,4
3929,301,5
3930,301,6
3931,301,15
3932,301,16
3933,301,17
3934,301,18
3935,301,19
3936,301,20
3937,301,21
3938,301,22
3939,301,23
3940,302,0
3941,302,1
3942,302,2
3943,302,3
3944,302,4
3945,302,5
3946,302,6
3947,302,15
3948,302,16
3949,302,17
3950,302,18
3951,302,19
3952,302,20
3953,302,21
3954,302,22
3955,302,23
3956,303,0
3957,303,1
3958,303,2
3959,303,3
3960,303,4
3961,303,5
3962,303,6
3963,303,15
3964,303,16
3965,303,17
3966,303,18
3967,303,19
3968,303,20
3969,303,21
3970,303,22
3971,303,23
3972,304,0
3973,304,1
3974,304,2
3975,304,3
3976,304,4
3977,304,5
3978,304,6
3979,304,15
3980,304,16
3981,304,17
3982,304,18
3983,304,19
3984,304,20
3985,304,21
3986,304,22
3987,304,23
3988,305,0
3989,305,1
3990,305,2
3991,305,3
3992,305,4
3993,305,5
3994,305,6
3995,305,15
3996,305,16
3997,305,17
3998,305,18
3999,305,19
4000,305,20
4001,305,21
4002,305,22
4003,305,23
4004,306,0
4005,306,1
4006,306,2
4007,306,3
4008,306,4
4009,306,5
4010,306,6
4011,306,15
4012,306,16
4013,306,17
4014,306,18
4015,306,19
4016,306,20
4017,306,21
4018,306,22
4019,306,23
4020,307,0
4021,307,1
4022,307,2
4023,307,3
4024,307,4
4025,307,5
4026,307,6
4027,307,15
4028,307,16
4029,307,17
4030,307,18
4031,307,19
4032,307,20
4033,307,21
4034,307,22
4035,307,23
4036,308,0
4037,308,1
4038,308,2
4039,308,3
4040,308,4
4041,308,5
4042,308,6
4043,308,15
4044,308,16
4045,308,17
4046,308,18
4047,308,19
4048,308,20
4049,308,21
4050,308,22
4051,308,23
4052,309,0
4053,309,1
4054,309,2
4055,309,3
4056,309,4
4057,309,5
4058,309,6
4059,309,15
4060,309,16
4061,309,17
4062,309,18
4063,309,19
4064,309,20
4065,309,21
4066,309,22
4067,309,23
4068,310,0
4069,310,1
4070,310,2
4071,310,3
4072,310,4
4073,310,5
4074,310,6
4075,310,15
4076,310,16
4077,310,17
4078,310,18
4079,310,19
4080,310,20
4081,310,21
4082,310,22
4083,310,23
4084,311,0
4085,311,1
4086,311,2
4087,311,3
4088,311,4
4089,311,5
4090,311,6
4091,311,15
4092,311,16
4093,311,17
4094,311,18
4095,311,19
4096,311,20
4097,311,21
4098,311,22
4099,311,23
4100,312,0
4101,312,1
4102,312,2
4103,312,3
4104,312,4
4105,312,5
4106,312,6
4107,312,15
4108,312,16
4109,312,17
4110,312,18
4111,312,19
4112,312,20
4113,312,21
4114,312,22
4115,312,23
4116,313,0
4117,313,1
4118,313,2
4119,313,3
4120,313,4
4121,313,5
4122,313,6
4123,313,7
4124,313,15
4125,313,16
4126,313,17
4127,313,18
4128,313,19
4129,313,20
4130,313,21
4131,313,22
4132,313,23
4133,314,0
4134,314,1
4135,314,2
4136,314,3
4137,314,4
4138,314,5
4139,314,6
4140,314,15
4141,314,16
4142,314,17
4143,314,18
4144,314,19
4145,314,20
4146,314,21
4147,314,22
4148,314,23
4149,315,0
4150,315,1
4151,315,2
4152,315,3
4153,315,4
4154,315,5
4155,315,6
4156,315,15
4157,315,16
4158,315,17
4159,315,18
4160,315,19
4161,315,20
4162,315,21
4163,315,22
4164,315,23
4165,316,0
4166,316,1
4167,316,2
4168,316,3
4169,316,4
4170,316,5
4171,316,6
4172,316,15
4173,316,16
4174,316,17
4175,316,18
4176,316,19
4177,316,20
4178,316,21
4179,316,22
4180,316,23
4181,317,0
4182,317,1
4183,317,2
4184,317,3
4185,317,4
4186,317,5
4187,317,6
4188,317,15
4189,317,16
4190,317,17
4191,317,18
4192,317,19
4193,317,20
4194,317,21
4195,317,22
4196,317,23
4197,318,0
4198,318,1
4199,318,2
4200,318,3
4201,318,4
4202,318,5
4203,318,6
4204,318,7
4205,318,15
4206,318,16
4207,318,17
4208,318,18
4209,318,19
4210,318,20
4211,318,21
4212,318,22
4213,318,23
4214,319,0
4215,319,1
4216,319,2
4217,319,3
4218,319,4
4219,319,5
4220,319,6
4221,319,7
4222,319,15
4223,319,16
4224,319,17
4225,319,18
4226,319,19
4227,319,20
4228,319,21
4229,319,22
4230,319,23
4231,320,0
4232,320,1
4233,320,2
4234,320,3
4235,320,4
4236,320,5
4237,320,6
4238,320,7
4239,320,15
4240,320,16
4241,320,17
4242,320,18
4243,320,19
4244,320,20
4245,320,21
4246,320,22
4247,320,23
4248,321,0
4249,321,1
4250,321,2
4251,321,3
4252,321,4
4253,321,5
4254,321,6
4255,321,7
4256,321,15
4257,321,16
4258,321,17
4259,321,18
4260,321,19
4261,321,20
4262,321,21
4263,321,22
4264,321,23
4265,322,0
4266,322,1
4267,322,2
4268,322,3
4269,322,4
4270,322,5
4271,322,6
4272,322,7
4273,322,15
4274,322,16
4275,322,17
4276,322,18
4277,322,19
4278,322,20
4279,322,21
4280,322,22
4281,322,23
4282,323,0
4283,323,1
4284,323,2
4285,323,3
4286,323,4
4287,323,5
4288,323,6
4289,323,7
4290,323,15
4291,323,16
4292,323,17
4293,323,18
4294,323,19
4295,323,20
4296,323,21
4297,323,22
4298,323,23
4299,324,0
4300,324,1
4301,324,2
4302,324,3
4303,324,4
4304,324,5
4305,324,6
4306,324,7
4307,324,15
4308,324,16
4309,324,17
4310,324,18
4311,324,19
4312,324,20
4313,324,21
4314,324,22
4315,324,23
4316,325,0
4317,325,1
4318,325,2
4319,325,3
4320,325,4
4321,325,5
4322,325,6
4323,325,7
4324,325,14
4325,325,15
4326,325,16
4327,325,17
4328,325,18
4329,325,19
4330,325,20
4331,325,21
4332,325,22
4333,325,23
4334,326,0
4335,326,1
4336,326,2
4337,326,3
4338,326,4
4339,326,5
4340,326,6
4341,326,7
4342,326,15
4343,326,16
4344,326,17
4345,326,18
4346,326,19
4347,326,20
4348,326,21
4349,326,22
4350,326,23
4351,327,0
4352,327,1
4353,327,2
4354,327,3
4355,327,4
4356,327,5
4357,327,6
4358,327,7
4359,327,15
4360,327,16
4361,327,17
4362,327,18
4363,327,19
4364,327,20
4365,327,21
4366,327,22
4367,327,23
4368,328,0
4369,328,1
4370,328,2
4371,328,3
4372,328,4
4373,328,5
4374,328,6
4375,328,7
4376,328,14
4377,328,15
4378,328,16
4379,328,17
4380,328,18
4381,328,19
4382,328,20
4383,328,21
4384,328,22
4385,328,23
4386,329,0
4387,329,1
4388,329,2
4389,329,3
4390,329,4
4391,329,5
4392,329,6
4393,329,7
4394,329,15
4395,329,16
4396,329,17
4397,329,18
4398,329,19
4399,329,20
4400,329,21
4401,329,22
4402,329,23
4403,330,0
4404,330,1
4405,330,2
4406,330,3
4407,330,4
4408,330,5
4409,330,6
4410,330,7
4411,330,15
4412,330,16
4413,330,17
4414,330,18
4415,330,19
4416,330,20
4417,330,21
4418,330,22
4419,330,23
4420,331,0
4421,331,1
4422,331,2
4423,331,3
4424,331,4
4425,331,5
4426,331,6
4427,331,7
4428,331,14
4429,331,15
4430,331,16
4431,331,17
4432,331,18
4433,331,19
4434,331,20
4435,331,21
4436,331,22
4437,331,23
4438,332,0
4439,332,1
4440,332,2
4441,332,3
4442,332,4
4443,332,5
4444,332,6
4445,332,7
4446,332,14
4447,332,15
4448,332,16
4449,332,17
4450,332,18
4451,332,19
4452,332,20
4453,332,21
4454,332,22
4455,332,23
4456,333,0
4457,333,1
4458,333,2
4459,333,3
4460,333,4
4461,333,5
4462,333,6
4463,333,7
4464,333,14
4465,333,15
4466,333,16
4467,333,17
4468,333,18
4469,333,19
4470,333,20
4471,333,21
4472,333,22
4473,333,23
4474,334,0
4475,334,1
4476,334,2
4477,334,3
4478,334,4
4479,334,5
4480,334,6
4481,334,7
4482,334,15
4483,334,16
4484,334,17
4485,334,18
4486,334,19
4487,334,20
4488,334,21
4489,334,22
4490,334,23
4491,335,0
4492,335,1
4493,335,2
4494,335,3
4495,335,4
4496,335,5
4497,335,6
4498,335,7
4499,335,15
4500,335,16
4501,335,17
4502,335,18
4503,335,19
4504,335,20
4505,335,21
4506,335,22
4507,335,23
4508,336,0
4509,336,1
4510,336,2
4511,336,3
4512,336,4
4513,336,5
4514,336,6
4515,336,7
4516,336,15
4517,336,16
4518,336,17
4519,336,18
4520,336,19
4521,336,20
4522,336,21
4523,336,22
4524,336,23
4525,337,0
4526,337,1
4527,337,2
4528,337,3
4529,337,4
4530,337,5
4531,337,6
4532,337,7
4533,337,14
4534,337,15
4535,337,16
4536,337,17
4537,337,18
4538,337,19
4539,337,20
4540,337,21
4541,337,22
4542,337,23
4543,338,0
4544,338,1
4545,338,2
4546,338,3
4547,338,4
4548,338,5
4549,338,6
4550,338,7
4551,338,14
4552,338,15
4553,338,16
4554,338,17
4555,338,18
4556,338,19
4557,338,20
4558,338,21
4559,338,22
4560,338,23
4561,339,0
4562,339,1
4563,339,2
4564,339,3
4565,339,4
4566,339,5
4567,339,6
4568,339,7
4569,339,14
4570,339,15
4571,339,16
4572,339,17
4573,339,18
4574,339,19
4575,339,20
4576,339,21
4577,339,22
4578,339,23
4579,340,0
4580,340,1
4581,340,2
4582,340,3
4583,340,4
4584,340,5
4585,340,6
4586,340,7
4587,340,14
4588,340,15
4589,340,16
4590,340,17
4591,340,18
4592,340,19
4593,340,20
4594,340,21
4595,340,22
4596,340,23
4597,341,0
4598,341,1
4599,341,2
4600,341,3
4601,341,4
4602,341,5
4603,341,6
4604,341,7
4605,341,14
4606,341,15
4607,341,16
4608,341,17
4609,341,18
4610,341,19
4611,341,20
4612,341,21
4613,341,22
4614,341,23
4615,342,0
4616,342,1
4617,342,2
4618,342,3
4619,342,4
4620,342,5
4621,342,6
4622,342,7
4623,342,14
4624,342,15
4625,342,16
4626,342,17
4627,342,18
4628,342,19
4629,342,20
4630,342,21
4631,342,22
4632,342,23
4633,343,0
4634,343,1
4635,343,2
4636,343,3
4637,343,4
4638,343,5
4639,343,6
4640,343,7
4641,343,14
4642,343,15
4643,343,16
4644,343,17
4645,343,18
4646,343,19
4647,343,20
4648,343,21
4649,343,22
4650,343,23
4651,344,0
4652,344,1
4653,344,2
4654,344,3
4655,344,4
4656,344,5
4657,344,6
4658,344,7
4659,344,14
4660,344,15
4661,344,16
4662,344,17
4663,344,18
4664,344,19
4665,344,20
4666,344,21
4667,344,22
4668,344,23
4669,345,0
4670,345,1
4671,345,2
4672,345,3
4673,345,4
4674,345,5
4675,345,6
4676,345,7
4677,345,14
4678,345,15
4679,345,16
4680,345,17
4681,345,18
4682,345,19
4683,345,20
4684,345,21
4685,345,22
4686,345,23
4687,346,0
4688,346,1
4689,346,2
4690,346,3
4691,346,4
4692,346,5
4693,346,6
4694,346,7
4695,346,14
4696,346,15
4697,346,16
4698,346,17
4699,346,18
4700,346,19
4701,346,20
4702,346,21
4703,346,22
4704,346,23
4705,347,0
4706,347,1
4707,347,2
4708,347,3
4709,347,4
4710,347,5
4711,347,6
4712,347,7
4713,347,14
4714,347,15
4715,347,16
4716,347,17
4717,347,18
4718,347,19
4719,347,20
4720,347,21
4721,347,22
4722,347,23
4723,348,0
4724,348,1
4725,348,2
4726,348,3
4727,348,4
4728,348,5
4729,348,6
4730,348,7
4731,348,14
4732,348,15
4733,348,16
4734,348,17
4735,348,18
4736,348,19
4737,348,20
4738,348,21
4739,348,22
4740,348,23
4741,349,0
4742,349,1
4743,349,2
4744,349,3
4745,349,4
4746,349,5
4747,349,6
4748,349,7
4749,349,14
4750,349,15
4751,349,16
4752,349,17
4753,349,18
4754,349,19
4755,349,20
4756,349,21
4757,349,22
4758,349,23
4759,350,0
4760,350,1
4761,350,2
4762,350,3
4763,350,4
4764,350,5
4765,350,6
4766,350,7
4767,350,14
4768,350,15
4769,350,16
4770,350,17
4771,350,18
4772,350,19
4773,350,20
4774,350,21
4775,350,22
4776,350,23
4777,351,0
4778,351,1
4779,351,2
4780,351,3
4781,351,4
4782,351,5
4783,351,6
4784,351,7
4785,351,14
4786,351,15
4787,351,16
4788,351,17
4789,351,18
4790,351,19
4791,351,20
4792,351,21
4793,351,22
4794,351,23
4795,352,0
4796,352,1
4797,352,2
4798,352,3
4799,352,4
4800,352,5
4801,352,6
4802,352,7
4803,352,14
4804,352,15
4805,352,16
4806,352,17
4807,352,18
4808,352,19
4809,352,20
4810,352,21
4811,352,22
4812,352,23
4813,353,0
4814,353,1
4815,353,2
4816,353,3
4817,353,4
4818,353,5
4819,353,6
4820,353,7
4821,353,14
4822,353,15
4823,353,16
4824,353,17
4825,353,18
4826,353,19
4827,353,20
4828,353,21
4829,353,22
4830,353,23
4831,354,0
4832,354,1
4833,354,2
4834,354,3
4835,354,4
4836,354,5
4837,354,6
4838,354,7
4839,354,14
4840,354,15
4841,354,16
4842,354,17
4843,354,18
4844,354,19
4845,354,20
4846,354,21
4847,354,22
4848,354,23
4849,355,0
4850,355,1
4851,355,2
4852,355,3
4853,355,4
4854,355,5
4855,355,6
4856,355,7
4857,355,14
4858,355,15
4859,355,16
4860,355,17
4861,355,18
4862,355,19
4863,355,20
4864,355,21
4865,355,22
4866,355,23
4867,356,0
4868,356,1
4869,356,2
4870,356,3
4871,356,4
4872,356,5
4873,356,6
4874,356,7
4875,356,14
4876,356,15
4877,356,16
4878,356,17
4879,356,18
4880,356,19
4881,356,20
4882,356,21
4883,356,22
4884,356,23
4885,357,0
4886,357,1
4887,357,2
4888,357,3
4889,357,4
4890,357,5
4891,357,6
4892,357,7
4893,357,14
4894,357,15
4895,357,16
4896,357,17
4897,357,18
4898,357,19
4899,357,20
4900,357,21
4901,357,22
4902,357,23
4903,358,0
4904,358,1
4905,358,2
4906,358,3
4907,358,4
4908,358,5
4909,358,6
4910,358,7
4911,358,14
4912,358,15
4913,358,16
4914,358,17
4915,358,18
4916,358,19
4917,358,20
4918,358,21
4919,358,22
4920,358,23
4921,359,0
4922,359,1
4923,359,2
4924,359,3
4925,359,4
4926,359,5
4927,359,6
4928,359,7
4929,359,14
4930,359,15
4931,359,16
4932,359,17
4933,359,18
4934,359,19
4935,359,20
4936,359,21
4937,359,22
4938,359,23
4939,360,0
4940,360,1
4941,360,2
4942,360,3
4943,360,4
4944,360,5
4945,360,6
4946,360,7
4947,360,14
4948,360,15
4949,360,16
4950,360,17
4951,360,18
4952,360,19
4953,360,20
4954,360,21
4955,360,22
4956,360,23
4957,361,0
4958,361,1
4959,361,2
4960,361,3
4961,361,4
4962,361,5
4963,361,6
4964,361,7
4965,361,14
4966,361,15
4967,361,16
4968,361,17
4969,361,18
4970,361,19
4971,361,20
4972,361,21
4973,361,22
4974,361,23
4975,362,0
4976,362,1
4977,362,2
4978,362,3
4979,362,4
4980,362,5
4981,362,6
4982,362,7
4983,362,14
4984,362,15
4985,362,16
4986,362,17
4987,362,18
4988,362,19
4989,362,20
4990,362,21
4991,362,22
4992,362,23
4993,363,0
4994,363,1
4995,363,2
4996,363,3
4997,363,4
4998,363,5
4999,363,6
5000,363,7
5001,363,14
5002,363,15
5003,363,16
5004,363,17
5005,363,18
5006,363,19
5007,363,20
5008,363,21
5009,363,22
5010,363,23
5011,364,0
5012,364,1
5013,364,2
5014,364,3
5015,364,4
5016,364,5
5017,364,6
5018,364,7
5019,364,14
5020,364,15
5021,364,16
5022,364,17
5023,364,18
5024,364,19
5025,364,20
5026,364,21
5027,364,22
5028,364,23
5029,365,0
5030,365,1
5031,365,2
5032,365,3
5033,365,4
5034,365,5
5035,365,6
5036,365,7
5037,365,14
5038,365,15
5039,365,16
5040,365,17
5041,365,18
5042,365,19
5043,365,20
5044,365,21
5045,365,22
5046,365,23
