,day,hour
0,1,0
1,1,1
2,1,2
3,1,3
4,1,4
5,1,5
6,1,6
7,1,7
8,1,8
9,1,14
10,1,15
11,1,16
12,1,17
13,1,18
14,1,19
15,1,20
16,1,21
17,1,22
18,1,23
19,2,0
20,2,1
21,2,2
22,2,3
23,2,4
24,2,5
25,2,6
26,2,7
27,2,8
28,2,14
29,2,15
30,2,16
31,2,17
32,2,18
33,2,19
34,2,20
35,2,21
36,2,22
37,2,23
38,3,0
39,3,1
40,3,2
41,3,3
42,3,4
43,3,5
44,3,6
45,3,7
46,3,8
47,3,14
48,3,15
49,3,16
50,3,17
51,3,18
52,3,19
53,3,20
54,3,21
55,3,22
56,3,23
57,4,0
58,4,1
59,4,2
60,4,3
61,4,4
62,4,5
63,4,6
64,4,7
65,4,8
66,4,14
67,4,15
68,4,16
69,4,17
70,4,18
71,4,19
72,4,20
73,4,21
74,4,22
75,4,23
76,5,0
77,5,1
78,5,2
79,5,3
80,5,4
81,5,5
82,5,6
83,5,7
84,5,8
85,5,14
86,5,15
87,5,16
88,5,17
89,5,18
90,5,19
91,5,20
92,5,21
93,5,22
94,5,23
95,6,0
96,6,1
97,6,2
98,6,3
99,6,4
100,6,5
101,6,6
102,6,7
103,6,8
104,6,15
105,6,16
106,6,17
107,6,18
108,6,19
109,6,20
110,6,21
111,6,22
112,6,23
113,7,0
114,7,1
115,7,2
116,7,3
117,7,4
118,7,5
119,7,6
120,7,7
121,7,8
122,7,14
123,7,15
124,7,16
125,7,17
126,7,18
127,7,19
128,7,20
129,7,21
130,7,22
131,7,23
132,8,0
133,8,1
134,8,2
135,8,3
136,8,4
137,8,5
138,8,6
139,8,7
140,8,8
141,8,15
142,8,16
143,8,17
144,8,18
145,8,19
146,8,20
147,8,21
148,8,22
149,8,23
150,9,0
151,9,1
152,9,2
153,9,3
154,9,4
155,9,5
156,9,6
157,9,7
158,9,8
159,9,15
160,9,16
161,9,17
162,9,18
163,9,19
164,9,20
165,9,21
166,9,22
167,9,23
168,10,0
169,10,1
170,10,2
171,10,3
172,10,4
173,10,5
174,10,6
175,10,7
176,10,8
177,10,15
178,10,16
179,10,17
180,10,18
181,10,19
182,10,20
183,10,21
184,10,22
185,10,23
186,11,0
187,11,1
188,11,2
189,11,3
190,11,4
191,11,5
192,11,6
193,11,7
194,11,8
195,11,15
196,11,16
197,11,17
198,11,18
199,11,19
200,11,20
201,11,21
202,11,22
203,11,23
204,12,0
205,12,1
206,12,2
207,12,3
208,12,4
209,12,5
210,12,6
211,12,7
212,12,8
213,12,15
214,12,16
215,12,17
216,12,18
217,12,19
218,12,20
219,12,21
220,12,22
221,12,23
222,13,0
223,13,1
224,13,2
225,13,3
226,13,4
227,13,5
228,13,6
229,13,7
230,13,8
231,13,15
232,13,16
233,13,17
234,13,18
235,13,19
236,13,20
237,13,21
238,13,22
239,13,23
240,14,0
241,14,1
242,14,2
243,14,3
244,14,4
245,14,5
246,14,6
247,14,7
248,14,8
249,14,15
250,14,16
251,14,17
252,14,18
253,14,19
254,14,20
255,14,21
256,14,22
257,14,23
258,15,0
259,15,1
260,15,2
261,15,3
262,15,4
263,15,5
264,15,6
265,15,7
266,15,15
267,15,16
268,15,17
269,15,18
270,15,19
271,15,20
272,15,21
273,15,22
274,15,23
275,16,0
276,16,1
277,16,2
278,16,3
279,16,4
280,16,5
281,16,6
282,16,7
283,16,15
284,16,16
285,16,17
286,16,18
287,16,19
288,16,20
289,16,21
290,16,22
291,16,23
292,17,0
293,17,1
294,17,2
295,17,3
296,17,4
297,17,5
298,17,6
299,17,7
300,17,8
301,17,15
302,17,16
303,17,17
304,17,18
305,17,19
306,17,20
307,17,21
308,17,22
309,17,23
310,18,0
311,18,1
312,18,2
313,18,3
314,18,4
315,18,5
316,18,6
317,18,7
318,18,8
319,18,15
320,18,16
321,18,17
322,18,18
323,18,19
324,18,20
325,18,21
326,18,22
327,18,23
328,19,0
329,19,1
330,19,2
331,19,3
332,19,4
333,19,5
334,19,6
335,19,7
336,19,8
337,19,15
338,19,16
339,19,17
340,19,18
341,19,19
342,19,20
343,19,21
344,19,22
345,19,23
346,20,0
347,20,1
348,20,2
349,20,3
350,20,4
351,20,5
352,20,6
353,20,7
354,20,8
355,20,15
356,20,16
357,20,17
358,20,18
359,20,19
360,20,20
361,20,21
362,20,22
363,20,23
364,21,0
365,21,1
366,21,2
367,21,3
368,21,4
369,21,5
370,21,6
371,21,7
372,21,8
373,21,15
374,21,16
375,21,17
376,21,18
377,21,19
378,21,20
379,21,21
380,21,22
381,21,23
382,22,0
383,22,1
384,22,2
385,22,3
386,22,4
387,22,5
388,22,6
389,22,7
390,22,15
391,22,16
392,22,17
393,22,18
394,22,19
395,22,20
396,22,21
397,22,22
398,22,23
399,23,0
400,23,1
401,23,2
402,23,3
403,23,4
404,23,5
405,23,6
406,23,7
407,23,15
408,23,16
409,23,17
410,23,18
411,23,19
412,23,20
413,23,21
414,23,22
415,23,23
416,24,0
417,24,1
418,24,2
419,24,3
420,24,4
421,24,5
422,24,6
423,24,7
424,24,15
425,24,16
426,24,17
427,24,18
428,24,19
429,24,20
430,24,21
431,24,22
432,24,23
433,25,0
434,25,1
435,25,2
436,25,3
437,25,4
438,25,5
439,25,6
440,25,7
441,25,15
442,25,16
443,25,17
444,25,18
445,25,19
446,25,20
447,25,21
448,25,22
449,25,23
450,26,0
451,26,1
452,26,2
453,26,3
454,26,4
455,26,5
456,26,6
457,26,7
458,26,15
459,26,16
460,26,17
461,26,18
462,26,19
463,26,20
464,26,21
465,26,22
466,26,23
467,27,0
468,27,1
469,27,2
470,27,3
471,27,4
472,27,5
473,27,6
474,27,7
475,27,15
476,27,16
477,27,17
478,27,18
479,27,19
480,27,20
481,27,21
482,27,22
483,27,23
484,28,0
485,28,1
486,28,2
487,28,3
488,28,4
489,28,5
490,28,6
491,28,7
492,28,15
493,28,16
494,28,17
495,28,18
496,28,19
497,28,20
498,28,21
499,28,22
500,28,23
501,29,0
502,29,1
503,29,2
504,29,3
505,29,4
506,29,5
507,29,6
508,29,7
509,29,15
510,29,16
511,29,17
512,29,18
513,29,19
514,29,20
515,29,21
516,29,22
517,29,23
518,30,0
519,30,1
520,30,2
521,30,3
522,30,4
523,30,5
524,30,6
525,30,7
526,30,15
527,30,16
528,30,17
529,30,18
530,30,19
531,30,20
532,30,21
533,30,22
534,30,23
535,31,0
536,31,1
537,31,2
538,31,3
539,31,4
540,31,5
541,31,6
542,31,7
543,31,15
544,31,16
545,31,17
546,31,18
547,31,19
548,31,20
549,31,21
550,31,22
551,31,23
552,32,0
553,32,1
554,32,2
555,32,3
556,32,4
557,32,5
558,32,6
559,32,7
560,32,15
561,32,16
562,32,17
563,32,18
564,32,19
565,32,20
566,32,21
567,32,22
568,32,23
569,33,0
570,33,1
571,33,2
572,33,3
573,33,4
574,33,5
575,33,6
576,33,7
577,33,15
578,33,16
579,33,17
580,33,18
581,33,19
582,33,20
583,33,21
584,33,22
585,33,23
586,34,0
587,34,1
588,34,2
589,34,3
590,34,4
591,34,5
592,34,6
593,34,7
594,34,15
595,34,16
596,34,17
597,34,18
598,34,19
599,34,20
600,34,21
601,34,22
602,34,23
603,35,0
604,35,1
605,35,2
606,35,3
607,35,4
608,35,5
609,35,6
610,35,7
611,35,15
612,35,16
613,35,17
614,35,18
615,35,19
616,35,20
617,35,21
618,35,22
619,35,23
620,36,0
621,36,1
622,36,2
623,36,3
624,36,4
625,36,5
626,36,6
627,36,7
628,36,15
629,36,16
630,36,17
631,36,18
632,36,19
633,36,20
634,36,21
635,36,22
636,36,23
637,37,0
638,37,1
639,37,2
640,37,3
641,37,4
642,37,5
643,37,6
644,37,7
645,37,15
646,37,16
647,37,17
648,37,18
649,37,19
650,37,20
651,37,21
652,37,22
653,37,23
654,38,0
655,38,1
656,38,2
657,38,3
658,38,4
659,38,5
660,38,6
661,38,7
662,38,15
663,38,16
664,38,17
665,38,18
666,38,19
667,38,20
668,38,21
669,38,22
670,38,23
671,39,0
672,39,1
673,39,2
674,39,3
675,39,4
676,39,5
677,39,6
678,39,7
679,39,15
680,39,16
681,39,17
682,39,18
683,39,19
684,39,20
685,39,21
686,39,22
687,39,23
688,40,0
689,40,1
690,40,2
691,40,3
692,40,4
693,40,5
694,40,6
695,40,7
696,40,15
697,40,16
698,40,17
699,40,18
700,40,19
701,40,20
702,40,21
703,40,22
704,40,23
705,41,0
706,41,1
707,41,2
708,41,3
709,41,4
710,41,5
711,41,6
712,41,7
713,41,15
714,41,16
715,41,17
716,41,18
717,41,19
718,41,20
719,41,21
720,41,22
721,41,23
722,42,0
723,42,1
724,42,2
725,42,3
726,42,4
727,42,5
728,42,6
729,42,7
730,42,16
731,42,17
732,42,18
733,42,19
734,42,20
735,42,21
736,42,22
737,42,23
738,43,0
739,43,1
740,43,2
741,43,3
742,43,4
743,43,5
744,43,6
745,43,7
746,43,16
747,43,17
748,43,18
749,43,19
750,43,20
751,43,21
752,43,22
753,43,23
754,44,0
755,44,1
756,44,2
757,44,3
758,44,4
759,44,5
760,44,6
761,44,7
762,44,16
763,44,17
764,44,18
765,44,19
766,44,20
767,44,21
768,44,22
769,44,23
770,45,0
771,45,1
772,45,2
773,45,3
774,45,4
775,45,5
776,45,6
777,45,7
778,45,16
779,45,17
780,45,18
781,45,19
782,45,20
783,45,21
784,45,22
785,45,23
786,46,0
787,46,1
788,46,2
789,46,3
790,46,4
791,46,5
792,46,6
793,46,7
794,46,16
795,46,17
796,46,18
797,46,19
798,46,20
799,46,21
800,46,22
801,46,23
802,47,0
803,47,1
804,47,2
805,47,3
806,47,4
807,47,5
808,47,6
809,47,16
810,47,17
811,47,18
812,47,19
813,47,20
814,47,21
815,47,22
816,47,23
817,48,0
818,48,1
819,48,2
820,48,3
821,48,4
822,48,5
823,48,6
824,48,16
825,48,17
826,48,18
827,48,19
828,48,20
829,48,21
830,48,22
831,48,23
832,49,0
833,49,1
834,49,2
835,49,3
836,49,4
837,49,5
838,49,6
839,49,7
840,49,16
841,49,17
842,49,18
843,49,19
844,49,20
845,49,21
846,49,22
847,49,23
848,50,0
849,50,1
850,50,2
851,50,3
852,50,4
853,50,5
854,50,6
855,50,16
856,50,17
857,50,18
858,50,19
859,50,20
860,50,21
861,50,22
862,50,23
863,51,0
864,51,1
865,51,2
866,51,3
867,51,4
868,51,5
869,51,6
870,51,16
871,51,17
872,51,18
873,51,19
874,51,20
875,51,21
876,51,22
877,51,23
878,52,0
879,52,1
880,52,2
881,52,3
882,52,4
883,52,5
884,52,6
885,52,16
886,52,17
887,52,18
888,52,19
889,52,20
890,52,21
891,52,22
892,52,23
893,53,0
894,53,1
895,53,2
896,53,3
897,53,4
898,53,5
899,53,6
900,53,16
901,53,17
902,53,18
903,53,19
904,53,20
905,53,21
906,53,22
907,53,23
908,54,0
909,54,1
910,54,2
911,54,3
912,54,4
913,54,5
914,54,6
915,54,16
916,54,17
917,54,18
918,54,19
919,54,20
920,54,21
921,54,22
922,54,23
923,55,0
924,55,1
925,55,2
926,55,3
927,55,4
928,55,5
929,55,6
930,55,16
931,55,17
932,55,18
933,55,19
934,55,20
935,55,21
936,55,22
937,55,23
938,56,0
939,56,1
940,56,2
941,56,3
942,56,4
943,56,5
944,56,6
945,56,16
946,56,17
947,56,18
948,56,19
949,56,20
950,56,21
951,56,22
952,56,23
953,57,0
954,57,1
955,57,2
956,57,3
957,57,4
958,57,5
959,57,6
960,57,7
961,57,16
962,57,17
963,57,18
964,57,19
965,57,20
966,57,21
967,57,22
968,57,23
969,58,0
970,58,1
971,58,2
972,58,3
973,58,4
974,58,5
975,58,6
976,58,16
977,58,17
978,58,18
979,58,19
980,58,20
981,58,21
982,58,22
983,58,23
984,59,0
985,59,1
986,59,2
987,59,3
988,59,4
989,59,5
990,59,6
991,59,16
992,59,17
993,59,18
994,59,19
995,59,20
996,59,21
997,59,22
998,59,23
999,60,0
1000,60,1
1001,60,2
1002,60,3
1003,60,4
1004,60,5
1005,60,6
1006,60,16
1007,60,17
1008,60,18
1009,60,19
1010,60,20
1011,60,21
1012,60,22
1013,60,23
1014,61,0
1015,61,1
1016,61,2
1017,61,3
1018,61,4
1019,61,5
1020,61,6
1021,61,16
1022,61,17
1023,61,18
1024,61,19
1025,61,20
1026,61,21
1027,61,22
1028,61,23
1029,62,0
1030,62,1
1031,62,2
1032,62,3
1033,62,4
1034,62,5
1035,62,6
1036,62,16
1037,62,17
1038,62,18
1039,62,19
1040,62,20
1041,62,21
1042,62,22
1043,62,23
1044,63,0
1045,63,1
1046,63,2
1047,63,3
1048,63,4
1049,63,5
1050,63,6
1051,63,16
1052,63,17
1053,63,18
1054,63,19
1055,63,20
1056,63,21
1057,63,22
1058,63,23
1059,64,0
1060,64,1
1061,64,2
1062,64,3
1063,64,4
1064,64,5
1065,64,6
1066,64,16
1067,64,17
1068,64,18
1069,64,19
1070,64,20
1071,64,21
1072,64,22
1073,64,23
1074,65,0
1075,65,1
1076,65,2
1077,65,3
1078,65,4
1079,65,5
1080,65,6
1081,65,16
1082,65,17
1083,65,18
1084,65,19
1085,65,20
1086,65,21
1087,65,22
1088,65,23
1089,66,0
1090,66,1
1091,66,2
1092,66,3
1093,66,4
1094,66,5
1095,66,6
1096,66,16
1097,66,17
1098,66,18
1099,66,19
1100,66,20
1101,66,21
1102,66,22
1103,66,23
1104,67,0
1105,67,1
1106,67,2
1107,67,3
1108,67,4
1109,67,5
1110,67,6
1111,67,16
1112,67,17
1113,67,18
1114,67,19
1115,67,20
1116,67,21
1117,67,22
1118,67,23
1119,68,0
1120,68,1
1121,68,2
1122,68,3
1123,68,4
1124,68,5
1125,68,6
1126,68,16
1127,68,17
1128,68,18
1129,68,19
1130,68,20
1131,68,21
1132,68,22
1133,68,23
1134,69,0
1135,69,1
1136,69,2
1137,69,3
1138,69,4
1139,69,5
1140,69,6
1141,69,16
1142,69,17
1143,69,18
1144,69,19
1145,69,20
1146,69,21
1147,69,22
1148,69,23
1149,70,0
1150,70,1
1151,70,2
1152,70,3
1153,70,4
1154,70,5
1155,70,6
1156,70,16
1157,70,17
1158,70,18
1159,70,19
1160,70,20
1161,70,21
1162,70,22
1163,70,23
1164,71,0
1165,71,1
1166,71,2
1167,71,3
1168,71,4
1169,71,5
1170,71,6
1171,71,17
1172,71,18
1173,71,19
1174,71,20
1175,71,21
1176,71,22
1177,71,23
1178,72,0
1179,72,1
1180,72,2
1181,72,3
1182,72,4
1183,72,5
1184,72,6
1185,72,17
1186,72,18
1187,72,19
1188,72,20
1189,72,21
1190,72,22
1191,72,23
1192,73,0
1193,73,1
1194,73,2
1195,73,3
1196,73,4
1197,73,5
1198,73,6
1199,73,16
1200,73,17
1201,73,18
1202,73,19
1203,73,20
1204,73,21
1205,73,22
1206,73,23
1207,74,0
1208,74,1
1209,74,2
1210,74,3
1211,74,4
1212,74,5
1213,74,6
1214,74,17
1215,74,18
1216,74,19
1217,74,20
1218,74,21
1219,74,22
1220,74,23
1221,75,0
1222,75,1
1223,75,2
1224,75,3
1225,75,4
1226,75,5
1227,75,6
1228,75,16
1229,75,17
1230,75,18
1231,75,19
1232,75,20
1233,75,21
1234,75,22
1235,75,23
1236,76,0
1237,76,1
1238,76,2
1239,76,3
1240,76,4
1241,76,5
1242,76,6
1243,76,16
1244,76,17
1245,76,18
1246,76,19
1247,76,20
1248,76,21
1249,76,22
1250,76,23
1251,77,0
1252,77,1
1253,77,2
1254,77,3
1255,77,4
1256,77,5
1257,77,6
1258,77,17
1259,77,18
1260,77,19
1261,77,20
1262,77,21
1263,77,22
1264,77,23
1265,78,0
1266,78,1
1267,78,2
1268,78,3
1269,78,4
1270,78,5
1271,78,6
1272,78,17
1273,78,18
1274,78,19
1275,78,20
1276,78,21
1277,78,22
1278,78,23
1279,79,0
1280,79,1
1281,79,2
1282,79,3
1283,79,4
1284,79,5
1285,79,6
1286,79,17
1287,79,18
1288,79,19
1289,79,20
1290,79,21
1291,79,22
1292,79,23
1293,80,0
1294,80,1
1295,80,2
1296,80,3
1297,80,4
1298,80,5
1299,80,6
1300,80,17
1301,80,18
1302,80,19
1303,80,20
1304,80,21
1305,80,22
1306,80,23
1307,81,0
1308,81,1
1309,81,2
1310,81,3
1311,81,4
1312,81,5
1313,81,6
1314,81,17
1315,81,18
1316,81,19
1317,81,20
1318,81,21
1319,81,22
1320,81,23
1321,82,0
1322,82,1
1323,82,2
1324,82,3
1325,82,4
1326,82,5
1327,82,6
1328,82,17
1329,82,18
1330,82,19
1331,82,20
1332,82,21
1333,82,22
1334,82,23
1335,83,0
1336,83,1
1337,83,2
1338,83,3
1339,83,4
1340,83,5
1341,83,17
1342,83,18
1343,83,19
1344,83,20
1345,83,21
1346,83,22
1347,83,23
1348,84,0
1349,84,1
1350,84,2
1351,84,3
1352,84,4
1353,84,5
1354,84,6
1355,84,17
1356,84,18
1357,84,19
1358,84,20
1359,84,21
1360,84,22
1361,84,23
1362,85,0
1363,85,1
1364,85,2
1365,85,3
1366,85,4
1367,85,5
1368,85,17
1369,85,18
1370,85,19
1371,85,20
1372,85,21
1373,85,22
1374,85,23
1375,86,0
1376,86,1
1377,86,2
1378,86,3
1379,86,4
1380,86,5
1381,86,17
1382,86,18
1383,86,19
1384,86,20
1385,86,21
1386,86,22
1387,86,23
1388,87,0
1389,87,1
1390,87,2
1391,87,3
1392,87,4
1393,87,5
1394,87,17
1395,87,18
1396,87,19
1397,87,20
1398,87,21
1399,87,22
1400,87,23
1401,88,0
1402,88,1
1403,88,2
1404,88,3
1405,88,4
1406,88,5
1407,88,17
1408,88,18
1409,88,19
1410,88,20
1411,88,21
1412,88,22
1413,88,23
1414,89,0
1415,89,1
1416,89,2
1417,89,3
1418,89,4
1419,89,5
1420,89,17
1421,89,18
1422,89,19
1423,89,20
1424,89,21
1425,89,22
1426,89,23
1427,90,0
1428,90,1
1429,90,2
1430,90,3
1431,90,4
1432,90,5
1433,90,17
1434,90,18
1435,90,19
1436,90,20
1437,90,21
1438,90,22
1439,90,23
1440,91,0
1441,91,1
1442,91,2
1443,91,3
1444,91,4
1445,91,5
1446,91,17
1447,91,18
1448,91,19
1449,91,20
1450,91,21
1451,91,22
1452,91,23
1453,92,0
1454,92,1
1455,92,2
1456,92,3
1457,92,4
1458,92,5
1459,92,17
1460,92,18
1461,92,19
1462,92,20
1463,92,21
1464,92,22
1465,92,23
1466,93,0
1467,93,1
1468,93,2
1469,93,3
1470,93,4
1471,93,5
1472,93,17
1473,93,18
1474,93,19
1475,93,20
1476,93,21
1477,93,22
1478,93,23
1479,94,0
1480,94,1
1481,94,2
1482,94,3
1483,94,4
1484,94,5
1485,94,17
1486,94,18
1487,94,19
1488,94,20
1489,94,21
1490,94,22
1491,94,23
1492,95,0
1493,95,1
1494,95,2
1495,95,3
1496,95,4
1497,95,5
1498,95,17
1499,95,18
1500,95,19
1501,95,20
1502,95,21
1503,95,22
1504,95,23
1505,96,0
1506,96,1
1507,96,2
1508,96,3
1509,96,4
1510,96,5
1511,96,17
1512,96,18
1513,96,19
1514,96,20
1515,96,21
1516,96,22
1517,96,23
1518,97,0
1519,97,1
1520,97,2
1521,97,3
1522,97,4
1523,97,5
1524,97,17
1525,97,18
1526,97,19
1527,97,20
1528,97,21
1529,97,22
1530,97,23
1531,98,0
1532,98,1
1533,98,2
1534,98,3
1535,98,4
1536,98,5
1537,98,17
1538,98,18
1539,98,19
1540,98,20
1541,98,21
1542,98,22
1543,98,23
1544,99,0
1545,99,1
1546,99,2
1547,99,3
1548,99,4
1549,99,5
1550,99,17
1551,99,18
1552,99,19
1553,99,20
1554,99,21
1555,99,22
1556,99,23
1557,100,0
1558,100,1
1559,100,2
1560,100,3
1561,100,4
1562,100,5
1563,100,17
1564,100,18
1565,100,19
1566,100,20
1567,100,21
1568,100,22
1569,100,23
1570,101,0
1571,101,1
1572,101,2
1573,101,3
1574,101,4
1575,101,5
1576,101,17
1577,101,18
1578,101,19
1579,101,20
1580,101,21
1581,101,22
1582,101,23
1583,102,0
1584,102,1
1585,102,2
1586,102,3
1587,102,4
1588,102,5
1589,102,17
1590,102,18
1591,102,19
1592,102,20
1593,102,21
1594,102,22
1595,102,23
1596,103,0
1597,103,1
1598,103,2
1599,103,3
1600,103,4
1601,103,5
1602,103,17
1603,103,18
1604,103,19
1605,103,20
1606,103,21
1607,103,22
1608,103,23
1609,104,0
1610,104,1
1611,104,2
1612,104,3
1613,104,4
1614,104,5
1615,104,17
1616,104,18
1617,104,19
1618,104,20
1619,104,21
1620,104,22
1621,104,23
1622,105,0
1623,105,1
1624,105,2
1625,105,3
1626,105,4
1627,105,5
1628,105,17
1629,105,18
1630,105,19
1631,105,20
1632,105,21
1633,105,22
1634,105,23
1635,106,0
1636,106,1
1637,106,2
1638,106,3
1639,106,4
1640,106,5
1641,106,17
1642,106,18
1643,106,19
1644,106,20
1645,106,21
1646,106,22
1647,106,23
1648,107,0
1649,107,1
1650,107,2
1651,107,3
1652,107,4
1653,107,5
1654,107,17
1655,107,18
1656,107,19
1657,107,20
1658,107,21
1659,107,22
1660,107,23
1661,108,0
1662,108,1
1663,108,2
1664,108,3
1665,108,4
1666,108,5
1667,108,17
1668,108,18
1669,108,19
1670,108,20
1671,108,21
1672,108,22
1673,108,23
1674,109,0
1675,109,1
1676,109,2
1677,109,3
1678,109,4
1679,109,5
1680,109,17
1681,109,18
1682,109,19
1683,109,20
1684,109,21
1685,109,22
1686,109,23
1687,110,0
1688,110,1
1689,110,2
1690,110,3
1691,110,4
1692,110,5
1693,110,17
1694,110,18
1695,110,19
1696,110,20
1697,110,21
1698,110,22
1699,110,23
1700,111,0
1701,111,1
1702,111,2
1703,111,3
1704,111,4
1705,111,5
1706,111,17
1707,111,18
1708,111,19
1709,111,20
1710,111,21
1711,111,22
1712,111,23
1713,112,0
1714,112,1
1715,112,2
1716,112,3
1717,112,4
1718,112,5
1719,112,18
1720,112,19
1721,112,20
1722,112,21
1723,112,22
1724,112,23
1725,113,0
1726,113,1
1727,113,2
1728,113,3
1729,113,4
1730,113,5
1731,113,18
1732,113,19
1733,113,20
1734,113,21
1735,113,22
1736,113,23
1737,114,0
1738,114,1
1739,114,2
1740,114,3
1741,114,4
1742,114,5
1743,114,17
1744,114,18
1745,114,19
1746,114,20
1747,114,21
1748,114,22
1749,114,23
1750,115,0
1751,115,1
1752,115,2
1753,115,3
1754,115,4
1755,115,5
1756,115,18
1757,115,19
1758,115,20
1759,115,21
1760,115,22
1761,115,23
1762,116,0
1763,116,1
1764,116,2
1765,116,3
1766,116,4
1767,116,5
1768,116,17
1769,116,18
1770,116,19
1771,116,20
1772,116,21
1773,116,22
1774,116,23
1775,117,0
1776,117,1
1777,117,2
1778,117,3
1779,117,4
1780,117,5
1781,117,18
1782,117,19
1783,117,20
1784,117,21
1785,117,22
1786,117,23
1787,118,0
1788,118,1
1789,118,2
1790,118,3
1791,118,4
1792,118,18
1793,118,19
1794,118,20
1795,118,21
1796,118,22
1797,118,23
1798,119,0
1799,119,1
1800,119,2
1801,119,3
1802,119,4
1803,119,18
1804,119,19
1805,119,20
1806,119,21
1807,119,22
1808,119,23
1809,120,0
1810,120,1
1811,120,2
1812,120,3
1813,120,4
1814,120,18
1815,120,19
1816,120,20
1817,120,21
1818,120,22
1819,120,23
1820,121,0
1821,121,1
1822,121,2
1823,121,3
1824,121,4
1825,121,18
1826,121,19
1827,121,20
1828,121,21
1829,121,22
1830,121,23
1831,122,0
1832,122,1
1833,122,2
1834,122,3
1835,122,4
1836,122,18
1837,122,19
1838,122,20
1839,122,21
1840,122,22
1841,122,23
1842,123,0
1843,123,1
1844,123,2
1845,123,3
1846,123,4
1847,123,18
1848,123,19
1849,123,20
1850,123,21
1851,123,22
1852,123,23
1853,124,0
1854,124,1
1855,124,2
1856,124,3
1857,124,4
1858,124,18
1859,124,19
1860,124,20
1861,124,21
1862,124,22
1863,124,23
1864,125,0
1865,125,1
1866,125,2
1867,125,3
1868,125,4
1869,125,18
1870,125,19
1871,125,20
1872,125,21
1873,125,22
1874,125,23
1875,126,0
1876,126,1
1877,126,2
1878,126,3
1879,126,4
1880,126,18
1881,126,19
1882,126,20
1883,126,21
1884,126,22
1885,126,23
1886,127,0
1887,127,1
1888,127,2
1889,127,3
1890,127,4
1891,127,18
1892,127,19
1893,127,20
1894,127,21
1895,127,22
1896,127,23
1897,128,0
1898,128,1
1899,128,2
1900,128,3
1901,128,4
1902,128,18
1903,128,19
1904,128,20
1905,128,21
1906,128,22
1907,128,23
1908,129,0
1909,129,1
1910,129,2
1911,129,3
1912,129,4
1913,129,18
1914,129,19
1915,129,20
1916,129,21
1917,129,22
1918,129,23
1919,130,0
1920,130,1
1921,130,2
1922,130,3
1923,130,4
1924,130,18
1925,130,19
1926,130,20
1927,130,21
1928,130,22
1929,130,23
1930,131,0
1931,131,1
1932,131,2
1933,131,3
1934,131,4
1935,131,18
1936,131,19
1937,131,20
1938,131,21
1939,131,22
1940,131,23
1941,132,0
1942,132,1
1943,132,2
1944,132,3
1945,132,4
1946,132,18
1947,132,19
1948,132,20
1949,132,21
1950,132,22
1951,132,23
1952,133,0
1953,133,1
1954,133,2
1955,133,3
1956,133,4
1957,133,18
1958,133,19
1959,133,20
1960,133,21
1961,133,22
1962,133,23
1963,134,0
1964,134,1
1965,134,2
1966,134,3
1967,134,4
1968,134,18
1969,134,19
1970,134,20
1971,134,21
1972,134,22
1973,134,23
1974,135,0
1975,135,1
1976,135,2
1977,135,3
1978,135,4
1979,135,18
1980,135,19
1981,135,20
1982,135,21
1983,135,22
1984,135,23
1985,136,0
1986,136,1
1987,136,2
1988,136,3
1989,136,4
1990,136,18
1991,136,19
1992,136,20
1993,136,21
1994,136,22
1995,136,23
1996,137,0
1997,137,1
1998,137,2
1999,137,3
2000,137,4
2001,137,18
2002,137,19
2003,137,20
2004,137,21
2005,137,22
2006,137,23
2007,138,0
2008,138,1
2009,138,2
2010,138,3
2011,138,4
2012,138,18
2013,138,19
2014,138,20
2015,138,21
2016,138,22
2017,138,23
2018,139,0
2019,139,1
2020,139,2
2021,139,3
2022,139,4
2023,139,18
2024,139,19
2025,139,20
2026,139,21
2027,139,22
2028,139,23
2029,140,0
2030,140,1
2031,140,2
2032,140,3
2033,140,4
2034,140,18
2035,140,19
2036,140,20
2037,140,21
2038,140,22
2039,140,23
2040,141,0
2041,141,1
2042,141,2
2043,141,3
2044,141,4
2045,141,18
2046,141,19
2047,141,20
2048,141,21
2049,141,22
2050,141,23
2051,142,0
2052,142,1
2053,142,2
2054,142,3
2055,142,4
2056,142,18
2057,142,19
2058,142,20
2059,142,21
2060,142,22
2061,142,23
2062,143,0
2063,143,1
2064,143,2
2065,143,3
2066,143,4
2067,143,18
2068,143,19
2069,143,20
2070,143,21
2071,143,22
2072,143,23
2073,144,0
2074,144,1
2075,144,2
2076,144,3
2077,144,4
2078,144,18
2079,144,19
2080,144,20
2081,144,21
2082,144,22
2083,144,23
2084,145,0
2085,145,1
2086,145,2
2087,145,3
2088,145,4
2089,145,18
2090,145,19
2091,145,20
2092,145,21
2093,145,22
2094,145,23
2095,146,0
2096,146,1
2097,146,2
2098,146,3
2099,146,4
2100,146,18
2101,146,19
2102,146,20
2103,146,21
2104,146,22
2105,146,23
2106,147,0
2107,147,1
2108,147,2
2109,147,3
2110,147,4
2111,147,18
2112,147,19
2113,147,20
2114,147,21
2115,147,22
2116,147,23
2117,148,0
2118,148,1
2119,148,2
2120,148,3
2121,148,4
2122,148,18
2123,148,19
2124,148,20
2125,148,21
2126,148,22
2127,148,23
2128,149,0
2129,149,1
2130,149,2
2131,149,3
2132,149,4
2133,149,18
2134,149,19
2135,149,20
2136,149,21
2137,149,22
2138,149,23
2139,150,0
2140,150,1
2141,150,2
2142,150,3
2143,150,4
2144,150,18
2145,150,19
2146,150,20
2147,150,21
2148,150,22
2149,150,23
2150,151,0
2151,151,1
2152,151,2
2153,151,3
2154,151,4
2155,151,18
2156,151,19
2157,151,20
2158,151,21
2159,151,22
2160,151,23
2161,152,0
2162,152,1
2163,152,2
2164,152,3
2165,152,4
2166,152,18
2167,152,19
2168,152,20
2169,152,21
2170,152,22
2171,152,23
2172,153,0
2173,153,1
2174,153,2
2175,153,3
2176,153,4
2177,153,18
2178,153,19
2179,153,20
2180,153,21
2181,153,22
2182,153,23
2183,154,0
2184,154,1
2185,154,2
2186,154,3
2187,154,4
2188,154,18
2189,154,19
2190,154,20
2191,154,21
2192,154,22
2193,154,23
2194,155,0
2195,155,1
2196,155,2
2197,155,3
2198,155,4
2199,155,18
2200,155,19
2201,155,20
2202,155,21
2203,155,22
2204,155,23
2205,156,0
2206,156,1
2207,156,2
2208,156,3
2209,156,4
2210,156,18
2211,156,19
2212,156,20
2213,156,21
2214,156,22
2215,156,23
2216,157,0
2217,157,1
2218,157,2
2219,157,3
2220,157,4
2221,157,18
2222,157,19
2223,157,20
2224,157,21
2225,157,22
2226,157,23
2227,158,0
2228,158,1
2229,158,2
2230,158,3
2231,158,4
2232,158,18
2233,158,19
2234,158,20
2235,158,21
2236,158,22
2237,158,23
2238,159,0
2239,159,1
2240,159,2
2241,159,3
2242,159,4
2243,159,18
2244,159,19
2245,159,20
2246,159,21
2247,159,22
2248,159,23
2249,160,0
2250,160,1
2251,160,2
2252,160,3
2253,160,4
2254,160,18
2255,160,19
2256,160,20
2257,160,21
2258,160,22
2259,160,23
2260,161,0
2261,161,1
2262,161,2
2263,161,3
2264,161,4
2265,161,18
2266,161,19
2267,161,20
2268,161,21
2269,161,22
2270,161,23
2271,162,0
2272,162,1
2273,162,2
2274,162,3
2275,162,4
2276,162,18
2277,162,19
2278,162,20
2279,162,21
2280,162,22
2281,162,23
2282,163,0
2283,163,1
2284,163,2
2285,163,3
2286,163,4
2287,163,18
2288,163,19
2289,163,20
2290,163,21
2291,163,22
2292,163,23
2293,164,0
2294,164,1
2295,164,2
2296,164,3
2297,164,4
2298,164,18
2299,164,19
2300,164,20
2301,164,21
2302,164,22
2303,164,23
2304,165,0
2305,165,1
2306,165,2
2307,165,3
2308,165,4
2309,165,18
2310,165,19
2311,165,20
2312,165,21
2313,165,22
2314,165,23
2315,166,0
2316,166,1
2317,166,2
2318,166,3
2319,166,4
2320,166,18
2321,166,19
2322,166,20
2323,166,21
2324,166,22
2325,166,23
2326,167,0
2327,167,1
2328,167,2
2329,167,3
2330,167,4
2331,167,18
2332,167,19
2333,167,20
2334,167,21
2335,167,22
2336,167,23
2337,168,0
2338,168,1
2339,168,2
2340,168,3
2341,168,4
2342,168,18
2343,168,19
2344,168,20
2345,168,21
2346,168,22
2347,168,23
2348,169,0
2349,169,1
2350,169,2
2351,169,3
2352,169,4
2353,169,18
2354,169,19
2355,169,20
2356,169,21
2357,169,22
2358,169,23
2359,170,0
2360,170,1
2361,170,2
2362,170,3
2363,170,4
2364,170,18
2365,170,19
2366,170,20
2367,170,21
2368,170,22
2369,170,23
2370,171,0
2371,171,1
2372,171,2
2373,171,3
2374,171,4
2375,171,18
2376,171,19
2377,171,20
2378,171,21
2379,171,22
2380,171,23
2381,172,0
2382,172,1
2383,172,2
2384,172,3
2385,172,4
2386,172,18
2387,172,19
2388,172,20
2389,172,21
2390,172,22
2391,172,23
2392,173,0
2393,173,1
2394,173,2
2395,173,3
2396,173,4
2397,173,18
2398,173,19
2399,173,20
2400,173,21
2401,173,22
2402,173,23
2403,174,0
2404,174,1
2405,174,2
2406,174,3
2407,174,4
2408,174,18
2409,174,19
2410,174,20
2411,174,21
2412,174,22
2413,174,23
2414,175,0
2415,175,1
2416,175,2
2417,175,3
2418,175,4
2419,175,18
2420,175,19
2421,175,20
2422,175,21
2423,175,22
2424,175,23
2425,176,0
2426,176,1
2427,176,2
2428,176,3
2429,176,4
2430,176,18
2431,176,19
2432,176,20
2433,176,21
2434,176,22
2435,176,23
2436,177,0
2437,177,1
2438,177,2
2439,177,3
2440,177,4
2441,177,18
2442,177,19
2443,177,20
2444,177,21
2445,177,22
2446,177,23
2447,178,0
2448,178,1
2449,178,2
2450,178,3
2451,178,4
2452,178,18
2453,178,19
2454,178,20
2455,178,21
2456,178,22
2457,178,23
2458,179,0
2459,179,1
2460,179,2
2461,179,3
2462,179,4
2463,179,18
2464,179,19
2465,179,20
2466,179,21
2467,179,22
2468,179,23
2469,180,0
2470,180,1
2471,180,2
2472,180,3
2473,180,4
2474,180,18
2475,180,19
2476,180,20
2477,180,21
2478,180,22
2479,180,23
2480,181,0
2481,181,1
2482,181,2
2483,181,3
2484,181,4
2485,181,18
2486,181,19
2487,181,20
2488,181,21
2489,181,22
2490,181,23
2491,182,0
2492,182,1
2493,182,2
2494,182,3
2495,182,4
2496,182,18
2497,182,19
2498,182,20
2499,182,21
2500,182,22
2501,182,23
2502,183,0
2503,183,1
2504,183,2
2505,183,3
2506,183,4
2507,183,18
2508,183,19
2509,183,20
2510,183,21
2511,183,22
2512,183,23
2513,184,0
2514,184,1
2515,184,2
2516,184,3
2517,184,4
2518,184,18
2519,184,19
2520,184,20
2521,184,21
2522,184,22
2523,184,23
2524,185,0
2525,185,1
2526,185,2
2527,185,3
2528,185,4
2529,185,18
2530,185,19
2531,185,20
2532,185,21
2533,185,22
2534,185,23
2535,186,0
2536,186,1
2537,186,2
2538,186,3
2539,186,4
2540,186,18
2541,186,19
2542,186,20
2543,186,21
2544,186,22
2545,186,23
2546,187,0
2547,187,1
2548,187,2
2549,187,3
2550,187,4
2551,187,18
2552,187,19
2553,187,20
2554,187,21
2555,187,22
2556,187,23
2557,188,0
2558,188,1
2559,188,2
2560,188,3
2561,188,4
2562,188,18
2563,188,19
2564,188,20
2565,188,21
2566,188,22
2567,188,23
2568,189,0
2569,189,1
2570,189,2
2571,189,3
2572,189,4
2573,189,18
2574,189,19
2575,189,20
2576,189,21
2577,189,22
2578,189,23
2579,190,0
2580,190,1
2581,190,2
2582,190,3
2583,190,4
2584,190,18
2585,190,19
2586,190,20
2587,190,21
2588,190,22
2589,190,23
2590,191,0
2591,191,1
2592,191,2
2593,191,3
2594,191,4
2595,191,18
2596,191,19
2597,191,20
2598,191,21
2599,191,22
2600,191,23
2601,192,0
2602,192,1
2603,192,2
2604,192,3
2605,192,4
2606,192,18
2607,192,19
2608,192,20
2609,192,21
2610,192,22
2611,192,23
2612,193,0
2613,193,1
2614,193,2
2615,193,3
2616,193,4
2617,193,18
2618,193,19
2619,193,20
2620,193,21
2621,193,22
2622,193,23
2623,194,0
2624,194,1
2625,194,2
2626,194,3
2627,194,4
2628,194,18
2629,194,19
2630,194,20
2631,194,21
2632,194,22
2633,194,23
2634,195,0
2635,195,1
2636,195,2
2637,195,3
2638,195,4
2639,195,18
2640,195,19
2641,195,20
2642,195,21
2643,195,22
2644,195,23
2645,196,0
2646,196,1
2647,196,2
2648,196,3
2649,196,4
2650,196,18
2651,196,19
2652,196,20
2653,196,21
2654,196,22
2655,196,23
2656,197,0
2657,197,1
2658,197,2
2659,197,3
2660,197,4
2661,197,18
2662,197,19
2663,197,20
2664,197,21
2665,197,22
2666,197,23
2667,198,0
2668,198,1
2669,198,2
2670,198,3
2671,198,4
2672,198,18
2673,198,19
2674,198,20
2675,198,21
2676,198,22
2677,198,23
2678,199,0
2679,199,1
2680,199,2
2681,199,3
2682,199,4
2683,199,18
2684,199,19
2685,199,20
2686,199,21
2687,199,22
2688,199,23
2689,200,0
2690,200,1
2691,200,2
2692,200,3
2693,200,4
2694,200,18
2695,200,19
2696,200,20
2697,200,21
2698,200,22
2699,200,23
2700,201,0
2701,201,1
2702,201,2
2703,201,3
2704,201,4
2705,201,18
2706,201,19
2707,201,20
2708,201,21
2709,201,22
2710,201,23
2711,202,0
2712,202,1
2713,202,2
2714,202,3
2715,202,4
2716,202,18
2717,202,19
2718,202,20
2719,202,21
2720,202,22
2721,202,23
2722,203,0
2723,203,1
2724,203,2
2725,203,3
2726,203,4
2727,203,18
2728,203,19
2729,203,20
2730,203,21
2731,203,22
2732,203,23
2733,204,0
2734,204,1
2735,204,2
2736,204,3
2737,204,4
2738,204,18
2739,204,19
2740,204,20
2741,204,21
2742,204,22
2743,204,23
2744,205,0
2745,205,1
2746,205,2
2747,205,3
2748,205,4
2749,205,18
2750,205,19
2751,205,20
2752,205,21
2753,205,22
2754,205,23
2755,206,0
2756,206,1
2757,206,2
2758,206,3
2759,206,4
2760,206,18
2761,206,19
2762,206,20
2763,206,21
2764,206,22
2765,206,23
2766,207,0
2767,207,1
2768,207,2
2769,207,3
2770,207,4
2771,207,18
2772,207,19
2773,207,20
2774,207,21
2775,207,22
2776,207,23
2777,208,0
2778,208,1
2779,208,2
2780,208,3
2781,208,4
2782,208,18
2783,208,19
2784,208,20
2785,208,21
2786,208,22
2787,208,23
2788,209,0
2789,209,1
2790,209,2
2791,209,3
2792,209,4
2793,209,18
2794,209,19
2795,209,20
2796,209,21
2797,209,22
2798,209,23
2799,210,0
2800,210,1
2801,210,2
2802,210,3
2803,210,4
2804,210,18
2805,210,19
2806,210,20
2807,210,21
2808,210,22
2809,210,23
2810,211,0
2811,211,1
2812,211,2
2813,211,3
2814,211,4
2815,211,18
2816,211,19
2817,211,20
2818,211,21
2819,211,22
2820,211,23
2821,212,0
2822,212,1
2823,212,2
2824,212,3
2825,212,4
2826,212,18
2827,212,19
2828,212,20
2829,212,21
2830,212,22
2831,212,23
2832,213,0
2833,213,1
2834,213,2
2835,213,3
2836,213,4
2837,213,18
2838,213,19
2839,213,20
2840,213,21
2841,213,22
2842,213,23
2843,214,0
2844,214,1
2845,214,2
2846,214,3
2847,214,4
2848,214,18
2849,214,19
2850,214,20
2851,214,21
2852,214,22
2853,214,23
2854,215,0
2855,215,1
2856,215,2
2857,215,3
2858,215,4
2859,215,18
2860,215,19
2861,215,20
2862,215,21
2863,215,22
2864,215,23
2865,216,0
2866,216,1
2867,216,2
2868,216,3
2869,216,4
2870,216,18
2871,216,19
2872,216,20
2873,216,21
2874,216,22
2875,216,23
2876,217,0
2877,217,1
2878,217,2
2879,217,3
2880,217,4
2881,217,18
2882,217,19
2883,217,20
2884,217,21
2885,217,22
2886,217,23
2887,218,0
2888,218,1
2889,218,2
2890,218,3
2891,218,4
2892,218,18
2893,218,19
2894,218,20
2895,218,21
2896,218,22
2897,218,23
2898,219,0
2899,219,1
2900,219,2
2901,219,3
2902,219,4
2903,219,18
2904,219,19
2905,219,20
2906,219,21
2907,219,22
2908,219,23
2909,220,0
2910,220,1
2911,220,2
2912,220,3
2913,220,4
2914,220,18
2915,220,19
2916,220,20
2917,220,21
2918,220,22
2919,220,23
2920,221,0
2921,221,1
2922,221,2
2923,221,3
2924,221,4
2925,221,18
2926,221,19
2927,221,20
2928,221,21
2929,221,22
2930,221,23
2931,222,0
2932,222,1
2933,222,2
2934,222,3
2935,222,4
2936,222,18
2937,222,19
2938,222,20
2939,222,21
2940,222,22
2941,222,23
2942,223,0
2943,223,1
2944,223,2
2945,223,3
2946,223,4
2947,223,18
2948,223,19
2949,223,20
2950,223,21
2951,223,22
2952,223,23
2953,224,0
2954,224,1
2955,224,2
2956,224,3
2957,224,4
2958,224,18
2959,224,19
2960,224,20
2961,224,21
2962,224,22
2963,224,23
2964,225,0
2965,225,1
2966,225,2
2967,225,3
2968,225,4
2969,225,18
2970,225,19
2971,225,20
2972,225,21
2973,225,22
2974,225,23
2975,226,0
2976,226,1
2977,226,2
2978,226,3
2979,226,4
2980,226,18
2981,226,19
2982,226,20
2983,226,21
2984,226,22
2985,226,23
2986,227,0
2987,227,1
2988,227,2
2989,227,3
2990,227,4
2991,227,18
2992,227,19
2993,227,20
2994,227,21
2995,227,22
2996,227,23
2997,228,0
2998,228,1
2999,228,2
3000,228,3
3001,228,4
3002,228,18
3003,228,19
3004,228,20
3005,228,21
3006,228,22
3007,228,23
3008,229,0
3009,229,1
3010,229,2
3011,229,3
3012,229,4
3013,229,18
3014,229,19
3015,229,20
3016,229,21
3017,229,22
3018,229,23
3019,230,0
3020,230,1
3021,230,2
3022,230,3
3023,230,4
3024,230,18
3025,230,19
3026,230,20
3027,230,21
3028,230,22
3029,230,23
3030,231,0
3031,231,1
3032,231,2
3033,231,3
3034,231,4
3035,231,18
3036,231,19
3037,231,20
3038,231,21
3039,231,22
3040,231,23
3041,232,0
3042,232,1
3043,232,2
3044,232,3
3045,232,4
3046,232,18
3047,232,19
3048,232,20
3049,232,21
3050,232,22
3051,232,23
3052,233,0
3053,233,1
3054,233,2
3055,233,3
3056,233,4
3057,233,17
3058,233,18
3059,233,19
3060,233,20
3061,233,21
3062,233,22
3063,233,23
3064,234,0
3065,234,1
3066,234,2
3067,234,3
3068,234,4
3069,234,5
3070,234,17
3071,234,18
3072,234,19
3073,234,20
3074,234,21
3075,234,22
3076,234,23
3077,235,0
3078,235,1
3079,235,2
3080,235,3
3081,235,4
3082,235,5
3083,235,17
3084,235,18
3085,235,19
3086,235,20
3087,235,21
3088,235,22
3089,235,23
3090,236,0
3091,236,1
3092,236,2
3093,236,3
3094,236,4
3095,236,5
3096,236,17
3097,236,18
3098,236,19
3099,236,20
3100,236,21
3101,236,22
3102,236,23
3103,237,0
3104,237,1
3105,237,2
3106,237,3
3107,237,4
3108,237,5
3109,237,17
3110,237,18
3111,237,19
3112,237,20
3113,237,21
3114,237,22
3115,237,23
3116,238,0
3117,238,1
3118,238,2
3119,238,3
3120,238,4
3121,238,5
3122,238,17
3123,238,18
3124,238,19
3125,238,20
3126,238,21
3127,238,22
3128,238,23
3129,239,0
3130,239,1
3131,239,2
3132,239,3
3133,239,4
3134,239,5
3135,239,17
3136,239,18
3137,239,19
3138,239,20
3139,239,21
3140,239,22
3141,239,23
3142,240,0
3143,240,1
3144,240,2
3145,240,3
3146,240,4
3147,240,5
3148,240,17
3149,240,18
3150,240,19
3151,240,20
3152,240,21
3153,240,22
3154,240,23
3155,241,0
3156,241,1
3157,241,2
3158,241,3
3159,241,4
3160,241,5
3161,241,17
3162,241,18
3163,241,19
3164,241,20
3165,241,21
3166,241,22
3167,241,23
3168,242,0
3169,242,1
3170,242,2
3171,242,3
3172,242,4
3173,242,5
3174,242,17
3175,242,18
3176,242,19
3177,242,20
3178,242,21
3179,242,22
3180,242,23
3181,243,0
3182,243,1
3183,243,2
3184,243,3
3185,243,4
3186,243,5
3187,243,17
3188,243,18
3189,243,19
3190,243,20
3191,243,21
3192,243,22
3193,243,23
3194,244,0
3195,244,1
3196,244,2
3197,244,3
3198,244,4
3199,244,5
3200,244,17
3201,244,18
3202,244,19
3203,244,20
3204,244,21
3205,244,22
3206,244,23
3207,245,0
3208,245,1
3209,245,2
3210,245,3
3211,245,4
3212,245,5
3213,245,17
3214,245,18
3215,245,19
3216,245,20
3217,245,21
3218,245,22
3219,245,23
3220,246,0
3221,246,1
3222,246,2
3223,246,3
3224,246,4
3225,246,5
3226,246,17
3227,246,18
3228,246,19
3229,246,20
3230,246,21
3231,246,22
3232,246,23
3233,247,0
3234,247,1
3235,247,2
3236,247,3
3237,247,4
3238,247,5
3239,247,17
3240,247,18
3241,247,19
3242,247,20
3243,247,21
3244,247,22
3245,247,23
3246,248,0
3247,248,1
3248,248,2
3249,248,3
3250,248,4
3251,248,5
3252,248,17
3253,248,18
3254,248,19
3255,248,20
3256,248,21
3257,248,22
3258,248,23
3259,249,0
3260,249,1
3261,249,2
3262,249,3
3263,249,4
3264,249,5
3265,249,17
3266,249,18
3267,249,19
3268,249,20
3269,249,21
3270,249,22
3271,249,23
3272,250,0
3273,250,1
3274,250,2
3275,250,3
3276,250,4
3277,250,5
3278,250,17
3279,250,18
3280,250,19
3281,250,20
3282,250,21
3283,250,22
3284,250,23
3285,251,0
3286,251,1
3287,251,2
3288,251,3
3289,251,4
3290,251,5
3291,251,17
3292,251,18
3293,251,19
3294,251,20
3295,251,21
3296,251,22
3297,251,23
3298,252,0
3299,252,1
3300,252,2
3301,252,3
3302,252,4
3303,252,5
3304,252,17
3305,252,18
3306,252,19
3307,252,20
3308,252,21
3309,252,22
3310,252,23
3311,253,0
3312,253,1
3313,253,2
3314,253,3
3315,253,4
3316,253,5
3317,253,17
3318,253,18
3319,253,19
3320,253,20
3321,253,21
3322,253,22
3323,253,23
3324,254,0
3325,254,1
3326,254,2
3327,254,3
3328,254,4
3329,254,5
3330,254,17
3331,254,18
3332,254,19
3333,254,20
3334,254,21
3335,254,22
3336,254,23
3337,255,0
3338,255,1
3339,255,2
3340,255,3
3341,255,4
3342,255,5
3343,255,17
3344,255,18
3345,255,19
3346,255,20
3347,255,21
3348,255,22
3349,255,23
3350,256,0
3351,256,1
3352,256,2
3353,256,3
3354,256,4
3355,256,5
3356,256,17
3357,256,18
3358,256,19
3359,256,20
3360,256,21
3361,256,22
3362,256,23
3363,257,0
3364,257,1
3365,257,2
3366,257,3
3367,257,4
3368,257,5
3369,257,17
3370,257,18
3371,257,19
3372,257,20
3373,257,21
3374,257,22
3375,257,23
3376,258,0
3377,258,1
3378,258,2
3379,258,3
3380,258,4
3381,258,5
3382,258,17
3383,258,18
3384,258,19
3385,258,20
3386,258,21
3387,258,22
3388,258,23
3389,259,0
3390,259,1
3391,259,2
3392,259,3
3393,259,4
3394,259,5
3395,259,17
3396,259,18
3397,259,19
3398,259,20
3399,259,21
3400,259,22
3401,259,23
3402,260,0
3403,260,1
3404,260,2
3405,260,3
3406,260,4
3407,260,5
3408,260,17
3409,260,18
3410,260,19
3411,260,20
3412,260,21
3413,260,22
3414,260,23
3415,261,0
3416,261,1
3417,261,2
3418,261,3
3419,261,4
3420,261,5
3421,261,17
3422,261,18
3423,261,19
3424,261,20
3425,261,21
3426,261,22
3427,261,23
3428,262,0
3429,262,1
3430,262,2
3431,262,3
3432,262,4
3433,262,5
3434,262,17
3435,262,18
3436,262,19
3437,262,20
3438,262,21
3439,262,22
3440,262,23
3441,263,0
3442,263,1
3443,263,2
3444,263,3
3445,263,4
3446,263,5
3447,263,17
3448,263,18
3449,263,19
3450,263,20
3451,263,21
3452,263,22
3453,263,23
3454,264,0
3455,264,1
3456,264,2
3457,264,3
3458,264,4
3459,264,5
3460,264,17
3461,264,18
3462,264,19
3463,264,20
3464,264,21
3465,264,22
3466,264,23
3467,265,0
3468,265,1
3469,265,2
3470,265,3
3471,265,4
3472,265,5
3473,265,17
3474,265,18
3475,265,19
3476,265,20
3477,265,21
3478,265,22
3479,265,23
3480,266,0
3481,266,1
3482,266,2
3483,266,3
3484,266,4
3485,266,5
3486,266,17
3487,266,18
3488,266,19
3489,266,20
3490,266,21
3491,266,22
3492,266,23
3493,267,0
3494,267,1
3495,267,2
3496,267,3
3497,267,4
3498,267,5
3499,267,17
3500,267,18
3501,267,19
3502,267,20
3503,267,21
3504,267,22
3505,267,23
3506,268,0
3507,268,1
3508,268,2
3509,268,3
3510,268,4
3511,268,5
3512,268,17
3513,268,18
3514,268,19
3515,268,20
3516,268,21
3517,268,22
3518,268,23
3519,269,0
3520,269,1
3521,269,2
3522,269,3
3523,269,4
3524,269,5
3525,269,6
3526,269,17
3527,269,18
3528,269,19
3529,269,20
3530,269,21
3531,269,22
3532,269,23
3533,270,0
3534,270,1
3535,270,2
3536,270,3
3537,270,4
3538,270,5
3539,270,6
3540,270,17
3541,270,18
3542,270,19
3543,270,20
3544,270,21
3545,270,22
3546,270,23
3547,271,0
3548,271,1
3549,271,2
3550,271,3
3551,271,4
3552,271,5
3553,271,6
3554,271,17
3555,271,18
3556,271,19
3557,271,20
3558,271,21
3559,271,22
3560,271,23
3561,272,0
3562,272,1
3563,272,2
3564,272,3
3565,272,4
3566,272,5
3567,272,6
3568,272,16
3569,272,17
3570,272,18
3571,272,19
3572,272,20
3573,272,21
3574,272,22
3575,272,23
3576,273,0
3577,273,1
3578,273,2
3579,273,3
3580,273,4
3581,273,5
3582,273,6
3583,273,17
3584,273,18
3585,273,19
3586,273,20
3587,273,21
3588,273,22
3589,273,23
3590,274,0
3591,274,1
3592,274,2
3593,274,3
3594,274,4
3595,274,5
3596,274,6
3597,274,16
3598,274,17
3599,274,18
3600,274,19
3601,274,20
3602,274,21
3603,274,22
3604,274,23
3605,275,0
3606,275,1
3607,275,2
3608,275,3
3609,275,4
3610,275,5
3611,275,6
3612,275,16
3613,275,17
3614,275,18
3615,275,19
3616,275,20
3617,275,21
3618,275,22
3619,275,23
3620,276,0
3621,276,1
3622,276,2
3623,276,3
3624,276,4
3625,276,5
3626,276,6
3627,276,16
3628,276,17
3629,276,18
3630,276,19
3631,276,20
3632,276,21
3633,276,22
3634,276,23
3635,277,0
3636,277,1
3637,277,2
3638,277,3
3639,277,4
3640,277,5
3641,277,6
3642,277,16
3643,277,17
3644,277,18
3645,277,19
3646,277,20
3647,277,21
3648,277,22
3649,277,23
3650,278,0
3651,278,1
3652,278,2
3653,278,3
3654,278,4
3655,278,5
3656,278,6
3657,278,16
3658,278,17
3659,278,18
3660,278,19
3661,278,20
3662,278,21
3663,278,22
3664,278,23
3665,279,0
3666,279,1
3667,279,2
3668,279,3
3669,279,4
3670,279,5
3671,279,6
3672,279,16
3673,279,17
3674,279,18
3675,279,19
3676,279,20
3677,279,21
3678,279,22
3679,279,23
3680,280,0
3681,280,1
3682,280,2
3683,280,3
3684,280,4
3685,280,5
3686,280,6
3687,280,16
3688,280,17
3689,280,18
3690,280,19
3691,280,20
3692,280,21
3693,280,22
3694,280,23
3695,281,0
3696,281,1
3697,281,2
3698,281,3
3699,281,4
3700,281,5
3701,281,6
3702,281,16
3703,281,17
3704,281,18
3705,281,19
3706,281,20
3707,281,21
3708,281,22
3709,281,23
3710,282,0
3711,282,1
3712,282,2
3713,282,3
3714,282,4
3715,282,5
3716,282,6
3717,282,16
3718,282,17
3719,282,18
3720,282,19
3721,282,20
3722,282,21
3723,282,22
3724,282,23
3725,283,0
3726,283,1
3727,283,2
3728,283,3
3729,283,4
3730,283,5
3731,283,6
3732,283,16
3733,283,17
3734,283,18
3735,283,19
3736,283,20
3737,283,21
3738,283,22
3739,283,23
3740,284,0
3741,284,1
3742,284,2
3743,284,3
3744,284,4
3745,284,5
3746,284,6
3747,284,16
3748,284,17
3749,284,18
3750,284,19
3751,284,20
3752,284,21
3753,284,22
3754,284,23
3755,285,0
3756,285,1
3757,285,2
3758,285,3
3759,285,4
3760,285,5
3761,285,6
3762,285,16
3763,285,17
3764,285,18
3765,285,19
3766,285,20
3767,285,21
3768,285,22
3769,285,23
3770,286,0
3771,286,1
3772,286,2
3773,286,3
3774,286,4
3775,286,5
3776,286,6
3777,286,16
3778,286,17
3779,286,18
3780,286,19
3781,286,20
3782,286,21
3783,286,22
3784,286,23
3785,287,0
3786,287,1
3787,287,2
3788,287,3
3789,287,4
3790,287,5
3791,287,6
3792,287,16
3793,287,17
3794,287,18
3795,287,19
3796,287,20
3797,287,21
3798,287,22
3799,287,23
3800,288,0
3801,288,1
3802,288,2
3803,288,3
3804,288,4
3805,288,5
3806,288,6
3807,288,16
3808,288,17
3809,288,18
3810,288,19
3811,288,20
3812,288,21
3813,288,22
3814,288,23
3815,289,0
3816,289,1
3817,289,2
3818,289,3
3819,289,4
3820,289,5
3821,289,6
3822,289,16
3823,289,17
3824,289,18
3825,289,19
3826,289,20
3827,289,21
3828,289,22
3829,289,23
3830,290,0
3831,290,1
3832,290,2
3833,290,3
3834,290,4
3835,290,5
3836,290,6
3837,290,16
3838,290,17
3839,290,18
3840,290,19
3841,290,20
3842,290,21
3843,290,22
3844,290,23
3845,291,0
3846,291,1
3847,291,2
3848,291,3
3849,291,4
3850,291,5
3851,291,6
3852,291,16
3853,291,17
3854,291,18
3855,291,19
3856,291,20
3857,291,21
3858,291,22
3859,291,23
3860,292,0
3861,292,1
3862,292,2
3863,292,3
3864,292,4
3865,292,5
3866,292,6
3867,292,16
3868,292,17
3869,292,18
3870,292,19
3871,292,20
3872,292,21
3873,292,22
3874,292,23
3875,293,0
3876,293,1
3877,293,2
3878,293,3
3879,293,4
3880,293,5
3881,293,6
3882,293,16
3883,293,17
3884,293,18
3885,293,19
3886,293,20
3887,293,21
3888,293,22
3889,293,23
3890,294,0
3891,294,1
3892,294,2
3893,294,3
3894,294,4
3895,294,5
3896,294,6
3897,294,7
3898,294,16
3899,294,17
3900,294,18
3901,294,19
3902,294,20
3903,294,21
3904,294,22
3905,294,23
3906,295,0
3907,295,1
3908,295,2
3909,295,3
3910,295,4
3911,295,5
3912,295,6
3913,295,16
3914,295,17
3915,295,18
3916,295,19
3917,295,20
3918,295,21
3919,295,22
3920,295,23
3921,296,0
3922,296,1
3923,296,2
3924,296,3
3925,296,4
3926,296,5
3927,296,6
3928,296,16
3929,296,17
3930,296,18
3931,296,19
3932,296,20
3933,296,21
3934,296,22
3935,296,23
3936,297,0
3937,297,1
3938,297,2
3939,297,3
3940,297,4
3941,297,5
3942,297,6
3943,297,7
3944,297,16
3945,297,17
3946,297,18
3947,297,19
3948,297,20
3949,297,21
3950,297,22
3951,297,23
3952,298,0
3953,298,1
3954,298,2
3955,298,3
3956,298,4
3957,298,5
3958,298,6
3959,298,7
3960,298,16
3961,298,17
3962,298,18
3963,298,19
3964,298,20
3965,298,21
3966,298,22
3967,298,23
3968,299,0
3969,299,1
3970,299,2
3971,299,3
3972,299,4
3973,299,5
3974,299,6
3975,299,7
3976,299,16
3977,299,17
3978,299,18
3979,299,19
3980,299,20
3981,299,21
3982,299,22
3983,299,23
3984,300,0
3985,300,1
3986,300,2
3987,300,3
3988,300,4
3989,300,5
3990,300,6
3991,300,7
3992,300,16
3993,300,17
3994,300,18
3995,300,19
3996,300,20
3997,300,21
3998,300,22
3999,300,23
4000,301,0
4001,301,1
4002,301,2
4003,301,3
4004,301,4
4005,301,5
4006,301,6
4007,301,7
4008,301,16
4009,301,17
4010,301,18
4011,301,19
4012,301,20
4013,301,21
4014,301,22
4015,301,23
4016,302,0
4017,302,1
4018,302,2
4019,302,3
4020,302,4
4021,302,5
4022,302,6
4023,302,7
4024,302,16
4025,302,17
4026,302,18
4027,302,19
4028,302,20
4029,302,21
4030,302,22
4031,302,23
4032,303,0
4033,303,1
4034,303,2
4035,303,3
4036,303,4
4037,303,5
4038,303,6
4039,303,7
4040,303,16
4041,303,17
4042,303,18
4043,303,19
4044,303,20
4045,303,21
4046,303,22
4047,303,23
4048,304,0
4049,304,1
4050,304,2
4051,304,3
4052,304,4
4053,304,5
4054,304,6
4055,304,7
4056,304,16
4057,304,17
4058,304,18
4059,304,19
4060,304,20
4061,304,21
4062,304,22
4063,304,23
4064,305,0
4065,305,1
4066,305,2
4067,305,3
4068,305,4
4069,305,5
4070,305,6
4071,305,7
4072,305,15
4073,305,16
4074,305,17
4075,305,18
4076,305,19
4077,305,20
4078,305,21
4079,305,22
4080,305,23
4081,306,0
4082,306,1
4083,306,2
4084,306,3
4085,306,4
4086,306,5
4087,306,6
4088,306,7
4089,306,15
4090,306,16
4091,306,17
4092,306,18
4093,306,19
4094,306,20
4095,306,21
4096,306,22
4097,306,23
4098,307,0
4099,307,1
4100,307,2
4101,307,3
4102,307,4
4103,307,5
4104,307,6
4105,307,7
4106,307,15
4107,307,16
4108,307,17
4109,307,18
4110,307,19
4111,307,20
4112,307,21
4113,307,22
4114,307,23
4115,308,0
4116,308,1
4117,308,2
4118,308,3
4119,308,4
4120,308,5
4121,308,6
4122,308,7
4123,308,15
4124,308,16
4125,308,17
4126,308,18
4127,308,19
4128,308,20
4129,308,21
4130,308,22
4131,308,23
4132,309,0
4133,309,1
4134,309,2
4135,309,3
4136,309,4
4137,309,5
4138,309,6
4139,309,7
4140,309,15
4141,309,16
4142,309,17
4143,309,18
4144,309,19
4145,309,20
4146,309,21
4147,309,22
4148,309,23
4149,310,0
4150,310,1
4151,310,2
4152,310,3
4153,310,4
4154,310,5
4155,310,6
4156,310,7
4157,310,15
4158,310,16
4159,310,17
4160,310,18
4161,310,19
4162,310,20
4163,310,21
4164,310,22
4165,310,23
4166,311,0
4167,311,1
4168,311,2
4169,311,3
4170,311,4
4171,311,5
4172,311,6
4173,311,7
4174,311,8
4175,311,15
4176,311,16
4177,311,17
4178,311,18
4179,311,19
4180,311,20
4181,311,21
4182,311,22
4183,311,23
4184,312,0
4185,312,1
4186,312,2
4187,312,3
4188,312,4
4189,312,5
4190,312,6
4191,312,7
4192,312,15
4193,312,16
4194,312,17
4195,312,18
4196,312,19
4197,312,20
4198,312,21
4199,312,22
4200,312,23
4201,313,0
4202,313,1
4203,313,2
4204,313,3
4205,313,4
4206,313,5
4207,313,6
4208,313,7
4209,313,15
4210,313,16
4211,313,17
4212,313,18
4213,313,19
4214,313,20
4215,313,21
4216,313,22
4217,313,23
4218,314,0
4219,314,1
4220,314,2
4221,314,3
4222,314,4
4223,314,5
4224,314,6
4225,314,7
4226,314,15
4227,314,16
4228,314,17
4229,314,18
4230,314,19
4231,314,20
4232,314,21
4233,314,22
4234,314,23
4235,315,0
4236,315,1
4237,315,2
4238,315,3
4239,315,4
4240,315,5
4241,315,6
4242,315,7
4243,315,15
4244,315,16
4245,315,17
4246,315,18
4247,315,19
4248,315,20
4249,315,21
4250,315,22
4251,315,23
4252,316,0
4253,316,1
4254,316,2
4255,316,3
4256,316,4
4257,316,5
4258,316,6
4259,316,7
4260,316,15
4261,316,16
4262,316,17
4263,316,18
4264,316,19
4265,316,20
4266,316,21
4267,316,22
4268,316,23
4269,317,0
4270,317,1
4271,317,2
4272,317,3
4273,317,4
4274,317,5
4275,317,6
4276,317,7
4277,317,15
4278,317,16
4279,317,17
4280,317,18
4281,317,19
4282,317,20
4283,317,21
4284,317,22
4285,317,23
4286,318,0
4287,318,1
4288,318,2
4289,318,3
4290,318,4
4291,318,5
4292,318,6
4293,318,7
4294,318,8
4295,318,15
4296,318,16
4297,318,17
4298,318,18
4299,318,19
4300,318,20
4301,318,21
4302,318,22
4303,318,23
4304,319,0
4305,319,1
4306,319,2
4307,319,3
4308,319,4
4309,319,5
4310,319,6
4311,319,7
4312,319,15
4313,319,16
4314,319,17
4315,319,18
4316,319,19
4317,319,20
4318,319,21
4319,319,22
4320,319,23
4321,320,0
4322,320,1
4323,320,2
4324,320,3
4325,320,4
4326,320,5
4327,320,6
4328,320,7
4329,320,8
4330,320,15
4331,320,16
4332,320,17
4333,320,18
4334,320,19
4335,320,20
4336,320,21
4337,320,22
4338,320,23
4339,321,0
4340,321,1
4341,321,2
4342,321,3
4343,321,4
4344,321,5
4345,321,6
4346,321,7
4347,321,8
4348,321,15
4349,321,16
4350,321,17
4351,321,18
4352,321,19
4353,321,20
4354,321,21
4355,321,22
4356,321,23
4357,322,0
4358,322,1
4359,322,2
4360,322,3
4361,322,4
4362,322,5
4363,322,6
4364,322,7
4365,322,15
4366,322,16
4367,322,17
4368,322,18
4369,322,19
4370,322,20
4371,322,21
4372,322,22
4373,322,23
4374,323,0
4375,323,1
4376,323,2
4377,323,3
4378,323,4
4379,323,5
4380,323,6
4381,323,7
4382,323,8
4383,323,15
4384,323,16
4385,323,17
4386,323,18
4387,323,19
4388,323,20
4389,323,21
4390,323,22
4391,323,23
4392,324,0
4393,324,1
4394,324,2
4395,324,3
4396,324,4
4397,324,5
4398,324,6
4399,324,7
4400,324,8
4401,324,15
4402,324,16
4403,324,17
4404,324,18
4405,324,19
4406,324,20
4407,324,21
4408,324,22
4409,324,23
4410,325,0
4411,325,1
4412,325,2
4413,325,3
4414,325,4
4415,325,5
4416,325,6
4417,325,7
4418,325,8
4419,325,15
4420,325,16
4421,325,17
4422,325,18
4423,325,19
4424,325,20
4425,325,21
4426,325,22
4427,325,23
4428,326,0
4429,326,1
4430,326,2
4431,326,3
4432,326,4
4433,326,5
4434,326,6
4435,326,7
4436,326,8
4437,326,15
4438,326,16
4439,326,17
4440,326,18
4441,326,19
4442,326,20
4443,326,21
4444,326,22
4445,326,23
4446,327,0
4447,327,1
4448,327,2
4449,327,3
4450,327,4
4451,327,5
4452,327,6
4453,327,7
4454,327,8
4455,327,15
4456,327,16
4457,327,17
4458,327,18
4459,327,19
4460,327,20
4461,327,21
4462,327,22
4463,327,23
4464,328,0
4465,328,1
4466,328,2
4467,328,3
4468,328,4
4469,328,5
4470,328,6
4471,328,7
4472,328,8
4473,328,15
4474,328,16
4475,328,17
4476,328,18
4477,328,19
4478,328,20
4479,328,21
4480,328,22
4481,328,23
4482,329,0
4483,329,1
4484,329,2
4485,329,3
4486,329,4
4487,329,5
4488,329,6
4489,329,7
4490,329,8
4491,329,15
4492,329,16
4493,329,17
4494,329,18
4495,329,19
4496,329,20
4497,329,21
4498,329,22
4499,329,23
4500,330,0
4501,330,1
4502,330,2
4503,330,3
4504,330,4
4505,330,5
4506,330,6
4507,330,7
4508,330,8
4509,330,15
4510,330,16
4511,330,17
4512,330,18
4513,330,19
4514,330,20
4515,330,21
4516,330,22
4517,330,23
4518,331,0
4519,331,1
4520,331,2
4521,331,3
4522,331,4
4523,331,5
4524,331,6
4525,331,7
4526,331,8
4527,331,15
4528,331,16
4529,331,17
4530,331,18
4531,331,19
4532,331,20
4533,331,21
4534,331,22
4535,331,23
4536,332,0
4537,332,1
4538,332,2
4539,332,3
4540,332,4
4541,332,5
4542,332,6
4543,332,7
4544,332,8
4545,332,15
4546,332,16
4547,332,17
4548,332,18
4549,332,19
4550,332,20
4551,332,21
4552,332,22
4553,332,23
4554,333,0
4555,333,1
4556,333,2
4557,333,3
4558,333,4
4559,333,5
4560,333,6
4561,333,7
4562,333,8
4563,333,15
4564,333,16
4565,333,17
4566,333,18
4567,333,19
4568,333,20
4569,333,21
4570,333,22
4571,333,23
4572,334,0
4573,334,1
4574,334,2
4575,334,3
4576,334,4
4577,334,5
4578,334,6
4579,334,7
4580,334,8
4581,334,15
4582,334,16
4583,334,17
4584,334,18
4585,334,19
4586,334,20
4587,334,21
4588,334,22
4589,334,23
4590,335,0
4591,335,1
4592,335,2
4593,335,3
4594,335,4
4595,335,5
4596,335,6
4597,335,7
4598,335,8
4599,335,15
4600,335,16
4601,335,17
4602,335,18
4603,335,19
4604,335,20
4605,335,21
4606,335,22
4607,335,23
4608,336,0
4609,336,1
4610,336,2
4611,336,3
4612,336,4
4613,336,5
4614,336,6
4615,336,7
4616,336,8
4617,336,14
4618,336,15
4619,336,16
4620,336,17
4621,336,18
4622,336,19
4623,336,20
4624,336,21
4625,336,22
4626,336,23
4627,337,0
4628,337,1
4629,337,2
4630,337,3
4631,337,4
4632,337,5
4633,337,6
4634,337,7
4635,337,8
4636,337,15
4637,337,16
4638,337,17
4639,337,18
4640,337,19
4641,337,20
4642,337,21
4643,337,22
4644,337,23
4645,338,0
4646,338,1
4647,338,2
4648,338,3
4649,338,4
4650,338,5
4651,338,6
4652,338,7
4653,338,8
4654,338,15
4655,338,16
4656,338,17
4657,338,18
4658,338,19
4659,338,20
4660,338,21
4661,338,22
4662,338,23
4663,339,0
4664,339,1
4665,339,2
4666,339,3
4667,339,4
4668,339,5
4669,339,6
4670,339,7
4671,339,8
4672,339,14
4673,339,15
4674,339,16
4675,339,17
4676,339,18
4677,339,19
4678,339,20
4679,339,21
4680,339,22
4681,339,23
4682,340,0
4683,340,1
4684,340,2
4685,340,3
4686,340,4
4687,340,5
4688,340,6
4689,340,7
4690,340,8
4691,340,14
4692,340,15
4693,340,16
4694,340,17
4695,340,18
4696,340,19
4697,340,20
4698,340,21
4699,340,22
4700,340,23
4701,341,0
4702,341,1
4703,341,2
4704,341,3
4705,341,4
4706,341,5
4707,341,6
4708,341,7
4709,341,8
4710,341,15
4711,341,16
4712,341,17
4713,341,18
4714,341,19
4715,341,20
4716,341,21
4717,341,22
4718,341,23
4719,342,0
4720,342,1
4721,342,2
4722,342,3
4723,342,4
4724,342,5
4725,342,6
4726,342,7
4727,342,8
4728,342,14
4729,342,15
4730,342,16
4731,342,17
4732,342,18
4733,342,19
4734,342,20
4735,342,21
4736,342,22
4737,342,23
4738,343,0
4739,343,1
4740,343,2
4741,343,3
4742,343,4
4743,343,5
4744,343,6
4745,343,7
4746,343,8
4747,343,15
4748,343,16
4749,343,17
4750,343,18
4751,343,19
4752,343,20
4753,343,21
4754,343,22
4755,343,23
4756,344,0
4757,344,1
4758,344,2
4759,344,3
4760,344,4
4761,344,5
4762,344,6
4763,344,7
4764,344,8
4765,344,15
4766,344,16
4767,344,17
4768,344,18
4769,344,19
4770,344,20
4771,344,21
4772,344,22
4773,344,23
4774,345,0
4775,345,1
4776,345,2
4777,345,3
4778,345,4
4779,345,5
4780,345,6
4781,345,7
4782,345,8
4783,345,14
4784,345,15
4785,345,16
4786,345,17
4787,345,18
4788,345,19
4789,345,20
4790,345,21
4791,345,22
4792,345,23
4793,346,0
4794,346,1
4795,346,2
4796,346,3
4797,346,4
4798,346,5
4799,346,6
4800,346,7
4801,346,8
4802,346,14
4803,346,15
4804,346,16
4805,346,17
4806,346,18
4807,346,19
4808,346,20
4809,346,21
4810,346,22
4811,346,23
4812,347,0
4813,347,1
4814,347,2
4815,347,3
4816,347,4
4817,347,5
4818,347,6
4819,347,7
4820,347,8
4821,347,14
4822,347,15
4823,347,16
4824,347,17
4825,347,18
4826,347,19
4827,347,20
4828,347,21
4829,347,22
4830,347,23
4831,348,0
4832,348,1
4833,348,2
4834,348,3
4835,348,4
4836,348,5
4837,348,6
4838,348,7
4839,348,8
4840,348,15
4841,348,16
4842,348,17
4843,348,18
4844,348,19
4845,348,20
4846,348,21
4847,348,22
4848,348,23
4849,349,0
4850,349,1
4851,349,2
4852,349,3
4853,349,4
4854,349,5
4855,349,6
4856,349,7
4857,349,8
4858,349,14
4859,349,15
4860,349,16
4861,349,17
4862,349,18
4863,349,19
4864,349,20
4865,349,21
4866,349,22
4867,349,23
4868,350,0
4869,350,1
4870,350,2
4871,350,3
4872,350,4
4873,350,5
4874,350,6
4875,350,7
4876,350,8
4877,350,14
4878,350,15
4879,350,16
4880,350,17
4881,350,18
4882,350,19
4883,350,20
4884,350,21
4885,350,22
4886,350,23
4887,351,0
4888,351,1
4889,351,2
4890,351,3
4891,351,4
4892,351,5
4893,351,6
4894,351,7
4895,351,8
4896,351,14
4897,351,15
4898,351,16
4899,351,17
4900,351,18
4901,351,19
4902,351,20
4903,351,21
4904,351,22
4905,351,23
4906,352,0
4907,352,1
4908,352,2
4909,352,3
4910,352,4
4911,352,5
4912,352,6
4913,352,7
4914,352,8
4915,352,14
4916,352,15
4917,352,16
4918,352,17
4919,352,18
4920,352,19
4921,352,20
4922,352,21
4923,352,22
4924,352,23
4925,353,0
4926,353,1
4927,353,2
4928,353,3
4929,353,4
4930,353,5
4931,353,6
4932,353,7
4933,353,8
4934,353,14
4935,353,15
4936,353,16
4937,353,17
4938,353,18
4939,353,19
4940,353,20
4941,353,21
4942,353,22
4943,353,23
4944,354,0
4945,354,1
4946,354,2
4947,354,3
4948,354,4
4949,354,5
4950,354,6
4951,354,7
4952,354,8
4953,354,14
4954,354,15
4955,354,16
4956,354,17
4957,354,18
4958,354,19
4959,354,20
4960,354,21
4961,354,22
4962,354,23
4963,355,0
4964,355,1
4965,355,2
4966,355,3
4967,355,4
4968,355,5
4969,355,6
4970,355,7
4971,355,8
4972,355,14
4973,355,15
4974,355,16
4975,355,17
4976,355,18
4977,355,19
4978,355,20
4979,355,21
4980,355,22
4981,355,23
4982,356,0
4983,356,1
4984,356,2
4985,356,3
4986,356,4
4987,356,5
4988,356,6
4989,356,7
4990,356,8
4991,356,14
4992,356,15
4993,356,16
4994,356,17
4995,356,18
4996,356,19
4997,356,20
4998,356,21
4999,356,22
5000,356,23
5001,357,0
5002,357,1
5003,357,2
5004,357,3
5005,357,4
5006,357,5
5007,357,6
5008,357,7
5009,357,8
5010,357,14
5011,357,15
5012,357,16
5013,357,17
5014,357,18
5015,357,19
5016,357,20
5017,357,21
5018,357,22
5019,357,23
5020,358,0
5021,358,1
5022,358,2
5023,358,3
5024,358,4
5025,358,5
5026,358,6
5027,358,7
5028,358,8
5029,358,14
5030,358,15
5031,358,16
5032,358,17
5033,358,18
5034,358,19
5035,358,20
5036,358,21
5037,358,22
5038,358,23
5039,359,0
5040,359,1
5041,359,2
5042,359,3
5043,359,4
5044,359,5
5045,359,6
5046,359,7
5047,359,8
5048,359,14
5049,359,15
5050,359,16
5051,359,17
5052,359,18
5053,359,19
5054,359,20
5055,359,21
5056,359,22
5057,359,23
5058,360,0
5059,360,1
5060,360,2
5061,360,3
5062,360,4
5063,360,5
5064,360,6
5065,360,7
5066,360,8
5067,360,14
5068,360,15
5069,360,16
5070,360,17
5071,360,18
5072,360,19
5073,360,20
5074,360,21
5075,360,22
5076,360,23
5077,361,0
5078,361,1
5079,361,2
5080,361,3
5081,361,4
5082,361,5
5083,361,6
5084,361,7
5085,361,8
5086,361,14
5087,361,15
5088,361,16
5089,361,17
5090,361,18
5091,361,19
5092,361,20
5093,361,21
5094,361,22
5095,361,23
5096,362,0
5097,362,1
5098,362,2
5099,362,3
5100,362,4
5101,362,5
5102,362,6
5103,362,7
5104,362,8
5105,362,14
5106,362,15
5107,362,16
5108,362,17
5109,362,18
5110,362,19
5111,362,20
5112,362,21
5113,362,22
5114,362,23
5115,363,0
5116,363,1
5117,363,2
5118,363,3
5119,363,4
5120,363,5
5121,363,6
5122,363,7
5123,363,8
5124,363,14
5125,363,15
5126,363,16
5127,363,17
5128,363,18
5129,363,19
5130,363,20
5131,363,21
5132,363,22
5133,363,23
5134,364,0
5135,364,1
5136,364,2
5137,364,3
5138,364,4
5139,364,5
5140,364,6
5141,364,7
5142,364,8
5143,364,14
5144,364,15
5145,364,16
5146,364,17
5147,364,18
5148,364,19
5149,364,20
5150,364,21
5151,364,22
5152,364,23
5153,365,0
5154,365,1
5155,365,2
5156,365,3
5157,365,4
5158,365,5
5159,365,6
5160,365,7
5161,365,8
5162,365,14
5163,365,15
5164,365,16
5165,365,17
5166,365,18
5167,365,19
5168,365,20
5169,365,21
5170,365,22
5171,365,23
