,day,hour
0,1,0
1,1,1
2,1,2
3,1,3
4,1,4
5,1,5
6,1,6
7,1,7
8,1,8
9,1,14
10,1,15
11,1,16
12,1,17
13,1,18
14,1,19
15,1,20
16,1,21
17,1,22
18,1,23
19,2,0
20,2,1
21,2,2
22,2,3
23,2,4
24,2,5
25,2,6
26,2,7
27,2,8
28,2,14
29,2,15
30,2,16
31,2,17
32,2,18
33,2,19
34,2,20
35,2,21
36,2,22
37,2,23
38,3,0
39,3,1
40,3,2
41,3,3
42,3,4
43,3,5
44,3,6
45,3,7
46,3,14
47,3,15
48,3,16
49,3,17
50,3,18
51,3,19
52,3,20
53,3,21
54,3,22
55,3,23
56,4,0
57,4,1
58,4,2
59,4,3
60,4,4
61,4,5
62,4,6
63,4,7
64,4,14
65,4,15
66,4,16
67,4,17
68,4,18
69,4,19
70,4,20
71,4,21
72,4,22
73,4,23
74,5,0
75,5,1
76,5,2
77,5,3
78,5,4
79,5,5
80,5,6
81,5,7
82,5,14
83,5,15
84,5,16
85,5,17
86,5,18
87,5,19
88,5,20
89,5,21
90,5,22
91,5,23
92,6,0
93,6,1
94,6,2
95,6,3
96,6,4
97,6,5
98,6,6
99,6,7
100,6,14
101,6,15
102,6,16
103,6,17
104,6,18
105,6,19
106,6,20
107,6,21
108,6,22
109,6,23
110,7,0
111,7,1
112,7,2
113,7,3
114,7,4
115,7,5
116,7,6
117,7,7
118,7,14
119,7,15
120,7,16
121,7,17
122,7,18
123,7,19
124,7,20
125,7,21
126,7,22
127,7,23
128,8,0
129,8,1
130,8,2
131,8,3
132,8,4
133,8,5
134,8,6
135,8,7
136,8,14
137,8,15
138,8,16
139,8,17
140,8,18
141,8,19
142,8,20
143,8,21
144,8,22
145,8,23
146,9,0
147,9,1
148,9,2
149,9,3
150,9,4
151,9,5
152,9,6
153,9,7
154,9,14
155,9,15
156,9,16
157,9,17
158,9,18
159,9,19
160,9,20
161,9,21
162,9,22
163,9,23
164,10,0
165,10,1
166,10,2
167,10,3
168,10,4
169,10,5
170,10,6
171,10,7
172,10,14
173,10,15
174,10,16
175,10,17
176,10,18
177,10,19
178,10,20
179,10,21
180,10,22
181,10,23
182,11,0
183,11,1
184,11,2
185,11,3
186,11,4
187,11,5
188,11,6
189,11,7
190,11,14
191,11,15
192,11,16
193,11,17
194,11,18
195,11,19
196,11,20
197,11,21
198,11,22
199,11,23
200,12,0
201,12,1
202,12,2
203,12,3
204,12,4
205,12,5
206,12,6
207,12,7
208,12,14
209,12,15
210,12,16
211,12,17
212,12,18
213,12,19
214,12,20
215,12,21
216,12,22
217,12,23
218,13,0
219,13,1
220,13,2
221,13,3
222,13,4
223,13,5
224,13,6
225,13,7
226,13,15
227,13,16
228,13,17
229,13,18
230,13,19
231,13,20
232,13,21
233,13,22
234,13,23
235,14,0
236,14,1
237,14,2
238,14,3
239,14,4
240,14,5
241,14,6
242,14,7
243,14,15
244,14,16
245,14,17
246,14,18
247,14,19
248,14,20
249,14,21
250,14,22
251,14,23
252,15,0
253,15,1
254,15,2
255,15,3
256,15,4
257,15,5
258,15,6
259,15,7
260,15,15
261,15,16
262,15,17
263,15,18
264,15,19
265,15,20
266,15,21
267,15,22
268,15,23
269,16,0
270,16,1
271,16,2
272,16,3
273,16,4
274,16,5
275,16,6
276,16,7
277,16,15
278,16,16
279,16,17
280,16,18
281,16,19
282,16,20
283,16,21
284,16,22
285,16,23
286,17,0
287,17,1
288,17,2
289,17,3
290,17,4
291,17,5
292,17,6
293,17,7
294,17,15
295,17,16
296,17,17
297,17,18
298,17,19
299,17,20
300,17,21
301,17,22
302,17,23
303,18,0
304,18,1
305,18,2
306,18,3
307,18,4
308,18,5
309,18,6
310,18,7
311,18,15
312,18,16
313,18,17
314,18,18
315,18,19
316,18,20
317,18,21
318,18,22
319,18,23
320,19,0
321,19,1
322,19,2
323,19,3
324,19,4
325,19,5
326,19,6
327,19,7
328,19,15
329,19,16
330,19,17
331,19,18
332,19,19
333,19,20
334,19,21
335,19,22
336,19,23
337,20,0
338,20,1
339,20,2
340,20,3
341,20,4
342,20,5
343,20,6
344,20,7
345,20,15
346,20,16
347,20,17
348,20,18
349,20,19
350,20,20
351,20,21
352,20,22
353,20,23
354,21,0
355,21,1
356,21,2
357,21,3
358,21,4
359,21,5
360,21,6
361,21,7
362,21,15
363,21,16
364,21,17
365,21,18
366,21,19
367,21,20
368,21,21
369,21,22
370,21,23
371,22,0
372,22,1
373,22,2
374,22,3
375,22,4
376,22,5
377,22,6
378,22,7
379,22,15
380,22,16
381,22,17
382,22,18
383,22,19
384,22,20
385,22,21
386,22,22
387,22,23
388,23,0
389,23,1
390,23,2
391,23,3
392,23,4
393,23,5
394,23,6
395,23,7
396,23,15
397,23,16
398,23,17
399,23,18
400,23,19
401,23,20
402,23,21
403,23,22
404,23,23
405,24,0
406,24,1
407,24,2
408,24,3
409,24,4
410,24,5
411,24,6
412,24,7
413,24,15
414,24,16
415,24,17
416,24,18
417,24,19
418,24,20
419,24,21
420,24,22
421,24,23
422,25,0
423,25,1
424,25,2
425,25,3
426,25,4
427,25,5
428,25,6
429,25,7
430,25,15
431,25,16
432,25,17
433,25,18
434,25,19
435,25,20
436,25,21
437,25,22
438,25,23
439,26,0
440,26,1
441,26,2
442,26,3
443,26,4
444,26,5
445,26,6
446,26,7
447,26,15
448,26,16
449,26,17
450,26,18
451,26,19
452,26,20
453,26,21
454,26,22
455,26,23
456,27,0
457,27,1
458,27,2
459,27,3
460,27,4
461,27,5
462,27,6
463,27,7
464,27,15
465,27,16
466,27,17
467,27,18
468,27,19
469,27,20
470,27,21
471,27,22
472,27,23
473,28,0
474,28,1
475,28,2
476,28,3
477,28,4
478,28,5
479,28,6
480,28,7
481,28,15
482,28,16
483,28,17
484,28,18
485,28,19
486,28,20
487,28,21
488,28,22
489,28,23
490,29,0
491,29,1
492,29,2
493,29,3
494,29,4
495,29,5
496,29,6
497,29,7
498,29,15
499,29,16
500,29,17
501,29,18
502,29,19
503,29,20
504,29,21
505,29,22
506,29,23
507,30,0
508,30,1
509,30,2
510,30,3
511,30,4
512,30,5
513,30,6
514,30,7
515,30,15
516,30,16
517,30,17
518,30,18
519,30,19
520,30,20
521,30,21
522,30,22
523,30,23
524,31,0
525,31,1
526,31,2
527,31,3
528,31,4
529,31,5
530,31,6
531,31,15
532,31,16
533,31,17
534,31,18
535,31,19
536,31,20
537,31,21
538,31,22
539,31,23
540,32,0
541,32,1
542,32,2
543,32,3
544,32,4
545,32,5
546,32,6
547,32,15
548,32,16
549,32,17
550,32,18
551,32,19
552,32,20
553,32,21
554,32,22
555,32,23
556,33,0
557,33,1
558,33,2
559,33,3
560,33,4
561,33,5
562,33,6
563,33,7
564,33,15
565,33,16
566,33,17
567,33,18
568,33,19
569,33,20
570,33,21
571,33,22
572,33,23
573,34,0
574,34,1
575,34,2
576,34,3
577,34,4
578,34,5
579,34,6
580,34,7
581,34,15
582,34,16
583,34,17
584,34,18
585,34,19
586,34,20
587,34,21
588,34,22
589,34,23
590,35,0
591,35,1
592,35,2
593,35,3
594,35,4
595,35,5
596,35,6
597,35,7
598,35,15
599,35,16
600,35,17
601,35,18
602,35,19
603,35,20
604,35,21
605,35,22
606,35,23
607,36,0
608,36,1
609,36,2
610,36,3
611,36,4
612,36,5
613,36,6
614,36,7
615,36,15
616,36,16
617,36,17
618,36,18
619,36,19
620,36,20
621,36,21
622,36,22
623,36,23
624,37,0
625,37,1
626,37,2
627,37,3
628,37,4
629,37,5
630,37,6
631,37,7
632,37,15
633,37,16
634,37,17
635,37,18
636,37,19
637,37,20
638,37,21
639,37,22
640,37,23
641,38,0
642,38,1
643,38,2
644,38,3
645,38,4
646,38,5
647,38,6
648,38,15
649,38,16
650,38,17
651,38,18
652,38,19
653,38,20
654,38,21
655,38,22
656,38,23
657,39,0
658,39,1
659,39,2
660,39,3
661,39,4
662,39,5
663,39,6
664,39,7
665,39,15
666,39,16
667,39,17
668,39,18
669,39,19
670,39,20
671,39,21
672,39,22
673,39,23
674,40,0
675,40,1
676,40,2
677,40,3
678,40,4
679,40,5
680,40,6
681,40,15
682,40,16
683,40,17
684,40,18
685,40,19
686,40,20
687,40,21
688,40,22
689,40,23
690,41,0
691,41,1
692,41,2
693,41,3
694,41,4
695,41,5
696,41,6
697,41,15
698,41,16
699,41,17
700,41,18
701,41,19
702,41,20
703,41,21
704,41,22
705,41,23
706,42,0
707,42,1
708,42,2
709,42,3
710,42,4
711,42,5
712,42,6
713,42,15
714,42,16
715,42,17
716,42,18
717,42,19
718,42,20
719,42,21
720,42,22
721,42,23
722,43,0
723,43,1
724,43,2
725,43,3
726,43,4
727,43,5
728,43,6
729,43,15
730,43,16
731,43,17
732,43,18
733,43,19
734,43,20
735,43,21
736,43,22
737,43,23
738,44,0
739,44,1
740,44,2
741,44,3
742,44,4
743,44,5
744,44,6
745,44,15
746,44,16
747,44,17
748,44,18
749,44,19
750,44,20
751,44,21
752,44,22
753,44,23
754,45,0
755,45,1
756,45,2
757,45,3
758,45,4
759,45,5
760,45,6
761,45,15
762,45,16
763,45,17
764,45,18
765,45,19
766,45,20
767,45,21
768,45,22
769,45,23
770,46,0
771,46,1
772,46,2
773,46,3
774,46,4
775,46,5
776,46,6
777,46,15
778,46,16
779,46,17
780,46,18
781,46,19
782,46,20
783,46,21
784,46,22
785,46,23
786,47,0
787,47,1
788,47,2
789,47,3
790,47,4
791,47,5
792,47,6
793,47,16
794,47,17
795,47,18
796,47,19
797,47,20
798,47,21
799,47,22
800,47,23
801,48,0
802,48,1
803,48,2
804,48,3
805,48,4
806,48,5
807,48,6
808,48,16
809,48,17
810,48,18
811,48,19
812,48,20
813,48,21
814,48,22
815,48,23
816,49,0
817,49,1
818,49,2
819,49,3
820,49,4
821,49,5
822,49,6
823,49,15
824,49,16
825,49,17
826,49,18
827,49,19
828,49,20
829,49,21
830,49,22
831,49,23
832,50,0
833,50,1
834,50,2
835,50,3
836,50,4
837,50,5
838,50,6
839,50,16
840,50,17
841,50,18
842,50,19
843,50,20
844,50,21
845,50,22
846,50,23
847,51,0
848,51,1
849,51,2
850,51,3
851,51,4
852,51,5
853,51,6
854,51,16
855,51,17
856,51,18
857,51,19
858,51,20
859,51,21
860,51,22
861,51,23
862,52,0
863,52,1
864,52,2
865,52,3
866,52,4
867,52,5
868,52,6
869,52,16
870,52,17
871,52,18
872,52,19
873,52,20
874,52,21
875,52,22
876,52,23
877,53,0
878,53,1
879,53,2
880,53,3
881,53,4
882,53,5
883,53,6
884,53,16
885,53,17
886,53,18
887,53,19
888,53,20
889,53,21
890,53,22
891,53,23
892,54,0
893,54,1
894,54,2
895,54,3
896,54,4
897,54,5
898,54,6
899,54,16
900,54,17
901,54,18
902,54,19
903,54,20
904,54,21
905,54,22
906,54,23
907,55,0
908,55,1
909,55,2
910,55,3
911,55,4
912,55,5
913,55,6
914,55,16
915,55,17
916,55,18
917,55,19
918,55,20
919,55,21
920,55,22
921,55,23
922,56,0
923,56,1
924,56,2
925,56,3
926,56,4
927,56,5
928,56,6
929,56,16
930,56,17
931,56,18
932,56,19
933,56,20
934,56,21
935,56,22
936,56,23
937,57,0
938,57,1
939,57,2
940,57,3
941,57,4
942,57,5
943,57,6
944,57,16
945,57,17
946,57,18
947,57,19
948,57,20
949,57,21
950,57,22
951,57,23
952,58,0
953,58,1
954,58,2
955,58,3
956,58,4
957,58,5
958,58,6
959,58,16
960,58,17
961,58,18
962,58,19
963,58,20
964,58,21
965,58,22
966,58,23
967,59,0
968,59,1
969,59,2
970,59,3
971,59,4
972,59,5
973,59,6
974,59,16
975,59,17
976,59,18
977,59,19
978,59,20
979,59,21
980,59,22
981,59,23
982,60,0
983,60,1
984,60,2
985,60,3
986,60,4
987,60,5
988,60,6
989,60,16
990,60,17
991,60,18
992,60,19
993,60,20
994,60,21
995,60,22
996,60,23
997,61,0
998,61,1
999,61,2
1000,61,3
1001,61,4
1002,61,5
1003,61,6
1004,61,16
1005,61,17
1006,61,18
1007,61,19
1008,61,20
1009,61,21
1010,61,22
1011,61,23
1012,62,0
1013,62,1
1014,62,2
1015,62,3
1016,62,4
1017,62,5
1018,62,6
1019,62,16
1020,62,17
1021,62,18
1022,62,19
1023,62,20
1024,62,21
1025,62,22
1026,62,23
1027,63,0
1028,63,1
1029,63,2
1030,63,3
1031,63,4
1032,63,5
1033,63,6
1034,63,16
1035,63,17
1036,63,18
1037,63,19
1038,63,20
1039,63,21
1040,63,22
1041,63,23
1042,64,0
1043,64,1
1044,64,2
1045,64,3
1046,64,4
1047,64,5
1048,64,6
1049,64,16
1050,64,17
1051,64,18
1052,64,19
1053,64,20
1054,64,21
1055,64,22
1056,64,23
1057,65,0
1058,65,1
1059,65,2
1060,65,3
1061,65,4
1062,65,5
1063,65,6
1064,65,16
1065,65,17
1066,65,18
1067,65,19
1068,65,20
1069,65,21
1070,65,22
1071,65,23
1072,66,0
1073,66,1
1074,66,2
1075,66,3
1076,66,4
1077,66,5
1078,66,6
1079,66,16
1080,66,17
1081,66,18
1082,66,19
1083,66,20
1084,66,21
1085,66,22
1086,66,23
1087,67,0
1088,67,1
1089,67,2
1090,67,3
1091,67,4
1092,67,5
1093,67,6
1094,67,16
1095,67,17
1096,67,18
1097,67,19
1098,67,20
1099,67,21
1100,67,22
1101,67,23
1102,68,0
1103,68,1
1104,68,2
1105,68,3
1106,68,4
1107,68,5
1108,68,6
1109,68,16
1110,68,17
1111,68,18
1112,68,19
1113,68,20
1114,68,21
1115,68,22
1116,68,23
1117,69,0
1118,69,1
1119,69,2
1120,69,3
1121,69,4
1122,69,5
1123,69,16
1124,69,17
1125,69,18
1126,69,19
1127,69,20
1128,69,21
1129,69,22
1130,69,23
1131,70,0
1132,70,1
1133,70,2
1134,70,3
1135,70,4
1136,70,5
1137,70,16
1138,70,17
1139,70,18
1140,70,19
1141,70,20
1142,70,21
1143,70,22
1144,70,23
1145,71,0
1146,71,1
1147,71,2
1148,71,3
1149,71,4
1150,71,5
1151,71,16
1152,71,17
1153,71,18
1154,71,19
1155,71,20
1156,71,21
1157,71,22
1158,71,23
1159,72,0
1160,72,1
1161,72,2
1162,72,3
1163,72,4
1164,72,5
1165,72,16
1166,72,17
1167,72,18
1168,72,19
1169,72,20
1170,72,21
1171,72,22
1172,72,23
1173,73,0
1174,73,1
1175,73,2
1176,73,3
1177,73,4
1178,73,5
1179,73,16
1180,73,17
1181,73,18
1182,73,19
1183,73,20
1184,73,21
1185,73,22
1186,73,23
1187,74,0
1188,74,1
1189,74,2
1190,74,3
1191,74,4
1192,74,5
1193,74,16
1194,74,17
1195,74,18
1196,74,19
1197,74,20
1198,74,21
1199,74,22
1200,74,23
1201,75,0
1202,75,1
1203,75,2
1204,75,3
1205,75,4
1206,75,5
1207,75,16
1208,75,17
1209,75,18
1210,75,19
1211,75,20
1212,75,21
1213,75,22
1214,75,23
1215,76,0
1216,76,1
1217,76,2
1218,76,3
1219,76,4
1220,76,5
1221,76,16
1222,76,17
1223,76,18
1224,76,19
1225,76,20
1226,76,21
1227,76,22
1228,76,23
1229,77,0
1230,77,1
1231,77,2
1232,77,3
1233,77,4
1234,77,5
1235,77,16
1236,77,17
1237,77,18
1238,77,19
1239,77,20
1240,77,21
1241,77,22
1242,77,23
1243,78,0
1244,78,1
1245,78,2
1246,78,3
1247,78,4
1248,78,5
1249,78,16
1250,78,17
1251,78,18
1252,78,19
1253,78,20
1254,78,21
1255,78,22
1256,78,23
1257,79,0
1258,79,1
1259,79,2
1260,79,3
1261,79,4
1262,79,5
1263,79,16
1264,79,17
1265,79,18
1266,79,19
1267,79,20
1268,79,21
1269,79,22
1270,79,23
1271,80,0
1272,80,1
1273,80,2
1274,80,3
1275,80,4
1276,80,5
1277,80,16
1278,80,17
1279,80,18
1280,80,19
1281,80,20
1282,80,21
1283,80,22
1284,80,23
1285,81,0
1286,81,1
1287,81,2
1288,81,3
1289,81,4
1290,81,5
1291,81,16
1292,81,17
1293,81,18
1294,81,19
1295,81,20
1296,81,21
1297,81,22
1298,81,23
1299,82,0
1300,82,1
1301,82,2
1302,82,3
1303,82,4
1304,82,5
1305,82,17
1306,82,18
1307,82,19
1308,82,20
1309,82,21
1310,82,22
1311,82,23
1312,83,0
1313,83,1
1314,83,2
1315,83,3
1316,83,4
1317,83,5
1318,83,17
1319,83,18
1320,83,19
1321,83,20
1322,83,21
1323,83,22
1324,83,23
1325,84,0
1326,84,1
1327,84,2
1328,84,3
1329,84,4
1330,84,5
1331,84,16
1332,84,17
1333,84,18
1334,84,19
1335,84,20
1336,84,21
1337,84,22
1338,84,23
1339,85,0
1340,85,1
1341,85,2
1342,85,3
1343,85,4
1344,85,5
1345,85,17
1346,85,18
1347,85,19
1348,85,20
1349,85,21
1350,85,22
1351,85,23
1352,86,0
1353,86,1
1354,86,2
1355,86,3
1356,86,4
1357,86,5
1358,86,17
1359,86,18
1360,86,19
1361,86,20
1362,86,21
1363,86,22
1364,86,23
1365,87,0
1366,87,1
1367,87,2
1368,87,3
1369,87,4
1370,87,5
1371,87,17
1372,87,18
1373,87,19
1374,87,20
1375,87,21
1376,87,22
1377,87,23
1378,88,0
1379,88,1
1380,88,2
1381,88,3
1382,88,4
1383,88,5
1384,88,17
1385,88,18
1386,88,19
1387,88,20
1388,88,21
1389,88,22
1390,88,23
1391,89,0
1392,89,1
1393,89,2
1394,89,3
1395,89,4
1396,89,5
1397,89,17
1398,89,18
1399,89,19
1400,89,20
1401,89,21
1402,89,22
1403,89,23
1404,90,0
1405,90,1
1406,90,2
1407,90,3
1408,90,4
1409,90,5
1410,90,17
1411,90,18
1412,90,19
1413,90,20
1414,90,21
1415,90,22
1416,90,23
1417,91,0
1418,91,1
1419,91,2
1420,91,3
1421,91,4
1422,91,5
1423,91,17
1424,91,18
1425,91,19
1426,91,20
1427,91,21
1428,91,22
1429,91,23
1430,92,0
1431,92,1
1432,92,2
1433,92,3
1434,92,4
1435,92,5
1436,92,17
1437,92,18
1438,92,19
1439,92,20
1440,92,21
1441,92,22
1442,92,23
1443,93,0
1444,93,1
1445,93,2
1446,93,3
1447,93,4
1448,93,5
1449,93,17
1450,93,18
1451,93,19
1452,93,20
1453,93,21
1454,93,22
1455,93,23
1456,94,0
1457,94,1
1458,94,2
1459,94,3
1460,94,4
1461,94,5
1462,94,17
1463,94,18
1464,94,19
1465,94,20
1466,94,21
1467,94,22
1468,94,23
1469,95,0
1470,95,1
1471,95,2
1472,95,3
1473,95,4
1474,95,5
1475,95,17
1476,95,18
1477,95,19
1478,95,20
1479,95,21
1480,95,22
1481,95,23
1482,96,0
1483,96,1
1484,96,2
1485,96,3
1486,96,4
1487,96,5
1488,96,17
1489,96,18
1490,96,19
1491,96,20
1492,96,21
1493,96,22
1494,96,23
1495,97,0
1496,97,1
1497,97,2
1498,97,3
1499,97,4
1500,97,5
1501,97,17
1502,97,18
1503,97,19
1504,97,20
1505,97,21
1506,97,22
1507,97,23
1508,98,0
1509,98,1
1510,98,2
1511,98,3
1512,98,4
1513,98,5
1514,98,17
1515,98,18
1516,98,19
1517,98,20
1518,98,21
1519,98,22
1520,98,23
1521,99,0
1522,99,1
1523,99,2
1524,99,3
1525,99,4
1526,99,5
1527,99,17
1528,99,18
1529,99,19
1530,99,20
1531,99,21
1532,99,22
1533,99,23
1534,100,0
1535,100,1
1536,100,2
1537,100,3
1538,100,4
1539,100,5
1540,100,17
1541,100,18
1542,100,19
1543,100,20
1544,100,21
1545,100,22
1546,100,23
1547,101,0
1548,101,1
1549,101,2
1550,101,3
1551,101,4
1552,101,5
1553,101,17
1554,101,18
1555,101,19
1556,101,20
1557,101,21
1558,101,22
1559,101,23
1560,102,0
1561,102,1
1562,102,2
1563,102,3
1564,102,4
1565,102,5
1566,102,17
1567,102,18
1568,102,19
1569,102,20
1570,102,21
1571,102,22
1572,102,23
1573,103,0
1574,103,1
1575,103,2
1576,103,3
1577,103,4
1578,103,5
1579,103,17
1580,103,18
1581,103,19
1582,103,20
1583,103,21
1584,103,22
1585,103,23
1586,104,0
1587,104,1
1588,104,2
1589,104,3
1590,104,4
1591,104,5
1592,104,17
1593,104,18
1594,104,19
1595,104,20
1596,104,21
1597,104,22
1598,104,23
1599,105,0
1600,105,1
1601,105,2
1602,105,3
1603,105,4
1604,105,17
1605,105,18
1606,105,19
1607,105,20
1608,105,21
1609,105,22
1610,105,23
1611,106,0
1612,106,1
1613,106,2
1614,106,3
1615,106,4
1616,106,5
1617,106,17
1618,106,18
1619,106,19
1620,106,20
1621,106,21
1622,106,22
1623,106,23
1624,107,0
1625,107,1
1626,107,2
1627,107,3
1628,107,4
1629,107,17
1630,107,18
1631,107,19
1632,107,20
1633,107,21
1634,107,22
1635,107,23
1636,108,0
1637,108,1
1638,108,2
1639,108,3
1640,108,4
1641,108,17
1642,108,18
1643,108,19
1644,108,20
1645,108,21
1646,108,22
1647,108,23
1648,109,0
1649,109,1
1650,109,2
1651,109,3
1652,109,4
1653,109,17
1654,109,18
1655,109,19
1656,109,20
1657,109,21
1658,109,22
1659,109,23
1660,110,0
1661,110,1
1662,110,2
1663,110,3
1664,110,4
1665,110,17
1666,110,18
1667,110,19
1668,110,20
1669,110,21
1670,110,22
1671,110,23
1672,111,0
1673,111,1
1674,111,2
1675,111,3
1676,111,4
1677,111,17
1678,111,18
1679,111,19
1680,111,20
1681,111,21
1682,111,22
1683,111,23
1684,112,0
1685,112,1
1686,112,2
1687,112,3
1688,112,4
1689,112,17
1690,112,18
1691,112,19
1692,112,20
1693,112,21
1694,112,22
1695,112,23
1696,113,0
1697,113,1
1698,113,2
1699,113,3
1700,113,4
1701,113,17
1702,113,18
1703,113,19
1704,113,20
1705,113,21
1706,113,22
1707,113,23
1708,114,0
1709,114,1
1710,114,2
1711,114,3
1712,114,4
1713,114,17
1714,114,18
1715,114,19
1716,114,20
1717,114,21
1718,114,22
1719,114,23
1720,115,0
1721,115,1
1722,115,2
1723,115,3
1724,115,4
1725,115,17
1726,115,18
1727,115,19
1728,115,20
1729,115,21
1730,115,22
1731,115,23
1732,116,0
1733,116,1
1734,116,2
1735,116,3
1736,116,4
1737,116,17
1738,116,18
1739,116,19
1740,116,20
1741,116,21
1742,116,22
1743,116,23
1744,117,0
1745,117,1
1746,117,2
1747,117,3
1748,117,4
1749,117,17
1750,117,18
1751,117,19
1752,117,20
1753,117,21
1754,117,22
1755,117,23
1756,118,0
1757,118,1
1758,118,2
1759,118,3
1760,118,4
1761,118,17
1762,118,18
1763,118,19
1764,118,20
1765,118,21
1766,118,22
1767,118,23
1768,119,0
1769,119,1
1770,119,2
1771,119,3
1772,119,4
1773,119,17
1774,119,18
1775,119,19
1776,119,20
1777,119,21
1778,119,22
1779,119,23
1780,120,0
1781,120,1
1782,120,2
1783,120,3
1784,120,4
1785,120,17
1786,120,18
1787,120,19
1788,120,20
1789,120,21
1790,120,22
1791,120,23
1792,121,0
1793,121,1
1794,121,2
1795,121,3
1796,121,4
1797,121,17
1798,121,18
1799,121,19
1800,121,20
1801,121,21
1802,121,22
1803,121,23
1804,122,0
1805,122,1
1806,122,2
1807,122,3
1808,122,4
1809,122,18
1810,122,19
1811,122,20
1812,122,21
1813,122,22
1814,122,23
1815,123,0
1816,123,1
1817,123,2
1818,123,3
1819,123,4
1820,123,18
1821,123,19
1822,123,20
1823,123,21
1824,123,22
1825,123,23
1826,124,0
1827,124,1
1828,124,2
1829,124,3
1830,124,4
1831,124,18
1832,124,19
1833,124,20
1834,124,21
1835,124,22
1836,124,23
1837,125,0
1838,125,1
1839,125,2
1840,125,3
1841,125,4
1842,125,18
1843,125,19
1844,125,20
1845,125,21
1846,125,22
1847,125,23
1848,126,0
1849,126,1
1850,126,2
1851,126,3
1852,126,4
1853,126,18
1854,126,19
1855,126,20
1856,126,21
1857,126,22
1858,126,23
1859,127,0
1860,127,1
1861,127,2
1862,127,3
1863,127,4
1864,127,18
1865,127,19
1866,127,20
1867,127,21
1868,127,22
1869,127,23
1870,128,0
1871,128,1
1872,128,2
1873,128,3
1874,128,4
1875,128,18
1876,128,19
1877,128,20
1878,128,21
1879,128,22
1880,128,23
1881,129,0
1882,129,1
1883,129,2
1884,129,3
1885,129,4
1886,129,18
1887,129,19
1888,129,20
1889,129,21
1890,129,22
1891,129,23
1892,130,0
1893,130,1
1894,130,2
1895,130,3
1896,130,4
1897,130,18
1898,130,19
1899,130,20
1900,130,21
1901,130,22
1902,130,23
1903,131,0
1904,131,1
1905,131,2
1906,131,3
1907,131,4
1908,131,18
1909,131,19
1910,131,20
1911,131,21
1912,131,22
1913,131,23
1914,132,0
1915,132,1
1916,132,2
1917,132,3
1918,132,4
1919,132,18
1920,132,19
1921,132,20
1922,132,21
1923,132,22
1924,132,23
1925,133,0
1926,133,1
1927,133,2
1928,133,3
1929,133,4
1930,133,18
1931,133,19
1932,133,20
1933,133,21
1934,133,22
1935,133,23
1936,134,0
1937,134,1
1938,134,2
1939,134,3
1940,134,4
1941,134,18
1942,134,19
1943,134,20
1944,134,21
1945,134,22
1946,134,23
1947,135,0
1948,135,1
1949,135,2
1950,135,3
1951,135,4
1952,135,18
1953,135,19
1954,135,20
1955,135,21
1956,135,22
1957,135,23
1958,136,0
1959,136,1
1960,136,2
1961,136,3
1962,136,4
1963,136,18
1964,136,19
1965,136,20
1966,136,21
1967,136,22
1968,136,23
1969,137,0
1970,137,1
1971,137,2
1972,137,3
1973,137,4
1974,137,18
1975,137,19
1976,137,20
1977,137,21
1978,137,22
1979,137,23
1980,138,0
1981,138,1
1982,138,2
1983,138,3
1984,138,4
1985,138,18
1986,138,19
1987,138,20
1988,138,21
1989,138,22
1990,138,23
1991,139,0
1992,139,1
1993,139,2
1994,139,3
1995,139,4
1996,139,18
1997,139,19
1998,139,20
1999,139,21
2000,139,22
2001,139,23
2002,140,0
2003,140,1
2004,140,2
2005,140,3
2006,140,4
2007,140,18
2008,140,19
2009,140,20
2010,140,21
2011,140,22
2012,140,23
2013,141,0
2014,141,1
2015,141,2
2016,141,3
2017,141,4
2018,141,18
2019,141,19
2020,141,20
2021,141,21
2022,141,22
2023,141,23
2024,142,0
2025,142,1
2026,142,2
2027,142,3
2028,142,4
2029,142,18
2030,142,19
2031,142,20
2032,142,21
2033,142,22
2034,142,23
2035,143,0
2036,143,1
2037,143,2
2038,143,3
2039,143,4
2040,143,18
2041,143,19
2042,143,20
2043,143,21
2044,143,22
2045,143,23
2046,144,0
2047,144,1
2048,144,2
2049,144,3
2050,144,4
2051,144,18
2052,144,19
2053,144,20
2054,144,21
2055,144,22
2056,144,23
2057,145,0
2058,145,1
2059,145,2
2060,145,3
2061,145,4
2062,145,18
2063,145,19
2064,145,20
2065,145,21
2066,145,22
2067,145,23
2068,146,0
2069,146,1
2070,146,2
2071,146,3
2072,146,4
2073,146,18
2074,146,19
2075,146,20
2076,146,21
2077,146,22
2078,146,23
2079,147,0
2080,147,1
2081,147,2
2082,147,3
2083,147,4
2084,147,18
2085,147,19
2086,147,20
2087,147,21
2088,147,22
2089,147,23
2090,148,0
2091,148,1
2092,148,2
2093,148,3
2094,148,4
2095,148,18
2096,148,19
2097,148,20
2098,148,21
2099,148,22
2100,148,23
2101,149,0
2102,149,1
2103,149,2
2104,149,3
2105,149,4
2106,149,18
2107,149,19
2108,149,20
2109,149,21
2110,149,22
2111,149,23
2112,150,0
2113,150,1
2114,150,2
2115,150,3
2116,150,4
2117,150,18
2118,150,19
2119,150,20
2120,150,21
2121,150,22
2122,150,23
2123,151,0
2124,151,1
2125,151,2
2126,151,3
2127,151,4
2128,151,18
2129,151,19
2130,151,20
2131,151,21
2132,151,22
2133,151,23
2134,152,0
2135,152,1
2136,152,2
2137,152,3
2138,152,4
2139,152,18
2140,152,19
2141,152,20
2142,152,21
2143,152,22
2144,152,23
2145,153,0
2146,153,1
2147,153,2
2148,153,3
2149,153,4
2150,153,18
2151,153,19
2152,153,20
2153,153,21
2154,153,22
2155,153,23
2156,154,0
2157,154,1
2158,154,2
2159,154,3
2160,154,4
2161,154,18
2162,154,19
2163,154,20
2164,154,21
2165,154,22
2166,154,23
2167,155,0
2168,155,1
2169,155,2
2170,155,3
2171,155,4
2172,155,18
2173,155,19
2174,155,20
2175,155,21
2176,155,22
2177,155,23
2178,156,0
2179,156,1
2180,156,2
2181,156,3
2182,156,4
2183,156,18
2184,156,19
2185,156,20
2186,156,21
2187,156,22
2188,156,23
2189,157,0
2190,157,1
2191,157,2
2192,157,3
2193,157,4
2194,157,18
2195,157,19
2196,157,20
2197,157,21
2198,157,22
2199,157,23
2200,158,0
2201,158,1
2202,158,2
2203,158,3
2204,158,4
2205,158,18
2206,158,19
2207,158,20
2208,158,21
2209,158,22
2210,158,23
2211,159,0
2212,159,1
2213,159,2
2214,159,3
2215,159,4
2216,159,18
2217,159,19
2218,159,20
2219,159,21
2220,159,22
2221,159,23
2222,160,0
2223,160,1
2224,160,2
2225,160,3
2226,160,4
2227,160,18
2228,160,19
2229,160,20
2230,160,21
2231,160,22
2232,160,23
2233,161,0
2234,161,1
2235,161,2
2236,161,3
2237,161,4
2238,161,18
2239,161,19
2240,161,20
2241,161,21
2242,161,22
2243,161,23
2244,162,0
2245,162,1
2246,162,2
2247,162,3
2248,162,4
2249,162,18
2250,162,19
2251,162,20
2252,162,21
2253,162,22
2254,162,23
2255,163,0
2256,163,1
2257,163,2
2258,163,3
2259,163,4
2260,163,18
2261,163,19
2262,163,20
2263,163,21
2264,163,22
2265,163,23
2266,164,0
2267,164,1
2268,164,2
2269,164,3
2270,164,4
2271,164,18
2272,164,19
2273,164,20
2274,164,21
2275,164,22
2276,164,23
2277,165,0
2278,165,1
2279,165,2
2280,165,3
2281,165,4
2282,165,18
2283,165,19
2284,165,20
2285,165,21
2286,165,22
2287,165,23
2288,166,0
2289,166,1
2290,166,2
2291,166,3
2292,166,4
2293,166,18
2294,166,19
2295,166,20
2296,166,21
2297,166,22
2298,166,23
2299,167,0
2300,167,1
2301,167,2
2302,167,3
2303,167,4
2304,167,18
2305,167,19
2306,167,20
2307,167,21
2308,167,22
2309,167,23
2310,168,0
2311,168,1
2312,168,2
2313,168,3
2314,168,4
2315,168,18
2316,168,19
2317,168,20
2318,168,21
2319,168,22
2320,168,23
2321,169,0
2322,169,1
2323,169,2
2324,169,3
2325,169,4
2326,169,18
2327,169,19
2328,169,20
2329,169,21
2330,169,22
2331,169,23
2332,170,0
2333,170,1
2334,170,2
2335,170,3
2336,170,18
2337,170,19
2338,170,20
2339,170,21
2340,170,22
2341,170,23
2342,171,0
2343,171,1
2344,171,2
2345,171,3
2346,171,4
2347,171,18
2348,171,19
2349,171,20
2350,171,21
2351,171,22
2352,171,23
2353,172,0
2354,172,1
2355,172,2
2356,172,3
2357,172,4
2358,172,18
2359,172,19
2360,172,20
2361,172,21
2362,172,22
2363,172,23
2364,173,0
2365,173,1
2366,173,2
2367,173,3
2368,173,4
2369,173,18
2370,173,19
2371,173,20
2372,173,21
2373,173,22
2374,173,23
2375,174,0
2376,174,1
2377,174,2
2378,174,3
2379,174,18
2380,174,19
2381,174,20
2382,174,21
2383,174,22
2384,174,23
2385,175,0
2386,175,1
2387,175,2
2388,175,3
2389,175,4
2390,175,18
2391,175,19
2392,175,20
2393,175,21
2394,175,22
2395,175,23
2396,176,0
2397,176,1
2398,176,2
2399,176,3
2400,176,4
2401,176,18
2402,176,19
2403,176,20
2404,176,21
2405,176,22
2406,176,23
2407,177,0
2408,177,1
2409,177,2
2410,177,3
2411,177,4
2412,177,18
2413,177,19
2414,177,20
2415,177,21
2416,177,22
2417,177,23
2418,178,0
2419,178,1
2420,178,2
2421,178,3
2422,178,4
2423,178,18
2424,178,19
2425,178,20
2426,178,21
2427,178,22
2428,178,23
2429,179,0
2430,179,1
2431,179,2
2432,179,3
2433,179,4
2434,179,18
2435,179,19
2436,179,20
2437,179,21
2438,179,22
2439,179,23
2440,180,0
2441,180,1
2442,180,2
2443,180,3
2444,180,4
2445,180,18
2446,180,19
2447,180,20
2448,180,21
2449,180,22
2450,180,23
2451,181,0
2452,181,1
2453,181,2
2454,181,3
2455,181,4
2456,181,18
2457,181,19
2458,181,20
2459,181,21
2460,181,22
2461,181,23
2462,182,0
2463,182,1
2464,182,2
2465,182,3
2466,182,4
2467,182,18
2468,182,19
2469,182,20
2470,182,21
2471,182,22
2472,182,23
2473,183,0
2474,183,1
2475,183,2
2476,183,3
2477,183,4
2478,183,18
2479,183,19
2480,183,20
2481,183,21
2482,183,22
2483,183,23
2484,184,0
2485,184,1
2486,184,2
2487,184,3
2488,184,4
2489,184,18
2490,184,19
2491,184,20
2492,184,21
2493,184,22
2494,184,23
2495,185,0
2496,185,1
2497,185,2
2498,185,3
2499,185,4
2500,185,18
2501,185,19
2502,185,20
2503,185,21
2504,185,22
2505,185,23
2506,186,0
2507,186,1
2508,186,2
2509,186,3
2510,186,4
2511,186,18
2512,186,19
2513,186,20
2514,186,21
2515,186,22
2516,186,23
2517,187,0
2518,187,1
2519,187,2
2520,187,3
2521,187,4
2522,187,18
2523,187,19
2524,187,20
2525,187,21
2526,187,22
2527,187,23
2528,188,0
2529,188,1
2530,188,2
2531,188,3
2532,188,4
2533,188,18
2534,188,19
2535,188,20
2536,188,21
2537,188,22
2538,188,23
2539,189,0
2540,189,1
2541,189,2
2542,189,3
2543,189,4
2544,189,18
2545,189,19
2546,189,20
2547,189,21
2548,189,22
2549,189,23
2550,190,0
2551,190,1
2552,190,2
2553,190,3
2554,190,4
2555,190,18
2556,190,19
2557,190,20
2558,190,21
2559,190,22
2560,190,23
2561,191,0
2562,191,1
2563,191,2
2564,191,3
2565,191,4
2566,191,18
2567,191,19
2568,191,20
2569,191,21
2570,191,22
2571,191,23
2572,192,0
2573,192,1
2574,192,2
2575,192,3
2576,192,4
2577,192,18
2578,192,19
2579,192,20
2580,192,21
2581,192,22
2582,192,23
2583,193,0
2584,193,1
2585,193,2
2586,193,3
2587,193,4
2588,193,18
2589,193,19
2590,193,20
2591,193,21
2592,193,22
2593,193,23
2594,194,0
2595,194,1
2596,194,2
2597,194,3
2598,194,4
2599,194,18
2600,194,19
2601,194,20
2602,194,21
2603,194,22
2604,194,23
2605,195,0
2606,195,1
2607,195,2
2608,195,3
2609,195,4
2610,195,18
2611,195,19
2612,195,20
2613,195,21
2614,195,22
2615,195,23
2616,196,0
2617,196,1
2618,196,2
2619,196,3
2620,196,4
2621,196,18
2622,196,19
2623,196,20
2624,196,21
2625,196,22
2626,196,23
2627,197,0
2628,197,1
2629,197,2
2630,197,3
2631,197,4
2632,197,18
2633,197,19
2634,197,20
2635,197,21
2636,197,22
2637,197,23
2638,198,0
2639,198,1
2640,198,2
2641,198,3
2642,198,4
2643,198,18
2644,198,19
2645,198,20
2646,198,21
2647,198,22
2648,198,23
2649,199,0
2650,199,1
2651,199,2
2652,199,3
2653,199,4
2654,199,18
2655,199,19
2656,199,20
2657,199,21
2658,199,22
2659,199,23
2660,200,0
2661,200,1
2662,200,2
2663,200,3
2664,200,4
2665,200,18
2666,200,19
2667,200,20
2668,200,21
2669,200,22
2670,200,23
2671,201,0
2672,201,1
2673,201,2
2674,201,3
2675,201,4
2676,201,18
2677,201,19
2678,201,20
2679,201,21
2680,201,22
2681,201,23
2682,202,0
2683,202,1
2684,202,2
2685,202,3
2686,202,4
2687,202,18
2688,202,19
2689,202,20
2690,202,21
2691,202,22
2692,202,23
2693,203,0
2694,203,1
2695,203,2
2696,203,3
2697,203,4
2698,203,18
2699,203,19
2700,203,20
2701,203,21
2702,203,22
2703,203,23
2704,204,0
2705,204,1
2706,204,2
2707,204,3
2708,204,4
2709,204,18
2710,204,19
2711,204,20
2712,204,21
2713,204,22
2714,204,23
2715,205,0
2716,205,1
2717,205,2
2718,205,3
2719,205,4
2720,205,18
2721,205,19
2722,205,20
2723,205,21
2724,205,22
2725,205,23
2726,206,0
2727,206,1
2728,206,2
2729,206,3
2730,206,4
2731,206,18
2732,206,19
2733,206,20
2734,206,21
2735,206,22
2736,206,23
2737,207,0
2738,207,1
2739,207,2
2740,207,3
2741,207,4
2742,207,18
2743,207,19
2744,207,20
2745,207,21
2746,207,22
2747,207,23
2748,208,0
2749,208,1
2750,208,2
2751,208,3
2752,208,4
2753,208,18
2754,208,19
2755,208,20
2756,208,21
2757,208,22
2758,208,23
2759,209,0
2760,209,1
2761,209,2
2762,209,3
2763,209,4
2764,209,18
2765,209,19
2766,209,20
2767,209,21
2768,209,22
2769,209,23
2770,210,0
2771,210,1
2772,210,2
2773,210,3
2774,210,4
2775,210,18
2776,210,19
2777,210,20
2778,210,21
2779,210,22
2780,210,23
2781,211,0
2782,211,1
2783,211,2
2784,211,3
2785,211,4
2786,211,18
2787,211,19
2788,211,20
2789,211,21
2790,211,22
2791,211,23
2792,212,0
2793,212,1
2794,212,2
2795,212,3
2796,212,4
2797,212,18
2798,212,19
2799,212,20
2800,212,21
2801,212,22
2802,212,23
2803,213,0
2804,213,1
2805,213,2
2806,213,3
2807,213,4
2808,213,18
2809,213,19
2810,213,20
2811,213,21
2812,213,22
2813,213,23
2814,214,0
2815,214,1
2816,214,2
2817,214,3
2818,214,4
2819,214,18
2820,214,19
2821,214,20
2822,214,21
2823,214,22
2824,214,23
2825,215,0
2826,215,1
2827,215,2
2828,215,3
2829,215,4
2830,215,18
2831,215,19
2832,215,20
2833,215,21
2834,215,22
2835,215,23
2836,216,0
2837,216,1
2838,216,2
2839,216,3
2840,216,4
2841,216,18
2842,216,19
2843,216,20
2844,216,21
2845,216,22
2846,216,23
2847,217,0
2848,217,1
2849,217,2
2850,217,3
2851,217,4
2852,217,18
2853,217,19
2854,217,20
2855,217,21
2856,217,22
2857,217,23
2858,218,0
2859,218,1
2860,218,2
2861,218,3
2862,218,4
2863,218,18
2864,218,19
2865,218,20
2866,218,21
2867,218,22
2868,218,23
2869,219,0
2870,219,1
2871,219,2
2872,219,3
2873,219,4
2874,219,18
2875,219,19
2876,219,20
2877,219,21
2878,219,22
2879,219,23
2880,220,0
2881,220,1
2882,220,2
2883,220,3
2884,220,4
2885,220,18
2886,220,19
2887,220,20
2888,220,21
2889,220,22
2890,220,23
2891,221,0
2892,221,1
2893,221,2
2894,221,3
2895,221,4
2896,221,18
2897,221,19
2898,221,20
2899,221,21
2900,221,22
2901,221,23
2902,222,0
2903,222,1
2904,222,2
2905,222,3
2906,222,4
2907,222,18
2908,222,19
2909,222,20
2910,222,21
2911,222,22
2912,222,23
2913,223,0
2914,223,1
2915,223,2
2916,223,3
2917,223,4
2918,223,17
2919,223,18
2920,223,19
2921,223,20
2922,223,21
2923,223,22
2924,223,23
2925,224,0
2926,224,1
2927,224,2
2928,224,3
2929,224,4
2930,224,17
2931,224,18
2932,224,19
2933,224,20
2934,224,21
2935,224,22
2936,224,23
2937,225,0
2938,225,1
2939,225,2
2940,225,3
2941,225,4
2942,225,17
2943,225,18
2944,225,19
2945,225,20
2946,225,21
2947,225,22
2948,225,23
2949,226,0
2950,226,1
2951,226,2
2952,226,3
2953,226,4
2954,226,17
2955,226,18
2956,226,19
2957,226,20
2958,226,21
2959,226,22
2960,226,23
2961,227,0
2962,227,1
2963,227,2
2964,227,3
2965,227,4
2966,227,17
2967,227,18
2968,227,19
2969,227,20
2970,227,21
2971,227,22
2972,227,23
2973,228,0
2974,228,1
2975,228,2
2976,228,3
2977,228,4
2978,228,17
2979,228,18
2980,228,19
2981,228,20
2982,228,21
2983,228,22
2984,228,23
2985,229,0
2986,229,1
2987,229,2
2988,229,3
2989,229,4
2990,229,17
2991,229,18
2992,229,19
2993,229,20
2994,229,21
2995,229,22
2996,229,23
2997,230,0
2998,230,1
2999,230,2
3000,230,3
3001,230,4
3002,230,17
3003,230,18
3004,230,19
3005,230,20
3006,230,21
3007,230,22
3008,230,23
3009,231,0
3010,231,1
3011,231,2
3012,231,3
3013,231,4
3014,231,17
3015,231,18
3016,231,19
3017,231,20
3018,231,21
3019,231,22
3020,231,23
3021,232,0
3022,232,1
3023,232,2
3024,232,3
3025,232,4
3026,232,17
3027,232,18
3028,232,19
3029,232,20
3030,232,21
3031,232,22
3032,232,23
3033,233,0
3034,233,1
3035,233,2
3036,233,3
3037,233,4
3038,233,17
3039,233,18
3040,233,19
3041,233,20
3042,233,21
3043,233,22
3044,233,23
3045,234,0
3046,234,1
3047,234,2
3048,234,3
3049,234,4
3050,234,17
3051,234,18
3052,234,19
3053,234,20
3054,234,21
3055,234,22
3056,234,23
3057,235,0
3058,235,1
3059,235,2
3060,235,3
3061,235,4
3062,235,17
3063,235,18
3064,235,19
3065,235,20
3066,235,21
3067,235,22
3068,235,23
3069,236,0
3070,236,1
3071,236,2
3072,236,3
3073,236,4
3074,236,17
3075,236,18
3076,236,19
3077,236,20
3078,236,21
3079,236,22
3080,236,23
3081,237,0
3082,237,1
3083,237,2
3084,237,3
3085,237,4
3086,237,17
3087,237,18
3088,237,19
3089,237,20
3090,237,21
3091,237,22
3092,237,23
3093,238,0
3094,238,1
3095,238,2
3096,238,3
3097,238,4
3098,238,17
3099,238,18
3100,238,19
3101,238,20
3102,238,21
3103,238,22
3104,238,23
3105,239,0
3106,239,1
3107,239,2
3108,239,3
3109,239,4
3110,239,17
3111,239,18
3112,239,19
3113,239,20
3114,239,21
3115,239,22
3116,239,23
3117,240,0
3118,240,1
3119,240,2
3120,240,3
3121,240,4
3122,240,17
3123,240,18
3124,240,19
3125,240,20
3126,240,21
3127,240,22
3128,240,23
3129,241,0
3130,241,1
3131,241,2
3132,241,3
3133,241,4
3134,241,17
3135,241,18
3136,241,19
3137,241,20
3138,241,21
3139,241,22
3140,241,23
3141,242,0
3142,242,1
3143,242,2
3144,242,3
3145,242,4
3146,242,17
3147,242,18
3148,242,19
3149,242,20
3150,242,21
3151,242,22
3152,242,23
3153,243,0
3154,243,1
3155,243,2
3156,243,3
3157,243,4
3158,243,17
3159,243,18
3160,243,19
3161,243,20
3162,243,21
3163,243,22
3164,243,23
3165,244,0
3166,244,1
3167,244,2
3168,244,3
3169,244,4
3170,244,5
3171,244,17
3172,244,18
3173,244,19
3174,244,20
3175,244,21
3176,244,22
3177,244,23
3178,245,0
3179,245,1
3180,245,2
3181,245,3
3182,245,4
3183,245,5
3184,245,17
3185,245,18
3186,245,19
3187,245,20
3188,245,21
3189,245,22
3190,245,23
3191,246,0
3192,246,1
3193,246,2
3194,246,3
3195,246,4
3196,246,5
3197,246,17
3198,246,18
3199,246,19
3200,246,20
3201,246,21
3202,246,22
3203,246,23
3204,247,0
3205,247,1
3206,247,2
3207,247,3
3208,247,4
3209,247,5
3210,247,17
3211,247,18
3212,247,19
3213,247,20
3214,247,21
3215,247,22
3216,247,23
3217,248,0
3218,248,1
3219,248,2
3220,248,3
3221,248,4
3222,248,5
3223,248,17
3224,248,18
3225,248,19
3226,248,20
3227,248,21
3228,248,22
3229,248,23
3230,249,0
3231,249,1
3232,249,2
3233,249,3
3234,249,4
3235,249,5
3236,249,17
3237,249,18
3238,249,19
3239,249,20
3240,249,21
3241,249,22
3242,249,23
3243,250,0
3244,250,1
3245,250,2
3246,250,3
3247,250,4
3248,250,5
3249,250,17
3250,250,18
3251,250,19
3252,250,20
3253,250,21
3254,250,22
3255,250,23
3256,251,0
3257,251,1
3258,251,2
3259,251,3
3260,251,4
3261,251,5
3262,251,17
3263,251,18
3264,251,19
3265,251,20
3266,251,21
3267,251,22
3268,251,23
3269,252,0
3270,252,1
3271,252,2
3272,252,3
3273,252,4
3274,252,5
3275,252,17
3276,252,18
3277,252,19
3278,252,20
3279,252,21
3280,252,22
3281,252,23
3282,253,0
3283,253,1
3284,253,2
3285,253,3
3286,253,4
3287,253,5
3288,253,17
3289,253,18
3290,253,19
3291,253,20
3292,253,21
3293,253,22
3294,253,23
3295,254,0
3296,254,1
3297,254,2
3298,254,3
3299,254,4
3300,254,5
3301,254,17
3302,254,18
3303,254,19
3304,254,20
3305,254,21
3306,254,22
3307,254,23
3308,255,0
3309,255,1
3310,255,2
3311,255,3
3312,255,4
3313,255,5
3314,255,17
3315,255,18
3316,255,19
3317,255,20
3318,255,21
3319,255,22
3320,255,23
3321,256,0
3322,256,1
3323,256,2
3324,256,3
3325,256,4
3326,256,5
3327,256,17
3328,256,18
3329,256,19
3330,256,20
3331,256,21
3332,256,22
3333,256,23
3334,257,0
3335,257,1
3336,257,2
3337,257,3
3338,257,4
3339,257,5
3340,257,17
3341,257,18
3342,257,19
3343,257,20
3344,257,21
3345,257,22
3346,257,23
3347,258,0
3348,258,1
3349,258,2
3350,258,3
3351,258,4
3352,258,5
3353,258,17
3354,258,18
3355,258,19
3356,258,20
3357,258,21
3358,258,22
3359,258,23
3360,259,0
3361,259,1
3362,259,2
3363,259,3
3364,259,4
3365,259,5
3366,259,17
3367,259,18
3368,259,19
3369,259,20
3370,259,21
3371,259,22
3372,259,23
3373,260,0
3374,260,1
3375,260,2
3376,260,3
3377,260,4
3378,260,5
3379,260,17
3380,260,18
3381,260,19
3382,260,20
3383,260,21
3384,260,22
3385,260,23
3386,261,0
3387,261,1
3388,261,2
3389,261,3
3390,261,4
3391,261,5
3392,261,17
3393,261,18
3394,261,19
3395,261,20
3396,261,21
3397,261,22
3398,261,23
3399,262,0
3400,262,1
3401,262,2
3402,262,3
3403,262,4
3404,262,5
3405,262,17
3406,262,18
3407,262,19
3408,262,20
3409,262,21
3410,262,22
3411,262,23
3412,263,0
3413,263,1
3414,263,2
3415,263,3
3416,263,4
3417,263,5
3418,263,17
3419,263,18
3420,263,19
3421,263,20
3422,263,21
3423,263,22
3424,263,23
3425,264,0
3426,264,1
3427,264,2
3428,264,3
3429,264,4
3430,264,5
3431,264,17
3432,264,18
3433,264,19
3434,264,20
3435,264,21
3436,264,22
3437,264,23
3438,265,0
3439,265,1
3440,265,2
3441,265,3
3442,265,4
3443,265,5
3444,265,17
3445,265,18
3446,265,19
3447,265,20
3448,265,21
3449,265,22
3450,265,23
3451,266,0
3452,266,1
3453,266,2
3454,266,3
3455,266,4
3456,266,5
3457,266,17
3458,266,18
3459,266,19
3460,266,20
3461,266,21
3462,266,22
3463,266,23
3464,267,0
3465,267,1
3466,267,2
3467,267,3
3468,267,4
3469,267,5
3470,267,16
3471,267,17
3472,267,18
3473,267,19
3474,267,20
3475,267,21
3476,267,22
3477,267,23
3478,268,0
3479,268,1
3480,268,2
3481,268,3
3482,268,4
3483,268,5
3484,268,16
3485,268,17
3486,268,18
3487,268,19
3488,268,20
3489,268,21
3490,268,22
3491,268,23
3492,269,0
3493,269,1
3494,269,2
3495,269,3
3496,269,4
3497,269,5
3498,269,16
3499,269,17
3500,269,18
3501,269,19
3502,269,20
3503,269,21
3504,269,22
3505,269,23
3506,270,0
3507,270,1
3508,270,2
3509,270,3
3510,270,4
3511,270,5
3512,270,16
3513,270,17
3514,270,18
3515,270,19
3516,270,20
3517,270,21
3518,270,22
3519,270,23
3520,271,0
3521,271,1
3522,271,2
3523,271,3
3524,271,4
3525,271,5
3526,271,16
3527,271,17
3528,271,18
3529,271,19
3530,271,20
3531,271,21
3532,271,22
3533,271,23
3534,272,0
3535,272,1
3536,272,2
3537,272,3
3538,272,4
3539,272,5
3540,272,16
3541,272,17
3542,272,18
3543,272,19
3544,272,20
3545,272,21
3546,272,22
3547,272,23
3548,273,0
3549,273,1
3550,273,2
3551,273,3
3552,273,4
3553,273,5
3554,273,16
3555,273,17
3556,273,18
3557,273,19
3558,273,20
3559,273,21
3560,273,22
3561,273,23
3562,274,0
3563,274,1
3564,274,2
3565,274,3
3566,274,4
3567,274,5
3568,274,16
3569,274,17
3570,274,18
3571,274,19
3572,274,20
3573,274,21
3574,274,22
3575,274,23
3576,275,0
3577,275,1
3578,275,2
3579,275,3
3580,275,4
3581,275,5
3582,275,16
3583,275,17
3584,275,18
3585,275,19
3586,275,20
3587,275,21
3588,275,22
3589,275,23
3590,276,0
3591,276,1
3592,276,2
3593,276,3
3594,276,4
3595,276,5
3596,276,16
3597,276,17
3598,276,18
3599,276,19
3600,276,20
3601,276,21
3602,276,22
3603,276,23
3604,277,0
3605,277,1
3606,277,2
3607,277,3
3608,277,4
3609,277,5
3610,277,16
3611,277,17
3612,277,18
3613,277,19
3614,277,20
3615,277,21
3616,277,22
3617,277,23
3618,278,0
3619,278,1
3620,278,2
3621,278,3
3622,278,4
3623,278,5
3624,278,6
3625,278,16
3626,278,17
3627,278,18
3628,278,19
3629,278,20
3630,278,21
3631,278,22
3632,278,23
3633,279,0
3634,279,1
3635,279,2
3636,279,3
3637,279,4
3638,279,5
3639,279,6
3640,279,16
3641,279,17
3642,279,18
3643,279,19
3644,279,20
3645,279,21
3646,279,22
3647,279,23
3648,280,0
3649,280,1
3650,280,2
3651,280,3
3652,280,4
3653,280,5
3654,280,6
3655,280,16
3656,280,17
3657,280,18
3658,280,19
3659,280,20
3660,280,21
3661,280,22
3662,280,23
3663,281,0
3664,281,1
3665,281,2
3666,281,3
3667,281,4
3668,281,5
3669,281,6
3670,281,16
3671,281,17
3672,281,18
3673,281,19
3674,281,20
3675,281,21
3676,281,22
3677,281,23
3678,282,0
3679,282,1
3680,282,2
3681,282,3
3682,282,4
3683,282,5
3684,282,6
3685,282,16
3686,282,17
3687,282,18
3688,282,19
3689,282,20
3690,282,21
3691,282,22
3692,282,23
3693,283,0
3694,283,1
3695,283,2
3696,283,3
3697,283,4
3698,283,5
3699,283,6
3700,283,16
3701,283,17
3702,283,18
3703,283,19
3704,283,20
3705,283,21
3706,283,22
3707,283,23
3708,284,0
3709,284,1
3710,284,2
3711,284,3
3712,284,4
3713,284,5
3714,284,6
3715,284,16
3716,284,17
3717,284,18
3718,284,19
3719,284,20
3720,284,21
3721,284,22
3722,284,23
3723,285,0
3724,285,1
3725,285,2
3726,285,3
3727,285,4
3728,285,5
3729,285,6
3730,285,16
3731,285,17
3732,285,18
3733,285,19
3734,285,20
3735,285,21
3736,285,22
3737,285,23
3738,286,0
3739,286,1
3740,286,2
3741,286,3
3742,286,4
3743,286,5
3744,286,6
3745,286,16
3746,286,17
3747,286,18
3748,286,19
3749,286,20
3750,286,21
3751,286,22
3752,286,23
3753,287,0
3754,287,1
3755,287,2
3756,287,3
3757,287,4
3758,287,5
3759,287,6
3760,287,16
3761,287,17
3762,287,18
3763,287,19
3764,287,20
3765,287,21
3766,287,22
3767,287,23
3768,288,0
3769,288,1
3770,288,2
3771,288,3
3772,288,4
3773,288,5
3774,288,6
3775,288,16
3776,288,17
3777,288,18
3778,288,19
3779,288,20
3780,288,21
3781,288,22
3782,288,23
3783,289,0
3784,289,1
3785,289,2
3786,289,3
3787,289,4
3788,289,5
3789,289,6
3790,289,16
3791,289,17
3792,289,18
3793,289,19
3794,289,20
3795,289,21
3796,289,22
3797,289,23
3798,290,0
3799,290,1
3800,290,2
3801,290,3
3802,290,4
3803,290,5
3804,290,6
3805,290,16
3806,290,17
3807,290,18
3808,290,19
3809,290,20
3810,290,21
3811,290,22
3812,290,23
3813,291,0
3814,291,1
3815,291,2
3816,291,3
3817,291,4
3818,291,5
3819,291,6
3820,291,16
3821,291,17
3822,291,18
3823,291,19
3824,291,20
3825,291,21
3826,291,22
3827,291,23
3828,292,0
3829,292,1
3830,292,2
3831,292,3
3832,292,4
3833,292,5
3834,292,6
3835,292,16
3836,292,17
3837,292,18
3838,292,19
3839,292,20
3840,292,21
3841,292,22
3842,292,23
3843,293,0
3844,293,1
3845,293,2
3846,293,3
3847,293,4
3848,293,5
3849,293,6
3850,293,16
3851,293,17
3852,293,18
3853,293,19
3854,293,20
3855,293,21
3856,293,22
3857,293,23
3858,294,0
3859,294,1
3860,294,2
3861,294,3
3862,294,4
3863,294,5
3864,294,6
3865,294,16
3866,294,17
3867,294,18
3868,294,19
3869,294,20
3870,294,21
3871,294,22
3872,294,23
3873,295,0
3874,295,1
3875,295,2
3876,295,3
3877,295,4
3878,295,5
3879,295,6
3880,295,16
3881,295,17
3882,295,18
3883,295,19
3884,295,20
3885,295,21
3886,295,22
3887,295,23
3888,296,0
3889,296,1
3890,296,2
3891,296,3
3892,296,4
3893,296,5
3894,296,6
3895,296,16
3896,296,17
3897,296,18
3898,296,19
3899,296,20
3900,296,21
3901,296,22
3902,296,23
3903,297,0
3904,297,1
3905,297,2
3906,297,3
3907,297,4
3908,297,5
3909,297,6
3910,297,16
3911,297,17
3912,297,18
3913,297,19
3914,297,20
3915,297,21
3916,297,22
3917,297,23
3918,298,0
3919,298,1
3920,298,2
3921,298,3
3922,298,4
3923,298,5
3924,298,6
3925,298,16
3926,298,17
3927,298,18
3928,298,19
3929,298,20
3930,298,21
3931,298,22
3932,298,23
3933,299,0
3934,299,1
3935,299,2
3936,299,3
3937,299,4
3938,299,5
3939,299,6
3940,299,16
3941,299,17
3942,299,18
3943,299,19
3944,299,20
3945,299,21
3946,299,22
3947,299,23
3948,300,0
3949,300,1
3950,300,2
3951,300,3
3952,300,4
3953,300,5
3954,300,6
3955,300,16
3956,300,17
3957,300,18
3958,300,19
3959,300,20
3960,300,21
3961,300,22
3962,300,23
3963,301,0
3964,301,1
3965,301,2
3966,301,3
3967,301,4
3968,301,5
3969,301,6
3970,301,16
3971,301,17
3972,301,18
3973,301,19
3974,301,20
3975,301,21
3976,301,22
3977,301,23
3978,302,0
3979,302,1
3980,302,2
3981,302,3
3982,302,4
3983,302,5
3984,302,6
3985,302,15
3986,302,16
3987,302,17
3988,302,18
3989,302,19
3990,302,20
3991,302,21
3992,302,22
3993,302,23
3994,303,0
3995,303,1
3996,303,2
3997,303,3
3998,303,4
3999,303,5
4000,303,6
4001,303,16
4002,303,17
4003,303,18
4004,303,19
4005,303,20
4006,303,21
4007,303,22
4008,303,23
4009,304,0
4010,304,1
4011,304,2
4012,304,3
4013,304,4
4014,304,5
4015,304,6
4016,304,15
4017,304,16
4018,304,17
4019,304,18
4020,304,19
4021,304,20
4022,304,21
4023,304,22
4024,304,23
4025,305,0
4026,305,1
4027,305,2
4028,305,3
4029,305,4
4030,305,5
4031,305,6
4032,305,7
4033,305,15
4034,305,16
4035,305,17
4036,305,18
4037,305,19
4038,305,20
4039,305,21
4040,305,22
4041,305,23
4042,306,0
4043,306,1
4044,306,2
4045,306,3
4046,306,4
4047,306,5
4048,306,6
4049,306,7
4050,306,15
4051,306,16
4052,306,17
4053,306,18
4054,306,19
4055,306,20
4056,306,21
4057,306,22
4058,306,23
4059,307,0
4060,307,1
4061,307,2
4062,307,3
4063,307,4
4064,307,5
4065,307,6
4066,307,7
4067,307,15
4068,307,16
4069,307,17
4070,307,18
4071,307,19
4072,307,20
4073,307,21
4074,307,22
4075,307,23
4076,308,0
4077,308,1
4078,308,2
4079,308,3
4080,308,4
4081,308,5
4082,308,6
4083,308,7
4084,308,15
4085,308,16
4086,308,17
4087,308,18
4088,308,19
4089,308,20
4090,308,21
4091,308,22
4092,308,23
4093,309,0
4094,309,1
4095,309,2
4096,309,3
4097,309,4
4098,309,5
4099,309,6
4100,309,7
4101,309,15
4102,309,16
4103,309,17
4104,309,18
4105,309,19
4106,309,20
4107,309,21
4108,309,22
4109,309,23
4110,310,0
4111,310,1
4112,310,2
4113,310,3
4114,310,4
4115,310,5
4116,310,6
4117,310,7
4118,310,15
4119,310,16
4120,310,17
4121,310,18
4122,310,19
4123,310,20
4124,310,21
4125,310,22
4126,310,23
4127,311,0
4128,311,1
4129,311,2
4130,311,3
4131,311,4
4132,311,5
4133,311,6
4134,311,7
4135,311,15
4136,311,16
4137,311,17
4138,311,18
4139,311,19
4140,311,20
4141,311,21
4142,311,22
4143,311,23
4144,312,0
4145,312,1
4146,312,2
4147,312,3
4148,312,4
4149,312,5
4150,312,6
4151,312,7
4152,312,15
4153,312,16
4154,312,17
4155,312,18
4156,312,19
4157,312,20
4158,312,21
4159,312,22
4160,312,23
4161,313,0
4162,313,1
4163,313,2
4164,313,3
4165,313,4
4166,313,5
4167,313,6
4168,313,7
4169,313,15
4170,313,16
4171,313,17
4172,313,18
4173,313,19
4174,313,20
4175,313,21
4176,313,22
4177,313,23
4178,314,0
4179,314,1
4180,314,2
4181,314,3
4182,314,4
4183,314,5
4184,314,6
4185,314,7
4186,314,15
4187,314,16
4188,314,17
4189,314,18
4190,314,19
4191,314,20
4192,314,21
4193,314,22
4194,314,23
4195,315,0
4196,315,1
4197,315,2
4198,315,3
4199,315,4
4200,315,5
4201,315,6
4202,315,7
4203,315,15
4204,315,16
4205,315,17
4206,315,18
4207,315,19
4208,315,20
4209,315,21
4210,315,22
4211,315,23
4212,316,0
4213,316,1
4214,316,2
4215,316,3
4216,316,4
4217,316,5
4218,316,6
4219,316,7
4220,316,15
4221,316,16
4222,316,17
4223,316,18
4224,316,19
4225,316,20
4226,316,21
4227,316,22
4228,316,23
4229,317,0
4230,317,1
4231,317,2
4232,317,3
4233,317,4
4234,317,5
4235,317,6
4236,317,7
4237,317,15
4238,317,16
4239,317,17
4240,317,18
4241,317,19
4242,317,20
4243,317,21
4244,317,22
4245,317,23
4246,318,0
4247,318,1
4248,318,2
4249,318,3
4250,318,4
4251,318,5
4252,318,6
4253,318,7
4254,318,15
4255,318,16
4256,318,17
4257,318,18
4258,318,19
4259,318,20
4260,318,21
4261,318,22
4262,318,23
4263,319,0
4264,319,1
4265,319,2
4266,319,3
4267,319,4
4268,319,5
4269,319,6
4270,319,7
4271,319,15
4272,319,16
4273,319,17
4274,319,18
4275,319,19
4276,319,20
4277,319,21
4278,319,22
4279,319,23
4280,320,0
4281,320,1
4282,320,2
4283,320,3
4284,320,4
4285,320,5
4286,320,6
4287,320,7
4288,320,15
4289,320,16
4290,320,17
4291,320,18
4292,320,19
4293,320,20
4294,320,21
4295,320,22
4296,320,23
4297,321,0
4298,321,1
4299,321,2
4300,321,3
4301,321,4
4302,321,5
4303,321,6
4304,321,7
4305,321,15
4306,321,16
4307,321,17
4308,321,18
4309,321,19
4310,321,20
4311,321,21
4312,321,22
4313,321,23
4314,322,0
4315,322,1
4316,322,2
4317,322,3
4318,322,4
4319,322,5
4320,322,6
4321,322,7
4322,322,15
4323,322,16
4324,322,17
4325,322,18
4326,322,19
4327,322,20
4328,322,21
4329,322,22
4330,322,23
4331,323,0
4332,323,1
4333,323,2
4334,323,3
4335,323,4
4336,323,5
4337,323,6
4338,323,7
4339,323,15
4340,323,16
4341,323,17
4342,323,18
4343,323,19
4344,323,20
4345,323,21
4346,323,22
4347,323,23
4348,324,0
4349,324,1
4350,324,2
4351,324,3
4352,324,4
4353,324,5
4354,324,6
4355,324,7
4356,324,15
4357,324,16
4358,324,17
4359,324,18
4360,324,19
4361,324,20
4362,324,21
4363,324,22
4364,324,23
4365,325,0
4366,325,1
4367,325,2
4368,325,3
4369,325,4
4370,325,5
4371,325,6
4372,325,7
4373,325,15
4374,325,16
4375,325,17
4376,325,18
4377,325,19
4378,325,20
4379,325,21
4380,325,22
4381,325,23
4382,326,0
4383,326,1
4384,326,2
4385,326,3
4386,326,4
4387,326,5
4388,326,6
4389,326,7
4390,326,15
4391,326,16
4392,326,17
4393,326,18
4394,326,19
4395,326,20
4396,326,21
4397,326,22
4398,326,23
4399,327,0
4400,327,1
4401,327,2
4402,327,3
4403,327,4
4404,327,5
4405,327,6
4406,327,7
4407,327,15
4408,327,16
4409,327,17
4410,327,18
4411,327,19
4412,327,20
4413,327,21
4414,327,22
4415,327,23
4416,328,0
4417,328,1
4418,328,2
4419,328,3
4420,328,4
4421,328,5
4422,328,6
4423,328,7
4424,328,15
4425,328,16
4426,328,17
4427,328,18
4428,328,19
4429,328,20
4430,328,21
4431,328,22
4432,328,23
4433,329,0
4434,329,1
4435,329,2
4436,329,3
4437,329,4
4438,329,5
4439,329,6
4440,329,7
4441,329,15
4442,329,16
4443,329,17
4444,329,18
4445,329,19
4446,329,20
4447,329,21
4448,329,22
4449,329,23
4450,330,0
4451,330,1
4452,330,2
4453,330,3
4454,330,4
4455,330,5
4456,330,6
4457,330,7
4458,330,15
4459,330,16
4460,330,17
4461,330,18
4462,330,19
4463,330,20
4464,330,21
4465,330,22
4466,330,23
4467,331,0
4468,331,1
4469,331,2
4470,331,3
4471,331,4
4472,331,5
4473,331,6
4474,331,7
4475,331,15
4476,331,16
4477,331,17
4478,331,18
4479,331,19
4480,331,20
4481,331,21
4482,331,22
4483,331,23
4484,332,0
4485,332,1
4486,332,2
4487,332,3
4488,332,4
4489,332,5
4490,332,6
4491,332,7
4492,332,15
4493,332,16
4494,332,17
4495,332,18
4496,332,19
4497,332,20
4498,332,21
4499,332,22
4500,332,23
4501,333,0
4502,333,1
4503,333,2
4504,333,3
4505,333,4
4506,333,5
4507,333,6
4508,333,7
4509,333,14
4510,333,15
4511,333,16
4512,333,17
4513,333,18
4514,333,19
4515,333,20
4516,333,21
4517,333,22
4518,333,23
4519,334,0
4520,334,1
4521,334,2
4522,334,3
4523,334,4
4524,334,5
4525,334,6
4526,334,7
4527,334,15
4528,334,16
4529,334,17
4530,334,18
4531,334,19
4532,334,20
4533,334,21
4534,334,22
4535,334,23
4536,335,0
4537,335,1
4538,335,2
4539,335,3
4540,335,4
4541,335,5
4542,335,6
4543,335,7
4544,335,15
4545,335,16
4546,335,17
4547,335,18
4548,335,19
4549,335,20
4550,335,21
4551,335,22
4552,335,23
4553,336,0
4554,336,1
4555,336,2
4556,336,3
4557,336,4
4558,336,5
4559,336,6
4560,336,7
4561,336,15
4562,336,16
4563,336,17
4564,336,18
4565,336,19
4566,336,20
4567,336,21
4568,336,22
4569,336,23
4570,337,0
4571,337,1
4572,337,2
4573,337,3
4574,337,4
4575,337,5
4576,337,6
4577,337,7
4578,337,14
4579,337,15
4580,337,16
4581,337,17
4582,337,18
4583,337,19
4584,337,20
4585,337,21
4586,337,22
4587,337,23
4588,338,0
4589,338,1
4590,338,2
4591,338,3
4592,338,4
4593,338,5
4594,338,6
4595,338,7
4596,338,14
4597,338,15
4598,338,16
4599,338,17
4600,338,18
4601,338,19
4602,338,20
4603,338,21
4604,338,22
4605,338,23
4606,339,0
4607,339,1
4608,339,2
4609,339,3
4610,339,4
4611,339,5
4612,339,6
4613,339,7
4614,339,14
4615,339,15
4616,339,16
4617,339,17
4618,339,18
4619,339,19
4620,339,20
4621,339,21
4622,339,22
4623,339,23
4624,340,0
4625,340,1
4626,340,2
4627,340,3
4628,340,4
4629,340,5
4630,340,6
4631,340,7
4632,340,14
4633,340,15
4634,340,16
4635,340,17
4636,340,18
4637,340,19
4638,340,20
4639,340,21
4640,340,22
4641,340,23
4642,341,0
4643,341,1
4644,341,2
4645,341,3
4646,341,4
4647,341,5
4648,341,6
4649,341,7
4650,341,14
4651,341,15
4652,341,16
4653,341,17
4654,341,18
4655,341,19
4656,341,20
4657,341,21
4658,341,22
4659,341,23
4660,342,0
4661,342,1
4662,342,2
4663,342,3
4664,342,4
4665,342,5
4666,342,6
4667,342,7
4668,342,14
4669,342,15
4670,342,16
4671,342,17
4672,342,18
4673,342,19
4674,342,20
4675,342,21
4676,342,22
4677,342,23
4678,343,0
4679,343,1
4680,343,2
4681,343,3
4682,343,4
4683,343,5
4684,343,6
4685,343,7
4686,343,15
4687,343,16
4688,343,17
4689,343,18
4690,343,19
4691,343,20
4692,343,21
4693,343,22
4694,343,23
4695,344,0
4696,344,1
4697,344,2
4698,344,3
4699,344,4
4700,344,5
4701,344,6
4702,344,7
4703,344,14
4704,344,15
4705,344,16
4706,344,17
4707,344,18
4708,344,19
4709,344,20
4710,344,21
4711,344,22
4712,344,23
4713,345,0
4714,345,1
4715,345,2
4716,345,3
4717,345,4
4718,345,5
4719,345,6
4720,345,7
4721,345,14
4722,345,15
4723,345,16
4724,345,17
4725,345,18
4726,345,19
4727,345,20
4728,345,21
4729,345,22
4730,345,23
4731,346,0
4732,346,1
4733,346,2
4734,346,3
4735,346,4
4736,346,5
4737,346,6
4738,346,7
4739,346,8
4740,346,14
4741,346,15
4742,346,16
4743,346,17
4744,346,18
4745,346,19
4746,346,20
4747,346,21
4748,346,22
4749,346,23
4750,347,0
4751,347,1
4752,347,2
4753,347,3
4754,347,4
4755,347,5
4756,347,6
4757,347,7
4758,347,8
4759,347,14
4760,347,15
4761,347,16
4762,347,17
4763,347,18
4764,347,19
4765,347,20
4766,347,21
4767,347,22
4768,347,23
4769,348,0
4770,348,1
4771,348,2
4772,348,3
4773,348,4
4774,348,5
4775,348,6
4776,348,7
4777,348,8
4778,348,14
4779,348,15
4780,348,16
4781,348,17
4782,348,18
4783,348,19
4784,348,20
4785,348,21
4786,348,22
4787,348,23
4788,349,0
4789,349,1
4790,349,2
4791,349,3
4792,349,4
4793,349,5
4794,349,6
4795,349,7
4796,349,14
4797,349,15
4798,349,16
4799,349,17
4800,349,18
4801,349,19
4802,349,20
4803,349,21
4804,349,22
4805,349,23
4806,350,0
4807,350,1
4808,350,2
4809,350,3
4810,350,4
4811,350,5
4812,350,6
4813,350,7
4814,350,14
4815,350,15
4816,350,16
4817,350,17
4818,350,18
4819,350,19
4820,350,20
4821,350,21
4822,350,22
4823,350,23
4824,351,0
4825,351,1
4826,351,2
4827,351,3
4828,351,4
4829,351,5
4830,351,6
4831,351,7
4832,351,14
4833,351,15
4834,351,16
4835,351,17
4836,351,18
4837,351,19
4838,351,20
4839,351,21
4840,351,22
4841,351,23
4842,352,0
4843,352,1
4844,352,2
4845,352,3
4846,352,4
4847,352,5
4848,352,6
4849,352,7
4850,352,8
4851,352,14
4852,352,15
4853,352,16
4854,352,17
4855,352,18
4856,352,19
4857,352,20
4858,352,21
4859,352,22
4860,352,23
4861,353,0
4862,353,1
4863,353,2
4864,353,3
4865,353,4
4866,353,5
4867,353,6
4868,353,7
4869,353,8
4870,353,14
4871,353,15
4872,353,16
4873,353,17
4874,353,18
4875,353,19
4876,353,20
4877,353,21
4878,353,22
4879,353,23
4880,354,0
4881,354,1
4882,354,2
4883,354,3
4884,354,4
4885,354,5
4886,354,6
4887,354,7
4888,354,8
4889,354,14
4890,354,15
4891,354,16
4892,354,17
4893,354,18
4894,354,19
4895,354,20
4896,354,21
4897,354,22
4898,354,23
4899,355,0
4900,355,1
4901,355,2
4902,355,3
4903,355,4
4904,355,5
4905,355,6
4906,355,7
4907,355,8
4908,355,14
4909,355,15
4910,355,16
4911,355,17
4912,355,18
4913,355,19
4914,355,20
4915,355,21
4916,355,22
4917,355,23
4918,356,0
4919,356,1
4920,356,2
4921,356,3
4922,356,4
4923,356,5
4924,356,6
4925,356,7
4926,356,8
4927,356,14
4928,356,15
4929,356,16
4930,356,17
4931,356,18
4932,356,19
4933,356,20
4934,356,21
4935,356,22
4936,356,23
4937,357,0
4938,357,1
4939,357,2
4940,357,3
4941,357,4
4942,357,5
4943,357,6
4944,357,7
4945,357,14
4946,357,15
4947,357,16
4948,357,17
4949,357,18
4950,357,19
4951,357,20
4952,357,21
4953,357,22
4954,357,23
4955,358,0
4956,358,1
4957,358,2
4958,358,3
4959,358,4
4960,358,5
4961,358,6
4962,358,7
4963,358,8
4964,358,14
4965,358,15
4966,358,16
4967,358,17
4968,358,18
4969,358,19
4970,358,20
4971,358,21
4972,358,22
4973,358,23
4974,359,0
4975,359,1
4976,359,2
4977,359,3
4978,359,4
4979,359,5
4980,359,6
4981,359,7
4982,359,8
4983,359,14
4984,359,15
4985,359,16
4986,359,17
4987,359,18
4988,359,19
4989,359,20
4990,359,21
4991,359,22
4992,359,23
4993,360,0
4994,360,1
4995,360,2
4996,360,3
4997,360,4
4998,360,5
4999,360,6
5000,360,7
5001,360,8
5002,360,14
5003,360,15
5004,360,16
5005,360,17
5006,360,18
5007,360,19
5008,360,20
5009,360,21
5010,360,22
5011,360,23
5012,361,0
5013,361,1
5014,361,2
5015,361,3
5016,361,4
5017,361,5
5018,361,6
5019,361,7
5020,361,14
5021,361,15
5022,361,16
5023,361,17
5024,361,18
5025,361,19
5026,361,20
5027,361,21
5028,361,22
5029,361,23
5030,362,0
5031,362,1
5032,362,2
5033,362,3
5034,362,4
5035,362,5
5036,362,6
5037,362,7
5038,362,14
5039,362,15
5040,362,16
5041,362,17
5042,362,18
5043,362,19
5044,362,20
5045,362,21
5046,362,22
5047,362,23
5048,363,0
5049,363,1
5050,363,2
5051,363,3
5052,363,4
5053,363,5
5054,363,6
5055,363,7
5056,363,14
5057,363,15
5058,363,16
5059,363,17
5060,363,18
5061,363,19
5062,363,20
5063,363,21
5064,363,22
5065,363,23
5066,364,0
5067,364,1
5068,364,2
5069,364,3
5070,364,4
5071,364,5
5072,364,6
5073,364,7
5074,364,14
5075,364,15
5076,364,16
5077,364,17
5078,364,18
5079,364,19
5080,364,20
5081,364,21
5082,364,22
5083,364,23
5084,365,0
5085,365,1
5086,365,2
5087,365,3
5088,365,4
5089,365,5
5090,365,6
5091,365,7
5092,365,14
5093,365,15
5094,365,16
5095,365,17
5096,365,18
5097,365,19
5098,365,20
5099,365,21
5100,365,22
5101,365,23
