,day,hour
0,1,0
1,1,1
2,1,2
3,1,3
4,1,4
5,1,14
6,1,15
7,1,16
8,1,17
9,1,18
10,1,19
11,1,20
12,1,21
13,1,22
14,1,23
15,2,0
16,2,1
17,2,2
18,2,3
19,2,4
20,2,14
21,2,15
22,2,16
23,2,17
24,2,18
25,2,19
26,2,20
27,2,21
28,2,22
29,2,23
30,3,0
31,3,1
32,3,2
33,3,3
34,3,4
35,3,14
36,3,15
37,3,16
38,3,17
39,3,18
40,3,19
41,3,20
42,3,21
43,3,22
44,3,23
45,4,0
46,4,1
47,4,2
48,4,3
49,4,4
50,4,14
51,4,15
52,4,16
53,4,17
54,4,18
55,4,19
56,4,20
57,4,21
58,4,22
59,4,23
60,5,0
61,5,1
62,5,2
63,5,3
64,5,4
65,5,14
66,5,15
67,5,16
68,5,17
69,5,18
70,5,19
71,5,20
72,5,21
73,5,22
74,5,23
75,6,0
76,6,1
77,6,2
78,6,3
79,6,4
80,6,14
81,6,15
82,6,16
83,6,17
84,6,18
85,6,19
86,6,20
87,6,21
88,6,22
89,6,23
90,7,0
91,7,1
92,7,2
93,7,3
94,7,4
95,7,14
96,7,15
97,7,16
98,7,17
99,7,18
100,7,19
101,7,20
102,7,21
103,7,22
104,7,23
105,8,0
106,8,1
107,8,2
108,8,3
109,8,4
110,8,14
111,8,15
112,8,16
113,8,17
114,8,18
115,8,19
116,8,20
117,8,21
118,8,22
119,8,23
120,9,0
121,9,1
122,9,2
123,9,3
124,9,4
125,9,14
126,9,15
127,9,16
128,9,17
129,9,18
130,9,19
131,9,20
132,9,21
133,9,22
134,9,23
135,10,0
136,10,1
137,10,2
138,10,3
139,10,4
140,10,14
141,10,15
142,10,16
143,10,17
144,10,18
145,10,19
146,10,20
147,10,21
148,10,22
149,10,23
150,11,0
151,11,1
152,11,2
153,11,3
154,11,4
155,11,14
156,11,15
157,11,16
158,11,17
159,11,18
160,11,19
161,11,20
162,11,21
163,11,22
164,11,23
165,12,0
166,12,1
167,12,2
168,12,3
169,12,4
170,12,14
171,12,15
172,12,16
173,12,17
174,12,18
175,12,19
176,12,20
177,12,21
178,12,22
179,12,23
180,13,0
181,13,1
182,13,2
183,13,3
184,13,4
185,13,14
186,13,15
187,13,16
188,13,17
189,13,18
190,13,19
191,13,20
192,13,21
193,13,22
194,13,23
195,14,0
196,14,1
197,14,2
198,14,3
199,14,4
200,14,14
201,14,15
202,14,16
203,14,17
204,14,18
205,14,19
206,14,20
207,14,21
208,14,22
209,14,23
210,15,0
211,15,1
212,15,2
213,15,3
214,15,4
215,15,14
216,15,15
217,15,16
218,15,17
219,15,18
220,15,19
221,15,20
222,15,21
223,15,22
224,15,23
225,16,0
226,16,1
227,16,2
228,16,3
229,16,4
230,16,14
231,16,15
232,16,16
233,16,17
234,16,18
235,16,19
236,16,20
237,16,21
238,16,22
239,16,23
240,17,0
241,17,1
242,17,2
243,17,3
244,17,4
245,17,14
246,17,15
247,17,16
248,17,17
249,17,18
250,17,19
251,17,20
252,17,21
253,17,22
254,17,23
255,18,0
256,18,1
257,18,2
258,18,3
259,18,4
260,18,14
261,18,15
262,18,16
263,18,17
264,18,18
265,18,19
266,18,20
267,18,21
268,18,22
269,18,23
270,19,0
271,19,1
272,19,2
273,19,3
274,19,4
275,19,14
276,19,15
277,19,16
278,19,17
279,19,18
280,19,19
281,19,20
282,19,21
283,19,22
284,19,23
285,20,0
286,20,1
287,20,2
288,20,3
289,20,4
290,20,14
291,20,15
292,20,16
293,20,17
294,20,18
295,20,19
296,20,20
297,20,21
298,20,22
299,20,23
300,21,0
301,21,1
302,21,2
303,21,3
304,21,4
305,21,14
306,21,15
307,21,16
308,21,17
309,21,18
310,21,19
311,21,20
312,21,21
313,21,22
314,21,23
315,22,0
316,22,1
317,22,2
318,22,3
319,22,4
320,22,14
321,22,15
322,22,16
323,22,17
324,22,18
325,22,19
326,22,20
327,22,21
328,22,22
329,22,23
330,23,0
331,23,1
332,23,2
333,23,3
334,23,4
335,23,14
336,23,15
337,23,16
338,23,17
339,23,18
340,23,19
341,23,20
342,23,21
343,23,22
344,23,23
345,24,0
346,24,1
347,24,2
348,24,3
349,24,4
350,24,14
351,24,15
352,24,16
353,24,17
354,24,18
355,24,19
356,24,20
357,24,21
358,24,22
359,24,23
360,25,0
361,25,1
362,25,2
363,25,3
364,25,4
365,25,14
366,25,15
367,25,16
368,25,17
369,25,18
370,25,19
371,25,20
372,25,21
373,25,22
374,25,23
375,26,0
376,26,1
377,26,2
378,26,3
379,26,4
380,26,14
381,26,15
382,26,16
383,26,17
384,26,18
385,26,19
386,26,20
387,26,21
388,26,22
389,26,23
390,27,0
391,27,1
392,27,2
393,27,3
394,27,4
395,27,14
396,27,15
397,27,16
398,27,17
399,27,18
400,27,19
401,27,20
402,27,21
403,27,22
404,27,23
405,28,0
406,28,1
407,28,2
408,28,3
409,28,4
410,28,14
411,28,15
412,28,16
413,28,17
414,28,18
415,28,19
416,28,20
417,28,21
418,28,22
419,28,23
420,29,0
421,29,1
422,29,2
423,29,3
424,29,4
425,29,14
426,29,15
427,29,16
428,29,17
429,29,18
430,29,19
431,29,20
432,29,21
433,29,22
434,29,23
435,30,0
436,30,1
437,30,2
438,30,3
439,30,4
440,30,14
441,30,15
442,30,16
443,30,17
444,30,18
445,30,19
446,30,20
447,30,21
448,30,22
449,30,23
450,31,0
451,31,1
452,31,2
453,31,3
454,31,4
455,31,14
456,31,15
457,31,16
458,31,17
459,31,18
460,31,19
461,31,20
462,31,21
463,31,22
464,31,23
465,32,0
466,32,1
467,32,2
468,32,3
469,32,4
470,32,15
471,32,16
472,32,17
473,32,18
474,32,19
475,32,20
476,32,21
477,32,22
478,32,23
479,33,0
480,33,1
481,33,2
482,33,3
483,33,4
484,33,15
485,33,16
486,33,17
487,33,18
488,33,19
489,33,20
490,33,21
491,33,22
492,33,23
493,34,0
494,34,1
495,34,2
496,34,3
497,34,4
498,34,15
499,34,16
500,34,17
501,34,18
502,34,19
503,34,20
504,34,21
505,34,22
506,34,23
507,35,0
508,35,1
509,35,2
510,35,3
511,35,4
512,35,15
513,35,16
514,35,17
515,35,18
516,35,19
517,35,20
518,35,21
519,35,22
520,35,23
521,36,0
522,36,1
523,36,2
524,36,3
525,36,4
526,36,15
527,36,16
528,36,17
529,36,18
530,36,19
531,36,20
532,36,21
533,36,22
534,36,23
535,37,0
536,37,1
537,37,2
538,37,3
539,37,4
540,37,15
541,37,16
542,37,17
543,37,18
544,37,19
545,37,20
546,37,21
547,37,22
548,37,23
549,38,0
550,38,1
551,38,2
552,38,3
553,38,4
554,38,15
555,38,16
556,38,17
557,38,18
558,38,19
559,38,20
560,38,21
561,38,22
562,38,23
563,39,0
564,39,1
565,39,2
566,39,3
567,39,4
568,39,15
569,39,16
570,39,17
571,39,18
572,39,19
573,39,20
574,39,21
575,39,22
576,39,23
577,40,0
578,40,1
579,40,2
580,40,3
581,40,4
582,40,15
583,40,16
584,40,17
585,40,18
586,40,19
587,40,20
588,40,21
589,40,22
590,40,23
591,41,0
592,41,1
593,41,2
594,41,3
595,41,4
596,41,15
597,41,16
598,41,17
599,41,18
600,41,19
601,41,20
602,41,21
603,41,22
604,41,23
605,42,0
606,42,1
607,42,2
608,42,3
609,42,4
610,42,15
611,42,16
612,42,17
613,42,18
614,42,19
615,42,20
616,42,21
617,42,22
618,42,23
619,43,0
620,43,1
621,43,2
622,43,3
623,43,4
624,43,15
625,43,16
626,43,17
627,43,18
628,43,19
629,43,20
630,43,21
631,43,22
632,43,23
633,44,0
634,44,1
635,44,2
636,44,3
637,44,4
638,44,15
639,44,16
640,44,17
641,44,18
642,44,19
643,44,20
644,44,21
645,44,22
646,44,23
647,45,0
648,45,1
649,45,2
650,45,3
651,45,4
652,45,15
653,45,16
654,45,17
655,45,18
656,45,19
657,45,20
658,45,21
659,45,22
660,45,23
661,46,0
662,46,1
663,46,2
664,46,3
665,46,4
666,46,15
667,46,16
668,46,17
669,46,18
670,46,19
671,46,20
672,46,21
673,46,22
674,46,23
675,47,0
676,47,1
677,47,2
678,47,3
679,47,4
680,47,15
681,47,16
682,47,17
683,47,18
684,47,19
685,47,20
686,47,21
687,47,22
688,47,23
689,48,0
690,48,1
691,48,2
692,48,3
693,48,4
694,48,15
695,48,16
696,48,17
697,48,18
698,48,19
699,48,20
700,48,21
701,48,22
702,48,23
703,49,0
704,49,1
705,49,2
706,49,3
707,49,4
708,49,15
709,49,16
710,49,17
711,49,18
712,49,19
713,49,20
714,49,21
715,49,22
716,49,23
717,50,0
718,50,1
719,50,2
720,50,3
721,50,4
722,50,15
723,50,16
724,50,17
725,50,18
726,50,19
727,50,20
728,50,21
729,50,22
730,50,23
731,51,0
732,51,1
733,51,2
734,51,3
735,51,4
736,51,15
737,51,16
738,51,17
739,51,18
740,51,19
741,51,20
742,51,21
743,51,22
744,51,23
745,52,0
746,52,1
747,52,2
748,52,3
749,52,4
750,52,15
751,52,16
752,52,17
753,52,18
754,52,19
755,52,20
756,52,21
757,52,22
758,52,23
759,53,0
760,53,1
761,53,2
762,53,3
763,53,4
764,53,15
765,53,16
766,53,17
767,53,18
768,53,19
769,53,20
770,53,21
771,53,22
772,53,23
773,54,0
774,54,1
775,54,2
776,54,3
777,54,4
778,54,15
779,54,16
780,54,17
781,54,18
782,54,19
783,54,20
784,54,21
785,54,22
786,54,23
787,55,0
788,55,1
789,55,2
790,55,3
791,55,4
792,55,15
793,55,16
794,55,17
795,55,18
796,55,19
797,55,20
798,55,21
799,55,22
800,55,23
801,56,0
802,56,1
803,56,2
804,56,3
805,56,4
806,56,15
807,56,16
808,56,17
809,56,18
810,56,19
811,56,20
812,56,21
813,56,22
814,56,23
815,57,0
816,57,1
817,57,2
818,57,3
819,57,4
820,57,15
821,57,16
822,57,17
823,57,18
824,57,19
825,57,20
826,57,21
827,57,22
828,57,23
829,58,0
830,58,1
831,58,2
832,58,3
833,58,4
834,58,15
835,58,16
836,58,17
837,58,18
838,58,19
839,58,20
840,58,21
841,58,22
842,58,23
843,59,0
844,59,1
845,59,2
846,59,3
847,59,4
848,59,15
849,59,16
850,59,17
851,59,18
852,59,19
853,59,20
854,59,21
855,59,22
856,59,23
857,60,0
858,60,1
859,60,2
860,60,3
861,60,4
862,60,15
863,60,16
864,60,17
865,60,18
866,60,19
867,60,20
868,60,21
869,60,22
870,60,23
871,61,0
872,61,1
873,61,2
874,61,3
875,61,4
876,61,15
877,61,16
878,61,17
879,61,18
880,61,19
881,61,20
882,61,21
883,61,22
884,61,23
885,62,0
886,62,1
887,62,2
888,62,3
889,62,4
890,62,15
891,62,16
892,62,17
893,62,18
894,62,19
895,62,20
896,62,21
897,62,22
898,62,23
899,63,0
900,63,1
901,63,2
902,63,3
903,63,4
904,63,15
905,63,16
906,63,17
907,63,18
908,63,19
909,63,20
910,63,21
911,63,22
912,63,23
913,64,0
914,64,1
915,64,2
916,64,3
917,64,4
918,64,15
919,64,16
920,64,17
921,64,18
922,64,19
923,64,20
924,64,21
925,64,22
926,64,23
927,65,0
928,65,1
929,65,2
930,65,3
931,65,15
932,65,16
933,65,17
934,65,18
935,65,19
936,65,20
937,65,21
938,65,22
939,65,23
940,66,0
941,66,1
942,66,2
943,66,3
944,66,15
945,66,16
946,66,17
947,66,18
948,66,19
949,66,20
950,66,21
951,66,22
952,66,23
953,67,0
954,67,1
955,67,2
956,67,3
957,67,4
958,67,15
959,67,16
960,67,17
961,67,18
962,67,19
963,67,20
964,67,21
965,67,22
966,67,23
967,68,0
968,68,1
969,68,2
970,68,3
971,68,15
972,68,16
973,68,17
974,68,18
975,68,19
976,68,20
977,68,21
978,68,22
979,68,23
980,69,0
981,69,1
982,69,2
983,69,3
984,69,15
985,69,16
986,69,17
987,69,18
988,69,19
989,69,20
990,69,21
991,69,22
992,69,23
993,70,0
994,70,1
995,70,2
996,70,3
997,70,15
998,70,16
999,70,17
1000,70,18
1001,70,19
1002,70,20
1003,70,21
1004,70,22
1005,70,23
1006,71,0
1007,71,1
1008,71,2
1009,71,3
1010,71,15
1011,71,16
1012,71,17
1013,71,18
1014,71,19
1015,71,20
1016,71,21
1017,71,22
1018,71,23
1019,72,0
1020,72,1
1021,72,2
1022,72,3
1023,72,15
1024,72,16
1025,72,17
1026,72,18
1027,72,19
1028,72,20
1029,72,21
1030,72,22
1031,72,23
1032,73,0
1033,73,1
1034,73,2
1035,73,3
1036,73,15
1037,73,16
1038,73,17
1039,73,18
1040,73,19
1041,73,20
1042,73,21
1043,73,22
1044,73,23
1045,74,0
1046,74,1
1047,74,2
1048,74,3
1049,74,15
1050,74,16
1051,74,17
1052,74,18
1053,74,19
1054,74,20
1055,74,21
1056,74,22
1057,74,23
1058,75,0
1059,75,1
1060,75,2
1061,75,3
1062,75,15
1063,75,16
1064,75,17
1065,75,18
1066,75,19
1067,75,20
1068,75,21
1069,75,22
1070,75,23
1071,76,0
1072,76,1
1073,76,2
1074,76,3
1075,76,15
1076,76,16
1077,76,17
1078,76,18
1079,76,19
1080,76,20
1081,76,21
1082,76,22
1083,76,23
1084,77,0
1085,77,1
1086,77,2
1087,77,3
1088,77,15
1089,77,16
1090,77,17
1091,77,18
1092,77,19
1093,77,20
1094,77,21
1095,77,22
1096,77,23
1097,78,0
1098,78,1
1099,78,2
1100,78,3
1101,78,15
1102,78,16
1103,78,17
1104,78,18
1105,78,19
1106,78,20
1107,78,21
1108,78,22
1109,78,23
1110,79,0
1111,79,1
1112,79,2
1113,79,3
1114,79,15
1115,79,16
1116,79,17
1117,79,18
1118,79,19
1119,79,20
1120,79,21
1121,79,22
1122,79,23
1123,80,0
1124,80,1
1125,80,2
1126,80,3
1127,80,15
1128,80,16
1129,80,17
1130,80,18
1131,80,19
1132,80,20
1133,80,21
1134,80,22
1135,80,23
1136,81,0
1137,81,1
1138,81,2
1139,81,3
1140,81,15
1141,81,16
1142,81,17
1143,81,18
1144,81,19
1145,81,20
1146,81,21
1147,81,22
1148,81,23
1149,82,0
1150,82,1
1151,82,2
1152,82,3
1153,82,15
1154,82,16
1155,82,17
1156,82,18
1157,82,19
1158,82,20
1159,82,21
1160,82,22
1161,82,23
1162,83,0
1163,83,1
1164,83,2
1165,83,3
1166,83,15
1167,83,16
1168,83,17
1169,83,18
1170,83,19
1171,83,20
1172,83,21
1173,83,22
1174,83,23
1175,84,0
1176,84,1
1177,84,2
1178,84,3
1179,84,15
1180,84,16
1181,84,17
1182,84,18
1183,84,19
1184,84,20
1185,84,21
1186,84,22
1187,84,23
1188,85,0
1189,85,1
1190,85,2
1191,85,3
1192,85,15
1193,85,16
1194,85,17
1195,85,18
1196,85,19
1197,85,20
1198,85,21
1199,85,22
1200,85,23
1201,86,0
1202,86,1
1203,86,2
1204,86,3
1205,86,15
1206,86,16
1207,86,17
1208,86,18
1209,86,19
1210,86,20
1211,86,21
1212,86,22
1213,86,23
1214,87,0
1215,87,1
1216,87,2
1217,87,3
1218,87,15
1219,87,16
1220,87,17
1221,87,18
1222,87,19
1223,87,20
1224,87,21
1225,87,22
1226,87,23
1227,88,0
1228,88,1
1229,88,2
1230,88,3
1231,88,15
1232,88,16
1233,88,17
1234,88,18
1235,88,19
1236,88,20
1237,88,21
1238,88,22
1239,88,23
1240,89,0
1241,89,1
1242,89,2
1243,89,3
1244,89,15
1245,89,16
1246,89,17
1247,89,18
1248,89,19
1249,89,20
1250,89,21
1251,89,22
1252,89,23
1253,90,0
1254,90,1
1255,90,2
1256,90,3
1257,90,15
1258,90,16
1259,90,17
1260,90,18
1261,90,19
1262,90,20
1263,90,21
1264,90,22
1265,90,23
1266,91,0
1267,91,1
1268,91,2
1269,91,3
1270,91,15
1271,91,16
1272,91,17
1273,91,18
1274,91,19
1275,91,20
1276,91,21
1277,91,22
1278,91,23
1279,92,0
1280,92,1
1281,92,2
1282,92,3
1283,92,15
1284,92,16
1285,92,17
1286,92,18
1287,92,19
1288,92,20
1289,92,21
1290,92,22
1291,92,23
1292,93,0
1293,93,1
1294,93,2
1295,93,3
1296,93,15
1297,93,16
1298,93,17
1299,93,18
1300,93,19
1301,93,20
1302,93,21
1303,93,22
1304,93,23
1305,94,0
1306,94,1
1307,94,2
1308,94,3
1309,94,16
1310,94,17
1311,94,18
1312,94,19
1313,94,20
1314,94,21
1315,94,22
1316,94,23
1317,95,0
1318,95,1
1319,95,2
1320,95,3
1321,95,16
1322,95,17
1323,95,18
1324,95,19
1325,95,20
1326,95,21
1327,95,22
1328,95,23
1329,96,0
1330,96,1
1331,96,2
1332,96,3
1333,96,15
1334,96,16
1335,96,17
1336,96,18
1337,96,19
1338,96,20
1339,96,21
1340,96,22
1341,96,23
1342,97,0
1343,97,1
1344,97,2
1345,97,3
1346,97,15
1347,97,16
1348,97,17
1349,97,18
1350,97,19
1351,97,20
1352,97,21
1353,97,22
1354,97,23
1355,98,0
1356,98,1
1357,98,2
1358,98,3
1359,98,15
1360,98,16
1361,98,17
1362,98,18
1363,98,19
1364,98,20
1365,98,21
1366,98,22
1367,98,23
1368,99,0
1369,99,1
1370,99,2
1371,99,3
1372,99,16
1373,99,17
1374,99,18
1375,99,19
1376,99,20
1377,99,21
1378,99,22
1379,99,23
1380,100,0
1381,100,1
1382,100,2
1383,100,3
1384,100,16
1385,100,17
1386,100,18
1387,100,19
1388,100,20
1389,100,21
1390,100,22
1391,100,23
1392,101,0
1393,101,1
1394,101,2
1395,101,3
1396,101,16
1397,101,17
1398,101,18
1399,101,19
1400,101,20
1401,101,21
1402,101,22
1403,101,23
1404,102,0
1405,102,1
1406,102,2
1407,102,3
1408,102,16
1409,102,17
1410,102,18
1411,102,19
1412,102,20
1413,102,21
1414,102,22
1415,102,23
1416,103,0
1417,103,1
1418,103,2
1419,103,3
1420,103,16
1421,103,17
1422,103,18
1423,103,19
1424,103,20
1425,103,21
1426,103,22
1427,103,23
1428,104,0
1429,104,1
1430,104,2
1431,104,3
1432,104,16
1433,104,17
1434,104,18
1435,104,19
1436,104,20
1437,104,21
1438,104,22
1439,104,23
1440,105,0
1441,105,1
1442,105,2
1443,105,3
1444,105,16
1445,105,17
1446,105,18
1447,105,19
1448,105,20
1449,105,21
1450,105,22
1451,105,23
1452,106,0
1453,106,1
1454,106,2
1455,106,3
1456,106,16
1457,106,17
1458,106,18
1459,106,19
1460,106,20
1461,106,21
1462,106,22
1463,106,23
1464,107,0
1465,107,1
1466,107,2
1467,107,3
1468,107,16
1469,107,17
1470,107,18
1471,107,19
1472,107,20
1473,107,21
1474,107,22
1475,107,23
1476,108,0
1477,108,1
1478,108,2
1479,108,3
1480,108,16
1481,108,17
1482,108,18
1483,108,19
1484,108,20
1485,108,21
1486,108,22
1487,108,23
1488,109,0
1489,109,1
1490,109,2
1491,109,3
1492,109,16
1493,109,17
1494,109,18
1495,109,19
1496,109,20
1497,109,21
1498,109,22
1499,109,23
1500,110,0
1501,110,1
1502,110,2
1503,110,3
1504,110,16
1505,110,17
1506,110,18
1507,110,19
1508,110,20
1509,110,21
1510,110,22
1511,110,23
1512,111,0
1513,111,1
1514,111,2
1515,111,3
1516,111,16
1517,111,17
1518,111,18
1519,111,19
1520,111,20
1521,111,21
1522,111,22
1523,111,23
1524,112,0
1525,112,1
1526,112,2
1527,112,3
1528,112,16
1529,112,17
1530,112,18
1531,112,19
1532,112,20
1533,112,21
1534,112,22
1535,112,23
1536,113,0
1537,113,1
1538,113,2
1539,113,3
1540,113,16
1541,113,17
1542,113,18
1543,113,19
1544,113,20
1545,113,21
1546,113,22
1547,113,23
1548,114,0
1549,114,1
1550,114,2
1551,114,3
1552,114,16
1553,114,17
1554,114,18
1555,114,19
1556,114,20
1557,114,21
1558,114,22
1559,114,23
1560,115,0
1561,115,1
1562,115,2
1563,115,3
1564,115,16
1565,115,17
1566,115,18
1567,115,19
1568,115,20
1569,115,21
1570,115,22
1571,115,23
1572,116,0
1573,116,1
1574,116,2
1575,116,3
1576,116,16
1577,116,17
1578,116,18
1579,116,19
1580,116,20
1581,116,21
1582,116,22
1583,116,23
1584,117,0
1585,117,1
1586,117,2
1587,117,3
1588,117,16
1589,117,17
1590,117,18
1591,117,19
1592,117,20
1593,117,21
1594,117,22
1595,117,23
1596,118,0
1597,118,1
1598,118,2
1599,118,3
1600,118,16
1601,118,17
1602,118,18
1603,118,19
1604,118,20
1605,118,21
1606,118,22
1607,118,23
1608,119,0
1609,119,1
1610,119,2
1611,119,3
1612,119,16
1613,119,17
1614,119,18
1615,119,19
1616,119,20
1617,119,21
1618,119,22
1619,119,23
1620,120,0
1621,120,1
1622,120,2
1623,120,3
1624,120,16
1625,120,17
1626,120,18
1627,120,19
1628,120,20
1629,120,21
1630,120,22
1631,120,23
1632,121,0
1633,121,1
1634,121,2
1635,121,3
1636,121,16
1637,121,17
1638,121,18
1639,121,19
1640,121,20
1641,121,21
1642,121,22
1643,121,23
1644,122,0
1645,122,1
1646,122,2
1647,122,3
1648,122,16
1649,122,17
1650,122,18
1651,122,19
1652,122,20
1653,122,21
1654,122,22
1655,122,23
1656,123,0
1657,123,1
1658,123,2
1659,123,3
1660,123,16
1661,123,17
1662,123,18
1663,123,19
1664,123,20
1665,123,21
1666,123,22
1667,123,23
1668,124,0
1669,124,1
1670,124,2
1671,124,3
1672,124,16
1673,124,17
1674,124,18
1675,124,19
1676,124,20
1677,124,21
1678,124,22
1679,124,23
1680,125,0
1681,125,1
1682,125,2
1683,125,3
1684,125,16
1685,125,17
1686,125,18
1687,125,19
1688,125,20
1689,125,21
1690,125,22
1691,125,23
1692,126,0
1693,126,1
1694,126,2
1695,126,3
1696,126,16
1697,126,17
1698,126,18
1699,126,19
1700,126,20
1701,126,21
1702,126,22
1703,126,23
1704,127,0
1705,127,1
1706,127,2
1707,127,3
1708,127,16
1709,127,17
1710,127,18
1711,127,19
1712,127,20
1713,127,21
1714,127,22
1715,127,23
1716,128,0
1717,128,1
1718,128,2
1719,128,3
1720,128,16
1721,128,17
1722,128,18
1723,128,19
1724,128,20
1725,128,21
1726,128,22
1727,128,23
1728,129,0
1729,129,1
1730,129,2
1731,129,3
1732,129,16
1733,129,17
1734,129,18
1735,129,19
1736,129,20
1737,129,21
1738,129,22
1739,129,23
1740,130,0
1741,130,1
1742,130,2
1743,130,3
1744,130,16
1745,130,17
1746,130,18
1747,130,19
1748,130,20
1749,130,21
1750,130,22
1751,130,23
1752,131,0
1753,131,1
1754,131,2
1755,131,3
1756,131,16
1757,131,17
1758,131,18
1759,131,19
1760,131,20
1761,131,21
1762,131,22
1763,131,23
1764,132,0
1765,132,1
1766,132,2
1767,132,3
1768,132,16
1769,132,17
1770,132,18
1771,132,19
1772,132,20
1773,132,21
1774,132,22
1775,132,23
1776,133,0
1777,133,1
1778,133,2
1779,133,3
1780,133,16
1781,133,17
1782,133,18
1783,133,19
1784,133,20
1785,133,21
1786,133,22
1787,133,23
1788,134,0
1789,134,1
1790,134,2
1791,134,3
1792,134,16
1793,134,17
1794,134,18
1795,134,19
1796,134,20
1797,134,21
1798,134,22
1799,134,23
1800,135,0
1801,135,1
1802,135,2
1803,135,3
1804,135,16
1805,135,17
1806,135,18
1807,135,19
1808,135,20
1809,135,21
1810,135,22
1811,135,23
1812,136,0
1813,136,1
1814,136,2
1815,136,3
1816,136,16
1817,136,17
1818,136,18
1819,136,19
1820,136,20
1821,136,21
1822,136,22
1823,136,23
1824,137,0
1825,137,1
1826,137,2
1827,137,3
1828,137,16
1829,137,17
1830,137,18
1831,137,19
1832,137,20
1833,137,21
1834,137,22
1835,137,23
1836,138,0
1837,138,1
1838,138,2
1839,138,3
1840,138,16
1841,138,17
1842,138,18
1843,138,19
1844,138,20
1845,138,21
1846,138,22
1847,138,23
1848,139,0
1849,139,1
1850,139,2
1851,139,3
1852,139,16
1853,139,17
1854,139,18
1855,139,19
1856,139,20
1857,139,21
1858,139,22
1859,139,23
1860,140,0
1861,140,1
1862,140,2
1863,140,3
1864,140,16
1865,140,17
1866,140,18
1867,140,19
1868,140,20
1869,140,21
1870,140,22
1871,140,23
1872,141,0
1873,141,1
1874,141,2
1875,141,3
1876,141,16
1877,141,17
1878,141,18
1879,141,19
1880,141,20
1881,141,21
1882,141,22
1883,141,23
1884,142,0
1885,142,1
1886,142,2
1887,142,3
1888,142,16
1889,142,17
1890,142,18
1891,142,19
1892,142,20
1893,142,21
1894,142,22
1895,142,23
1896,143,0
1897,143,1
1898,143,2
1899,143,3
1900,143,16
1901,143,17
1902,143,18
1903,143,19
1904,143,20
1905,143,21
1906,143,22
1907,143,23
1908,144,0
1909,144,1
1910,144,2
1911,144,3
1912,144,16
1913,144,17
1914,144,18
1915,144,19
1916,144,20
1917,144,21
1918,144,22
1919,144,23
1920,145,0
1921,145,1
1922,145,2
1923,145,3
1924,145,16
1925,145,17
1926,145,18
1927,145,19
1928,145,20
1929,145,21
1930,145,22
1931,145,23
1932,146,0
1933,146,1
1934,146,2
1935,146,3
1936,146,16
1937,146,17
1938,146,18
1939,146,19
1940,146,20
1941,146,21
1942,146,22
1943,146,23
1944,147,0
1945,147,1
1946,147,2
1947,147,3
1948,147,16
1949,147,17
1950,147,18
1951,147,19
1952,147,20
1953,147,21
1954,147,22
1955,147,23
1956,148,0
1957,148,1
1958,148,2
1959,148,3
1960,148,16
1961,148,17
1962,148,18
1963,148,19
1964,148,20
1965,148,21
1966,148,22
1967,148,23
1968,149,0
1969,149,1
1970,149,2
1971,149,3
1972,149,16
1973,149,17
1974,149,18
1975,149,19
1976,149,20
1977,149,21
1978,149,22
1979,149,23
1980,150,0
1981,150,1
1982,150,2
1983,150,3
1984,150,16
1985,150,17
1986,150,18
1987,150,19
1988,150,20
1989,150,21
1990,150,22
1991,150,23
1992,151,0
1993,151,1
1994,151,2
1995,151,3
1996,151,16
1997,151,17
1998,151,18
1999,151,19
2000,151,20
2001,151,21
2002,151,22
2003,151,23
2004,152,0
2005,152,1
2006,152,2
2007,152,3
2008,152,16
2009,152,17
2010,152,18
2011,152,19
2012,152,20
2013,152,21
2014,152,22
2015,152,23
2016,153,0
2017,153,1
2018,153,2
2019,153,3
2020,153,16
2021,153,17
2022,153,18
2023,153,19
2024,153,20
2025,153,21
2026,153,22
2027,153,23
2028,154,0
2029,154,1
2030,154,2
2031,154,3
2032,154,16
2033,154,17
2034,154,18
2035,154,19
2036,154,20
2037,154,21
2038,154,22
2039,154,23
2040,155,0
2041,155,1
2042,155,2
2043,155,3
2044,155,16
2045,155,17
2046,155,18
2047,155,19
2048,155,20
2049,155,21
2050,155,22
2051,155,23
2052,156,0
2053,156,1
2054,156,2
2055,156,3
2056,156,16
2057,156,17
2058,156,18
2059,156,19
2060,156,20
2061,156,21
2062,156,22
2063,156,23
2064,157,0
2065,157,1
2066,157,2
2067,157,16
2068,157,17
2069,157,18
2070,157,19
2071,157,20
2072,157,21
2073,157,22
2074,157,23
2075,158,0
2076,158,1
2077,158,2
2078,158,16
2079,158,17
2080,158,18
2081,158,19
2082,158,20
2083,158,21
2084,158,22
2085,158,23
2086,159,0
2087,159,1
2088,159,2
2089,159,16
2090,159,17
2091,159,18
2092,159,19
2093,159,20
2094,159,21
2095,159,22
2096,159,23
2097,160,0
2098,160,1
2099,160,2
2100,160,16
2101,160,17
2102,160,18
2103,160,19
2104,160,20
2105,160,21
2106,160,22
2107,160,23
2108,161,0
2109,161,1
2110,161,2
2111,161,16
2112,161,17
2113,161,18
2114,161,19
2115,161,20
2116,161,21
2117,161,22
2118,161,23
2119,162,0
2120,162,1
2121,162,2
2122,162,16
2123,162,17
2124,162,18
2125,162,19
2126,162,20
2127,162,21
2128,162,22
2129,162,23
2130,163,0
2131,163,1
2132,163,2
2133,163,16
2134,163,17
2135,163,18
2136,163,19
2137,163,20
2138,163,21
2139,163,22
2140,163,23
2141,164,0
2142,164,1
2143,164,2
2144,164,16
2145,164,17
2146,164,18
2147,164,19
2148,164,20
2149,164,21
2150,164,22
2151,164,23
2152,165,0
2153,165,1
2154,165,2
2155,165,16
2156,165,17
2157,165,18
2158,165,19
2159,165,20
2160,165,21
2161,165,22
2162,165,23
2163,166,0
2164,166,1
2165,166,2
2166,166,16
2167,166,17
2168,166,18
2169,166,19
2170,166,20
2171,166,21
2172,166,22
2173,166,23
2174,167,0
2175,167,1
2176,167,2
2177,167,16
2178,167,17
2179,167,18
2180,167,19
2181,167,20
2182,167,21
2183,167,22
2184,167,23
2185,168,0
2186,168,1
2187,168,2
2188,168,16
2189,168,17
2190,168,18
2191,168,19
2192,168,20
2193,168,21
2194,168,22
2195,168,23
2196,169,0
2197,169,1
2198,169,2
2199,169,16
2200,169,17
2201,169,18
2202,169,19
2203,169,20
2204,169,21
2205,169,22
2206,169,23
2207,170,0
2208,170,1
2209,170,2
2210,170,16
2211,170,17
2212,170,18
2213,170,19
2214,170,20
2215,170,21
2216,170,22
2217,170,23
2218,171,0
2219,171,1
2220,171,2
2221,171,16
2222,171,17
2223,171,18
2224,171,19
2225,171,20
2226,171,21
2227,171,22
2228,171,23
2229,172,0
2230,172,1
2231,172,2
2232,172,16
2233,172,17
2234,172,18
2235,172,19
2236,172,20
2237,172,21
2238,172,22
2239,172,23
2240,173,0
2241,173,1
2242,173,2
2243,173,16
2244,173,17
2245,173,18
2246,173,19
2247,173,20
2248,173,21
2249,173,22
2250,173,23
2251,174,0
2252,174,1
2253,174,2
2254,174,16
2255,174,17
2256,174,18
2257,174,19
2258,174,20
2259,174,21
2260,174,22
2261,174,23
2262,175,0
2263,175,1
2264,175,2
2265,175,16
2266,175,17
2267,175,18
2268,175,19
2269,175,20
2270,175,21
2271,175,22
2272,175,23
2273,176,0
2274,176,1
2275,176,2
2276,176,16
2277,176,17
2278,176,18
2279,176,19
2280,176,20
2281,176,21
2282,176,22
2283,176,23
2284,177,0
2285,177,1
2286,177,2
2287,177,16
2288,177,17
2289,177,18
2290,177,19
2291,177,20
2292,177,21
2293,177,22
2294,177,23
2295,178,0
2296,178,1
2297,178,2
2298,178,16
2299,178,17
2300,178,18
2301,178,19
2302,178,20
2303,178,21
2304,178,22
2305,178,23
2306,179,0
2307,179,1
2308,179,2
2309,179,16
2310,179,17
2311,179,18
2312,179,19
2313,179,20
2314,179,21
2315,179,22
2316,179,23
2317,180,0
2318,180,1
2319,180,2
2320,180,16
2321,180,17
2322,180,18
2323,180,19
2324,180,20
2325,180,21
2326,180,22
2327,180,23
2328,181,0
2329,181,1
2330,181,2
2331,181,16
2332,181,17
2333,181,18
2334,181,19
2335,181,20
2336,181,21
2337,181,22
2338,181,23
2339,182,0
2340,182,1
2341,182,2
2342,182,16
2343,182,17
2344,182,18
2345,182,19
2346,182,20
2347,182,21
2348,182,22
2349,182,23
2350,183,0
2351,183,1
2352,183,2
2353,183,16
2354,183,17
2355,183,18
2356,183,19
2357,183,20
2358,183,21
2359,183,22
2360,183,23
2361,184,0
2362,184,1
2363,184,2
2364,184,16
2365,184,17
2366,184,18
2367,184,19
2368,184,20
2369,184,21
2370,184,22
2371,184,23
2372,185,0
2373,185,1
2374,185,2
2375,185,16
2376,185,17
2377,185,18
2378,185,19
2379,185,20
2380,185,21
2381,185,22
2382,185,23
2383,186,0
2384,186,1
2385,186,2
2386,186,16
2387,186,17
2388,186,18
2389,186,19
2390,186,20
2391,186,21
2392,186,22
2393,186,23
2394,187,0
2395,187,1
2396,187,2
2397,187,16
2398,187,17
2399,187,18
2400,187,19
2401,187,20
2402,187,21
2403,187,22
2404,187,23
2405,188,0
2406,188,1
2407,188,2
2408,188,16
2409,188,17
2410,188,18
2411,188,19
2412,188,20
2413,188,21
2414,188,22
2415,188,23
2416,189,0
2417,189,1
2418,189,2
2419,189,16
2420,189,17
2421,189,18
2422,189,19
2423,189,20
2424,189,21
2425,189,22
2426,189,23
2427,190,0
2428,190,1
2429,190,2
2430,190,16
2431,190,17
2432,190,18
2433,190,19
2434,190,20
2435,190,21
2436,190,22
2437,190,23
2438,191,0
2439,191,1
2440,191,2
2441,191,16
2442,191,17
2443,191,18
2444,191,19
2445,191,20
2446,191,21
2447,191,22
2448,191,23
2449,192,0
2450,192,1
2451,192,2
2452,192,16
2453,192,17
2454,192,18
2455,192,19
2456,192,20
2457,192,21
2458,192,22
2459,192,23
2460,193,0
2461,193,1
2462,193,2
2463,193,16
2464,193,17
2465,193,18
2466,193,19
2467,193,20
2468,193,21
2469,193,22
2470,193,23
2471,194,0
2472,194,1
2473,194,2
2474,194,16
2475,194,17
2476,194,18
2477,194,19
2478,194,20
2479,194,21
2480,194,22
2481,194,23
2482,195,0
2483,195,1
2484,195,2
2485,195,3
2486,195,16
2487,195,17
2488,195,18
2489,195,19
2490,195,20
2491,195,21
2492,195,22
2493,195,23
2494,196,0
2495,196,1
2496,196,2
2497,196,3
2498,196,16
2499,196,17
2500,196,18
2501,196,19
2502,196,20
2503,196,21
2504,196,22
2505,196,23
2506,197,0
2507,197,1
2508,197,2
2509,197,3
2510,197,16
2511,197,17
2512,197,18
2513,197,19
2514,197,20
2515,197,21
2516,197,22
2517,197,23
2518,198,0
2519,198,1
2520,198,2
2521,198,3
2522,198,16
2523,198,17
2524,198,18
2525,198,19
2526,198,20
2527,198,21
2528,198,22
2529,198,23
2530,199,0
2531,199,1
2532,199,2
2533,199,3
2534,199,16
2535,199,17
2536,199,18
2537,199,19
2538,199,20
2539,199,21
2540,199,22
2541,199,23
2542,200,0
2543,200,1
2544,200,2
2545,200,3
2546,200,16
2547,200,17
2548,200,18
2549,200,19
2550,200,20
2551,200,21
2552,200,22
2553,200,23
2554,201,0
2555,201,1
2556,201,2
2557,201,3
2558,201,16
2559,201,17
2560,201,18
2561,201,19
2562,201,20
2563,201,21
2564,201,22
2565,201,23
2566,202,0
2567,202,1
2568,202,2
2569,202,3
2570,202,16
2571,202,17
2572,202,18
2573,202,19
2574,202,20
2575,202,21
2576,202,22
2577,202,23
2578,203,0
2579,203,1
2580,203,2
2581,203,3
2582,203,16
2583,203,17
2584,203,18
2585,203,19
2586,203,20
2587,203,21
2588,203,22
2589,203,23
2590,204,0
2591,204,1
2592,204,2
2593,204,3
2594,204,16
2595,204,17
2596,204,18
2597,204,19
2598,204,20
2599,204,21
2600,204,22
2601,204,23
2602,205,0
2603,205,1
2604,205,2
2605,205,3
2606,205,16
2607,205,17
2608,205,18
2609,205,19
2610,205,20
2611,205,21
2612,205,22
2613,205,23
2614,206,0
2615,206,1
2616,206,2
2617,206,3
2618,206,16
2619,206,17
2620,206,18
2621,206,19
2622,206,20
2623,206,21
2624,206,22
2625,206,23
2626,207,0
2627,207,1
2628,207,2
2629,207,3
2630,207,16
2631,207,17
2632,207,18
2633,207,19
2634,207,20
2635,207,21
2636,207,22
2637,207,23
2638,208,0
2639,208,1
2640,208,2
2641,208,3
2642,208,16
2643,208,17
2644,208,18
2645,208,19
2646,208,20
2647,208,21
2648,208,22
2649,208,23
2650,209,0
2651,209,1
2652,209,2
2653,209,3
2654,209,16
2655,209,17
2656,209,18
2657,209,19
2658,209,20
2659,209,21
2660,209,22
2661,209,23
2662,210,0
2663,210,1
2664,210,2
2665,210,3
2666,210,16
2667,210,17
2668,210,18
2669,210,19
2670,210,20
2671,210,21
2672,210,22
2673,210,23
2674,211,0
2675,211,1
2676,211,2
2677,211,3
2678,211,16
2679,211,17
2680,211,18
2681,211,19
2682,211,20
2683,211,21
2684,211,22
2685,211,23
2686,212,0
2687,212,1
2688,212,2
2689,212,3
2690,212,16
2691,212,17
2692,212,18
2693,212,19
2694,212,20
2695,212,21
2696,212,22
2697,212,23
2698,213,0
2699,213,1
2700,213,2
2701,213,3
2702,213,16
2703,213,17
2704,213,18
2705,213,19
2706,213,20
2707,213,21
2708,213,22
2709,213,23
2710,214,0
2711,214,1
2712,214,2
2713,214,3
2714,214,16
2715,214,17
2716,214,18
2717,214,19
2718,214,20
2719,214,21
2720,214,22
2721,214,23
2722,215,0
2723,215,1
2724,215,2
2725,215,3
2726,215,16
2727,215,17
2728,215,18
2729,215,19
2730,215,20
2731,215,21
2732,215,22
2733,215,23
2734,216,0
2735,216,1
2736,216,2
2737,216,3
2738,216,16
2739,216,17
2740,216,18
2741,216,19
2742,216,20
2743,216,21
2744,216,22
2745,216,23
2746,217,0
2747,217,1
2748,217,2
2749,217,3
2750,217,16
2751,217,17
2752,217,18
2753,217,19
2754,217,20
2755,217,21
2756,217,22
2757,217,23
2758,218,0
2759,218,1
2760,218,2
2761,218,3
2762,218,16
2763,218,17
2764,218,18
2765,218,19
2766,218,20
2767,218,21
2768,218,22
2769,218,23
2770,219,0
2771,219,1
2772,219,2
2773,219,3
2774,219,16
2775,219,17
2776,219,18
2777,219,19
2778,219,20
2779,219,21
2780,219,22
2781,219,23
2782,220,0
2783,220,1
2784,220,2
2785,220,3
2786,220,16
2787,220,17
2788,220,18
2789,220,19
2790,220,20
2791,220,21
2792,220,22
2793,220,23
2794,221,0
2795,221,1
2796,221,2
2797,221,3
2798,221,16
2799,221,17
2800,221,18
2801,221,19
2802,221,20
2803,221,21
2804,221,22
2805,221,23
2806,222,0
2807,222,1
2808,222,2
2809,222,3
2810,222,16
2811,222,17
2812,222,18
2813,222,19
2814,222,20
2815,222,21
2816,222,22
2817,222,23
2818,223,0
2819,223,1
2820,223,2
2821,223,3
2822,223,16
2823,223,17
2824,223,18
2825,223,19
2826,223,20
2827,223,21
2828,223,22
2829,223,23
2830,224,0
2831,224,1
2832,224,2
2833,224,3
2834,224,16
2835,224,17
2836,224,18
2837,224,19
2838,224,20
2839,224,21
2840,224,22
2841,224,23
2842,225,0
2843,225,1
2844,225,2
2845,225,3
2846,225,16
2847,225,17
2848,225,18
2849,225,19
2850,225,20
2851,225,21
2852,225,22
2853,225,23
2854,226,0
2855,226,1
2856,226,2
2857,226,3
2858,226,16
2859,226,17
2860,226,18
2861,226,19
2862,226,20
2863,226,21
2864,226,22
2865,226,23
2866,227,0
2867,227,1
2868,227,2
2869,227,3
2870,227,16
2871,227,17
2872,227,18
2873,227,19
2874,227,20
2875,227,21
2876,227,22
2877,227,23
2878,228,0
2879,228,1
2880,228,2
2881,228,3
2882,228,16
2883,228,17
2884,228,18
2885,228,19
2886,228,20
2887,228,21
2888,228,22
2889,228,23
2890,229,0
2891,229,1
2892,229,2
2893,229,3
2894,229,16
2895,229,17
2896,229,18
2897,229,19
2898,229,20
2899,229,21
2900,229,22
2901,229,23
2902,230,0
2903,230,1
2904,230,2
2905,230,3
2906,230,16
2907,230,17
2908,230,18
2909,230,19
2910,230,20
2911,230,21
2912,230,22
2913,230,23
2914,231,0
2915,231,1
2916,231,2
2917,231,3
2918,231,16
2919,231,17
2920,231,18
2921,231,19
2922,231,20
2923,231,21
2924,231,22
2925,231,23
2926,232,0
2927,232,1
2928,232,2
2929,232,3
2930,232,16
2931,232,17
2932,232,18
2933,232,19
2934,232,20
2935,232,21
2936,232,22
2937,232,23
2938,233,0
2939,233,1
2940,233,2
2941,233,3
2942,233,16
2943,233,17
2944,233,18
2945,233,19
2946,233,20
2947,233,21
2948,233,22
2949,233,23
2950,234,0
2951,234,1
2952,234,2
2953,234,3
2954,234,16
2955,234,17
2956,234,18
2957,234,19
2958,234,20
2959,234,21
2960,234,22
2961,234,23
2962,235,0
2963,235,1
2964,235,2
2965,235,3
2966,235,16
2967,235,17
2968,235,18
2969,235,19
2970,235,20
2971,235,21
2972,235,22
2973,235,23
2974,236,0
2975,236,1
2976,236,2
2977,236,3
2978,236,16
2979,236,17
2980,236,18
2981,236,19
2982,236,20
2983,236,21
2984,236,22
2985,236,23
2986,237,0
2987,237,1
2988,237,2
2989,237,3
2990,237,16
2991,237,17
2992,237,18
2993,237,19
2994,237,20
2995,237,21
2996,237,22
2997,237,23
2998,238,0
2999,238,1
3000,238,2
3001,238,3
3002,238,16
3003,238,17
3004,238,18
3005,238,19
3006,238,20
3007,238,21
3008,238,22
3009,238,23
3010,239,0
3011,239,1
3012,239,2
3013,239,3
3014,239,16
3015,239,17
3016,239,18
3017,239,19
3018,239,20
3019,239,21
3020,239,22
3021,239,23
3022,240,0
3023,240,1
3024,240,2
3025,240,3
3026,240,16
3027,240,17
3028,240,18
3029,240,19
3030,240,20
3031,240,21
3032,240,22
3033,240,23
3034,241,0
3035,241,1
3036,241,2
3037,241,3
3038,241,16
3039,241,17
3040,241,18
3041,241,19
3042,241,20
3043,241,21
3044,241,22
3045,241,23
3046,242,0
3047,242,1
3048,242,2
3049,242,3
3050,242,16
3051,242,17
3052,242,18
3053,242,19
3054,242,20
3055,242,21
3056,242,22
3057,242,23
3058,243,0
3059,243,1
3060,243,2
3061,243,3
3062,243,16
3063,243,17
3064,243,18
3065,243,19
3066,243,20
3067,243,21
3068,243,22
3069,243,23
3070,244,0
3071,244,1
3072,244,2
3073,244,3
3074,244,16
3075,244,17
3076,244,18
3077,244,19
3078,244,20
3079,244,21
3080,244,22
3081,244,23
3082,245,0
3083,245,1
3084,245,2
3085,245,3
3086,245,16
3087,245,17
3088,245,18
3089,245,19
3090,245,20
3091,245,21
3092,245,22
3093,245,23
3094,246,0
3095,246,1
3096,246,2
3097,246,3
3098,246,16
3099,246,17
3100,246,18
3101,246,19
3102,246,20
3103,246,21
3104,246,22
3105,246,23
3106,247,0
3107,247,1
3108,247,2
3109,247,3
3110,247,16
3111,247,17
3112,247,18
3113,247,19
3114,247,20
3115,247,21
3116,247,22
3117,247,23
3118,248,0
3119,248,1
3120,248,2
3121,248,3
3122,248,16
3123,248,17
3124,248,18
3125,248,19
3126,248,20
3127,248,21
3128,248,22
3129,248,23
3130,249,0
3131,249,1
3132,249,2
3133,249,3
3134,249,16
3135,249,17
3136,249,18
3137,249,19
3138,249,20
3139,249,21
3140,249,22
3141,249,23
3142,250,0
3143,250,1
3144,250,2
3145,250,3
3146,250,16
3147,250,17
3148,250,18
3149,250,19
3150,250,20
3151,250,21
3152,250,22
3153,250,23
3154,251,0
3155,251,1
3156,251,2
3157,251,3
3158,251,16
3159,251,17
3160,251,18
3161,251,19
3162,251,20
3163,251,21
3164,251,22
3165,251,23
3166,252,0
3167,252,1
3168,252,2
3169,252,3
3170,252,16
3171,252,17
3172,252,18
3173,252,19
3174,252,20
3175,252,21
3176,252,22
3177,252,23
3178,253,0
3179,253,1
3180,253,2
3181,253,3
3182,253,16
3183,253,17
3184,253,18
3185,253,19
3186,253,20
3187,253,21
3188,253,22
3189,253,23
3190,254,0
3191,254,1
3192,254,2
3193,254,3
3194,254,16
3195,254,17
3196,254,18
3197,254,19
3198,254,20
3199,254,21
3200,254,22
3201,254,23
3202,255,0
3203,255,1
3204,255,2
3205,255,3
3206,255,16
3207,255,17
3208,255,18
3209,255,19
3210,255,20
3211,255,21
3212,255,22
3213,255,23
3214,256,0
3215,256,1
3216,256,2
3217,256,3
3218,256,16
3219,256,17
3220,256,18
3221,256,19
3222,256,20
3223,256,21
3224,256,22
3225,256,23
3226,257,0
3227,257,1
3228,257,2
3229,257,3
3230,257,15
3231,257,16
3232,257,17
3233,257,18
3234,257,19
3235,257,20
3236,257,21
3237,257,22
3238,257,23
3239,258,0
3240,258,1
3241,258,2
3242,258,3
3243,258,15
3244,258,16
3245,258,17
3246,258,18
3247,258,19
3248,258,20
3249,258,21
3250,258,22
3251,258,23
3252,259,0
3253,259,1
3254,259,2
3255,259,3
3256,259,15
3257,259,16
3258,259,17
3259,259,18
3260,259,19
3261,259,20
3262,259,21
3263,259,22
3264,259,23
3265,260,0
3266,260,1
3267,260,2
3268,260,3
3269,260,15
3270,260,16
3271,260,17
3272,260,18
3273,260,19
3274,260,20
3275,260,21
3276,260,22
3277,260,23
3278,261,0
3279,261,1
3280,261,2
3281,261,3
3282,261,15
3283,261,16
3284,261,17
3285,261,18
3286,261,19
3287,261,20
3288,261,21
3289,261,22
3290,261,23
3291,262,0
3292,262,1
3293,262,2
3294,262,3
3295,262,15
3296,262,16
3297,262,17
3298,262,18
3299,262,19
3300,262,20
3301,262,21
3302,262,22
3303,262,23
3304,263,0
3305,263,1
3306,263,2
3307,263,3
3308,263,15
3309,263,16
3310,263,17
3311,263,18
3312,263,19
3313,263,20
3314,263,21
3315,263,22
3316,263,23
3317,264,0
3318,264,1
3319,264,2
3320,264,3
3321,264,15
3322,264,16
3323,264,17
3324,264,18
3325,264,19
3326,264,20
3327,264,21
3328,264,22
3329,264,23
3330,265,0
3331,265,1
3332,265,2
3333,265,3
3334,265,15
3335,265,16
3336,265,17
3337,265,18
3338,265,19
3339,265,20
3340,265,21
3341,265,22
3342,265,23
3343,266,0
3344,266,1
3345,266,2
3346,266,3
3347,266,15
3348,266,16
3349,266,17
3350,266,18
3351,266,19
3352,266,20
3353,266,21
3354,266,22
3355,266,23
3356,267,0
3357,267,1
3358,267,2
3359,267,3
3360,267,15
3361,267,16
3362,267,17
3363,267,18
3364,267,19
3365,267,20
3366,267,21
3367,267,22
3368,267,23
3369,268,0
3370,268,1
3371,268,2
3372,268,3
3373,268,15
3374,268,16
3375,268,17
3376,268,18
3377,268,19
3378,268,20
3379,268,21
3380,268,22
3381,268,23
3382,269,0
3383,269,1
3384,269,2
3385,269,3
3386,269,15
3387,269,16
3388,269,17
3389,269,18
3390,269,19
3391,269,20
3392,269,21
3393,269,22
3394,269,23
3395,270,0
3396,270,1
3397,270,2
3398,270,3
3399,270,15
3400,270,16
3401,270,17
3402,270,18
3403,270,19
3404,270,20
3405,270,21
3406,270,22
3407,270,23
3408,271,0
3409,271,1
3410,271,2
3411,271,3
3412,271,15
3413,271,16
3414,271,17
3415,271,18
3416,271,19
3417,271,20
3418,271,21
3419,271,22
3420,271,23
3421,272,0
3422,272,1
3423,272,2
3424,272,3
3425,272,15
3426,272,16
3427,272,17
3428,272,18
3429,272,19
3430,272,20
3431,272,21
3432,272,22
3433,272,23
3434,273,0
3435,273,1
3436,273,2
3437,273,3
3438,273,15
3439,273,16
3440,273,17
3441,273,18
3442,273,19
3443,273,20
3444,273,21
3445,273,22
3446,273,23
3447,274,0
3448,274,1
3449,274,2
3450,274,3
3451,274,15
3452,274,16
3453,274,17
3454,274,18
3455,274,19
3456,274,20
3457,274,21
3458,274,22
3459,274,23
3460,275,0
3461,275,1
3462,275,2
3463,275,3
3464,275,15
3465,275,16
3466,275,17
3467,275,18
3468,275,19
3469,275,20
3470,275,21
3471,275,22
3472,275,23
3473,276,0
3474,276,1
3475,276,2
3476,276,3
3477,276,15
3478,276,16
3479,276,17
3480,276,18
3481,276,19
3482,276,20
3483,276,21
3484,276,22
3485,276,23
3486,277,0
3487,277,1
3488,277,2
3489,277,3
3490,277,15
3491,277,16
3492,277,17
3493,277,18
3494,277,19
3495,277,20
3496,277,21
3497,277,22
3498,277,23
3499,278,0
3500,278,1
3501,278,2
3502,278,3
3503,278,15
3504,278,16
3505,278,17
3506,278,18
3507,278,19
3508,278,20
3509,278,21
3510,278,22
3511,278,23
3512,279,0
3513,279,1
3514,279,2
3515,279,3
3516,279,15
3517,279,16
3518,279,17
3519,279,18
3520,279,19
3521,279,20
3522,279,21
3523,279,22
3524,279,23
3525,280,0
3526,280,1
3527,280,2
3528,280,3
3529,280,15
3530,280,16
3531,280,17
3532,280,18
3533,280,19
3534,280,20
3535,280,21
3536,280,22
3537,280,23
3538,281,0
3539,281,1
3540,281,2
3541,281,3
3542,281,4
3543,281,15
3544,281,16
3545,281,17
3546,281,18
3547,281,19
3548,281,20
3549,281,21
3550,281,22
3551,281,23
3552,282,0
3553,282,1
3554,282,2
3555,282,3
3556,282,15
3557,282,16
3558,282,17
3559,282,18
3560,282,19
3561,282,20
3562,282,21
3563,282,22
3564,282,23
3565,283,0
3566,283,1
3567,283,2
3568,283,3
3569,283,4
3570,283,15
3571,283,16
3572,283,17
3573,283,18
3574,283,19
3575,283,20
3576,283,21
3577,283,22
3578,283,23
3579,284,0
3580,284,1
3581,284,2
3582,284,3
3583,284,4
3584,284,15
3585,284,16
3586,284,17
3587,284,18
3588,284,19
3589,284,20
3590,284,21
3591,284,22
3592,284,23
3593,285,0
3594,285,1
3595,285,2
3596,285,3
3597,285,4
3598,285,15
3599,285,16
3600,285,17
3601,285,18
3602,285,19
3603,285,20
3604,285,21
3605,285,22
3606,285,23
3607,286,0
3608,286,1
3609,286,2
3610,286,3
3611,286,4
3612,286,15
3613,286,16
3614,286,17
3615,286,18
3616,286,19
3617,286,20
3618,286,21
3619,286,22
3620,286,23
3621,287,0
3622,287,1
3623,287,2
3624,287,3
3625,287,4
3626,287,15
3627,287,16
3628,287,17
3629,287,18
3630,287,19
3631,287,20
3632,287,21
3633,287,22
3634,287,23
3635,288,0
3636,288,1
3637,288,2
3638,288,3
3639,288,4
3640,288,15
3641,288,16
3642,288,17
3643,288,18
3644,288,19
3645,288,20
3646,288,21
3647,288,22
3648,288,23
3649,289,0
3650,289,1
3651,289,2
3652,289,3
3653,289,4
3654,289,15
3655,289,16
3656,289,17
3657,289,18
3658,289,19
3659,289,20
3660,289,21
3661,289,22
3662,289,23
3663,290,0
3664,290,1
3665,290,2
3666,290,3
3667,290,4
3668,290,15
3669,290,16
3670,290,17
3671,290,18
3672,290,19
3673,290,20
3674,290,21
3675,290,22
3676,290,23
3677,291,0
3678,291,1
3679,291,2
3680,291,3
3681,291,4
3682,291,15
3683,291,16
3684,291,17
3685,291,18
3686,291,19
3687,291,20
3688,291,21
3689,291,22
3690,291,23
3691,292,0
3692,292,1
3693,292,2
3694,292,3
3695,292,4
3696,292,15
3697,292,16
3698,292,17
3699,292,18
3700,292,19
3701,292,20
3702,292,21
3703,292,22
3704,292,23
3705,293,0
3706,293,1
3707,293,2
3708,293,3
3709,293,4
3710,293,15
3711,293,16
3712,293,17
3713,293,18
3714,293,19
3715,293,20
3716,293,21
3717,293,22
3718,293,23
3719,294,0
3720,294,1
3721,294,2
3722,294,3
3723,294,4
3724,294,15
3725,294,16
3726,294,17
3727,294,18
3728,294,19
3729,294,20
3730,294,21
3731,294,22
3732,294,23
3733,295,0
3734,295,1
3735,295,2
3736,295,3
3737,295,4
3738,295,15
3739,295,16
3740,295,17
3741,295,18
3742,295,19
3743,295,20
3744,295,21
3745,295,22
3746,295,23
3747,296,0
3748,296,1
3749,296,2
3750,296,3
3751,296,4
3752,296,15
3753,296,16
3754,296,17
3755,296,18
3756,296,19
3757,296,20
3758,296,21
3759,296,22
3760,296,23
3761,297,0
3762,297,1
3763,297,2
3764,297,3
3765,297,4
3766,297,15
3767,297,16
3768,297,17
3769,297,18
3770,297,19
3771,297,20
3772,297,21
3773,297,22
3774,297,23
3775,298,0
3776,298,1
3777,298,2
3778,298,3
3779,298,4
3780,298,15
3781,298,16
3782,298,17
3783,298,18
3784,298,19
3785,298,20
3786,298,21
3787,298,22
3788,298,23
3789,299,0
3790,299,1
3791,299,2
3792,299,3
3793,299,4
3794,299,15
3795,299,16
3796,299,17
3797,299,18
3798,299,19
3799,299,20
3800,299,21
3801,299,22
3802,299,23
3803,300,0
3804,300,1
3805,300,2
3806,300,3
3807,300,4
3808,300,15
3809,300,16
3810,300,17
3811,300,18
3812,300,19
3813,300,20
3814,300,21
3815,300,22
3816,300,23
3817,301,0
3818,301,1
3819,301,2
3820,301,3
3821,301,4
3822,301,15
3823,301,16
3824,301,17
3825,301,18
3826,301,19
3827,301,20
3828,301,21
3829,301,22
3830,301,23
3831,302,0
3832,302,1
3833,302,2
3834,302,3
3835,302,4
3836,302,15
3837,302,16
3838,302,17
3839,302,18
3840,302,19
3841,302,20
3842,302,21
3843,302,22
3844,302,23
3845,303,0
3846,303,1
3847,303,2
3848,303,3
3849,303,4
3850,303,15
3851,303,16
3852,303,17
3853,303,18
3854,303,19
3855,303,20
3856,303,21
3857,303,22
3858,303,23
3859,304,0
3860,304,1
3861,304,2
3862,304,3
3863,304,4
3864,304,15
3865,304,16
3866,304,17
3867,304,18
3868,304,19
3869,304,20
3870,304,21
3871,304,22
3872,304,23
3873,305,0
3874,305,1
3875,305,2
3876,305,3
3877,305,4
3878,305,15
3879,305,16
3880,305,17
3881,305,18
3882,305,19
3883,305,20
3884,305,21
3885,305,22
3886,305,23
3887,306,0
3888,306,1
3889,306,2
3890,306,3
3891,306,4
3892,306,15
3893,306,16
3894,306,17
3895,306,18
3896,306,19
3897,306,20
3898,306,21
3899,306,22
3900,306,23
3901,307,0
3902,307,1
3903,307,2
3904,307,3
3905,307,4
3906,307,15
3907,307,16
3908,307,17
3909,307,18
3910,307,19
3911,307,20
3912,307,21
3913,307,22
3914,307,23
3915,308,0
3916,308,1
3917,308,2
3918,308,3
3919,308,4
3920,308,15
3921,308,16
3922,308,17
3923,308,18
3924,308,19
3925,308,20
3926,308,21
3927,308,22
3928,308,23
3929,309,0
3930,309,1
3931,309,2
3932,309,3
3933,309,4
3934,309,15
3935,309,16
3936,309,17
3937,309,18
3938,309,19
3939,309,20
3940,309,21
3941,309,22
3942,309,23
3943,310,0
3944,310,1
3945,310,2
3946,310,3
3947,310,4
3948,310,15
3949,310,16
3950,310,17
3951,310,18
3952,310,19
3953,310,20
3954,310,21
3955,310,22
3956,310,23
3957,311,0
3958,311,1
3959,311,2
3960,311,3
3961,311,4
3962,311,15
3963,311,16
3964,311,17
3965,311,18
3966,311,19
3967,311,20
3968,311,21
3969,311,22
3970,311,23
3971,312,0
3972,312,1
3973,312,2
3974,312,3
3975,312,4
3976,312,15
3977,312,16
3978,312,17
3979,312,18
3980,312,19
3981,312,20
3982,312,21
3983,312,22
3984,312,23
3985,313,0
3986,313,1
3987,313,2
3988,313,3
3989,313,4
3990,313,15
3991,313,16
3992,313,17
3993,313,18
3994,313,19
3995,313,20
3996,313,21
3997,313,22
3998,313,23
3999,314,0
4000,314,1
4001,314,2
4002,314,3
4003,314,4
4004,314,15
4005,314,16
4006,314,17
4007,314,18
4008,314,19
4009,314,20
4010,314,21
4011,314,22
4012,314,23
4013,315,0
4014,315,1
4015,315,2
4016,315,3
4017,315,4
4018,315,15
4019,315,16
4020,315,17
4021,315,18
4022,315,19
4023,315,20
4024,315,21
4025,315,22
4026,315,23
4027,316,0
4028,316,1
4029,316,2
4030,316,3
4031,316,4
4032,316,15
4033,316,16
4034,316,17
4035,316,18
4036,316,19
4037,316,20
4038,316,21
4039,316,22
4040,316,23
4041,317,0
4042,317,1
4043,317,2
4044,317,3
4045,317,4
4046,317,14
4047,317,15
4048,317,16
4049,317,17
4050,317,18
4051,317,19
4052,317,20
4053,317,21
4054,317,22
4055,317,23
4056,318,0
4057,318,1
4058,318,2
4059,318,3
4060,318,4
4061,318,14
4062,318,15
4063,318,16
4064,318,17
4065,318,18
4066,318,19
4067,318,20
4068,318,21
4069,318,22
4070,318,23
4071,319,0
4072,319,1
4073,319,2
4074,319,3
4075,319,4
4076,319,14
4077,319,15
4078,319,16
4079,319,17
4080,319,18
4081,319,19
4082,319,20
4083,319,21
4084,319,22
4085,319,23
4086,320,0
4087,320,1
4088,320,2
4089,320,3
4090,320,4
4091,320,14
4092,320,15
4093,320,16
4094,320,17
4095,320,18
4096,320,19
4097,320,20
4098,320,21
4099,320,22
4100,320,23
4101,321,0
4102,321,1
4103,321,2
4104,321,3
4105,321,4
4106,321,14
4107,321,15
4108,321,16
4109,321,17
4110,321,18
4111,321,19
4112,321,20
4113,321,21
4114,321,22
4115,321,23
4116,322,0
4117,322,1
4118,322,2
4119,322,3
4120,322,4
4121,322,14
4122,322,15
4123,322,16
4124,322,17
4125,322,18
4126,322,19
4127,322,20
4128,322,21
4129,322,22
4130,322,23
4131,323,0
4132,323,1
4133,323,2
4134,323,3
4135,323,4
4136,323,14
4137,323,15
4138,323,16
4139,323,17
4140,323,18
4141,323,19
4142,323,20
4143,323,21
4144,323,22
4145,323,23
4146,324,0
4147,324,1
4148,324,2
4149,324,3
4150,324,4
4151,324,14
4152,324,15
4153,324,16
4154,324,17
4155,324,18
4156,324,19
4157,324,20
4158,324,21
4159,324,22
4160,324,23
4161,325,0
4162,325,1
4163,325,2
4164,325,3
4165,325,4
4166,325,14
4167,325,15
4168,325,16
4169,325,17
4170,325,18
4171,325,19
4172,325,20
4173,325,21
4174,325,22
4175,325,23
4176,326,0
4177,326,1
4178,326,2
4179,326,3
4180,326,4
4181,326,14
4182,326,15
4183,326,16
4184,326,17
4185,326,18
4186,326,19
4187,326,20
4188,326,21
4189,326,22
4190,326,23
4191,327,0
4192,327,1
4193,327,2
4194,327,3
4195,327,4
4196,327,14
4197,327,15
4198,327,16
4199,327,17
4200,327,18
4201,327,19
4202,327,20
4203,327,21
4204,327,22
4205,327,23
4206,328,0
4207,328,1
4208,328,2
4209,328,3
4210,328,4
4211,328,14
4212,328,15
4213,328,16
4214,328,17
4215,328,18
4216,328,19
4217,328,20
4218,328,21
4219,328,22
4220,328,23
4221,329,0
4222,329,1
4223,329,2
4224,329,3
4225,329,4
4226,329,14
4227,329,15
4228,329,16
4229,329,17
4230,329,18
4231,329,19
4232,329,20
4233,329,21
4234,329,22
4235,329,23
4236,330,0
4237,330,1
4238,330,2
4239,330,3
4240,330,4
4241,330,14
4242,330,15
4243,330,16
4244,330,17
4245,330,18
4246,330,19
4247,330,20
4248,330,21
4249,330,22
4250,330,23
4251,331,0
4252,331,1
4253,331,2
4254,331,3
4255,331,4
4256,331,14
4257,331,15
4258,331,16
4259,331,17
4260,331,18
4261,331,19
4262,331,20
4263,331,21
4264,331,22
4265,331,23
4266,332,0
4267,332,1
4268,332,2
4269,332,3
4270,332,4
4271,332,14
4272,332,15
4273,332,16
4274,332,17
4275,332,18
4276,332,19
4277,332,20
4278,332,21
4279,332,22
4280,332,23
4281,333,0
4282,333,1
4283,333,2
4284,333,3
4285,333,4
4286,333,14
4287,333,15
4288,333,16
4289,333,17
4290,333,18
4291,333,19
4292,333,20
4293,333,21
4294,333,22
4295,333,23
4296,334,0
4297,334,1
4298,334,2
4299,334,3
4300,334,4
4301,334,14
4302,334,15
4303,334,16
4304,334,17
4305,334,18
4306,334,19
4307,334,20
4308,334,21
4309,334,22
4310,334,23
4311,335,0
4312,335,1
4313,335,2
4314,335,3
4315,335,4
4316,335,14
4317,335,15
4318,335,16
4319,335,17
4320,335,18
4321,335,19
4322,335,20
4323,335,21
4324,335,22
4325,335,23
4326,336,0
4327,336,1
4328,336,2
4329,336,3
4330,336,4
4331,336,14
4332,336,15
4333,336,16
4334,336,17
4335,336,18
4336,336,19
4337,336,20
4338,336,21
4339,336,22
4340,336,23
4341,337,0
4342,337,1
4343,337,2
4344,337,3
4345,337,4
4346,337,14
4347,337,15
4348,337,16
4349,337,17
4350,337,18
4351,337,19
4352,337,20
4353,337,21
4354,337,22
4355,337,23
4356,338,0
4357,338,1
4358,338,2
4359,338,3
4360,338,4
4361,338,14
4362,338,15
4363,338,16
4364,338,17
4365,338,18
4366,338,19
4367,338,20
4368,338,21
4369,338,22
4370,338,23
4371,339,0
4372,339,1
4373,339,2
4374,339,3
4375,339,4
4376,339,14
4377,339,15
4378,339,16
4379,339,17
4380,339,18
4381,339,19
4382,339,20
4383,339,21
4384,339,22
4385,339,23
4386,340,0
4387,340,1
4388,340,2
4389,340,3
4390,340,4
4391,340,14
4392,340,15
4393,340,16
4394,340,17
4395,340,18
4396,340,19
4397,340,20
4398,340,21
4399,340,22
4400,340,23
4401,341,0
4402,341,1
4403,341,2
4404,341,3
4405,341,4
4406,341,14
4407,341,15
4408,341,16
4409,341,17
4410,341,18
4411,341,19
4412,341,20
4413,341,21
4414,341,22
4415,341,23
4416,342,0
4417,342,1
4418,342,2
4419,342,3
4420,342,4
4421,342,14
4422,342,15
4423,342,16
4424,342,17
4425,342,18
4426,342,19
4427,342,20
4428,342,21
4429,342,22
4430,342,23
4431,343,0
4432,343,1
4433,343,2
4434,343,3
4435,343,4
4436,343,14
4437,343,15
4438,343,16
4439,343,17
4440,343,18
4441,343,19
4442,343,20
4443,343,21
4444,343,22
4445,343,23
4446,344,0
4447,344,1
4448,344,2
4449,344,3
4450,344,4
4451,344,14
4452,344,15
4453,344,16
4454,344,17
4455,344,18
4456,344,19
4457,344,20
4458,344,21
4459,344,22
4460,344,23
4461,345,0
4462,345,1
4463,345,2
4464,345,3
4465,345,4
4466,345,14
4467,345,15
4468,345,16
4469,345,17
4470,345,18
4471,345,19
4472,345,20
4473,345,21
4474,345,22
4475,345,23
4476,346,0
4477,346,1
4478,346,2
4479,346,3
4480,346,4
4481,346,14
4482,346,15
4483,346,16
4484,346,17
4485,346,18
4486,346,19
4487,346,20
4488,346,21
4489,346,22
4490,346,23
4491,347,0
4492,347,1
4493,347,2
4494,347,3
4495,347,4
4496,347,14
4497,347,15
4498,347,16
4499,347,17
4500,347,18
4501,347,19
4502,347,20
4503,347,21
4504,347,22
4505,347,23
4506,348,0
4507,348,1
4508,348,2
4509,348,3
4510,348,4
4511,348,14
4512,348,15
4513,348,16
4514,348,17
4515,348,18
4516,348,19
4517,348,20
4518,348,21
4519,348,22
4520,348,23
4521,349,0
4522,349,1
4523,349,2
4524,349,3
4525,349,4
4526,349,14
4527,349,15
4528,349,16
4529,349,17
4530,349,18
4531,349,19
4532,349,20
4533,349,21
4534,349,22
4535,349,23
4536,350,0
4537,350,1
4538,350,2
4539,350,3
4540,350,4
4541,350,14
4542,350,15
4543,350,16
4544,350,17
4545,350,18
4546,350,19
4547,350,20
4548,350,21
4549,350,22
4550,350,23
4551,351,0
4552,351,1
4553,351,2
4554,351,3
4555,351,4
4556,351,14
4557,351,15
4558,351,16
4559,351,17
4560,351,18
4561,351,19
4562,351,20
4563,351,21
4564,351,22
4565,351,23
4566,352,0
4567,352,1
4568,352,2
4569,352,3
4570,352,4
4571,352,14
4572,352,15
4573,352,16
4574,352,17
4575,352,18
4576,352,19
4577,352,20
4578,352,21
4579,352,22
4580,352,23
4581,353,0
4582,353,1
4583,353,2
4584,353,3
4585,353,4
4586,353,14
4587,353,15
4588,353,16
4589,353,17
4590,353,18
4591,353,19
4592,353,20
4593,353,21
4594,353,22
4595,353,23
4596,354,0
4597,354,1
4598,354,2
4599,354,3
4600,354,4
4601,354,14
4602,354,15
4603,354,16
4604,354,17
4605,354,18
4606,354,19
4607,354,20
4608,354,21
4609,354,22
4610,354,23
4611,355,0
4612,355,1
4613,355,2
4614,355,3
4615,355,4
4616,355,14
4617,355,15
4618,355,16
4619,355,17
4620,355,18
4621,355,19
4622,355,20
4623,355,21
4624,355,22
4625,355,23
4626,356,0
4627,356,1
4628,356,2
4629,356,3
4630,356,4
4631,356,14
4632,356,15
4633,356,16
4634,356,17
4635,356,18
4636,356,19
4637,356,20
4638,356,21
4639,356,22
4640,356,23
4641,357,0
4642,357,1
4643,357,2
4644,357,3
4645,357,4
4646,357,14
4647,357,15
4648,357,16
4649,357,17
4650,357,18
4651,357,19
4652,357,20
4653,357,21
4654,357,22
4655,357,23
4656,358,0
4657,358,1
4658,358,2
4659,358,3
4660,358,4
4661,358,14
4662,358,15
4663,358,16
4664,358,17
4665,358,18
4666,358,19
4667,358,20
4668,358,21
4669,358,22
4670,358,23
4671,359,0
4672,359,1
4673,359,2
4674,359,3
4675,359,4
4676,359,14
4677,359,15
4678,359,16
4679,359,17
4680,359,18
4681,359,19
4682,359,20
4683,359,21
4684,359,22
4685,359,23
4686,360,0
4687,360,1
4688,360,2
4689,360,3
4690,360,4
4691,360,14
4692,360,15
4693,360,16
4694,360,17
4695,360,18
4696,360,19
4697,360,20
4698,360,21
4699,360,22
4700,360,23
4701,361,0
4702,361,1
4703,361,2
4704,361,3
4705,361,4
4706,361,14
4707,361,15
4708,361,16
4709,361,17
4710,361,18
4711,361,19
4712,361,20
4713,361,21
4714,361,22
4715,361,23
4716,362,0
4717,362,1
4718,362,2
4719,362,3
4720,362,4
4721,362,14
4722,362,15
4723,362,16
4724,362,17
4725,362,18
4726,362,19
4727,362,20
4728,362,21
4729,362,22
4730,362,23
4731,363,0
4732,363,1
4733,363,2
4734,363,3
4735,363,4
4736,363,14
4737,363,15
4738,363,16
4739,363,17
4740,363,18
4741,363,19
4742,363,20
4743,363,21
4744,363,22
4745,363,23
4746,364,0
4747,364,1
4748,364,2
4749,364,3
4750,364,4
4751,364,14
4752,364,15
4753,364,16
4754,364,17
4755,364,18
4756,364,19
4757,364,20
4758,364,21
4759,364,22
4760,364,23
4761,365,0
4762,365,1
4763,365,2
4764,365,3
4765,365,4
4766,365,14
4767,365,15
4768,365,16
4769,365,17
4770,365,18
4771,365,19
4772,365,20
4773,365,21
4774,365,22
4775,365,23
