,day,hour
0,1,0
1,1,1
2,1,2
3,1,3
4,1,4
5,1,5
6,1,6
7,1,7
8,1,16
9,1,17
10,1,18
11,1,19
12,1,20
13,1,21
14,1,22
15,1,23
16,2,0
17,2,1
18,2,2
19,2,3
20,2,4
21,2,5
22,2,6
23,2,7
24,2,16
25,2,17
26,2,18
27,2,19
28,2,20
29,2,21
30,2,22
31,2,23
32,3,0
33,3,1
34,3,2
35,3,3
36,3,4
37,3,5
38,3,6
39,3,7
40,3,16
41,3,17
42,3,18
43,3,19
44,3,20
45,3,21
46,3,22
47,3,23
48,4,0
49,4,1
50,4,2
51,4,3
52,4,4
53,4,5
54,4,6
55,4,7
56,4,16
57,4,17
58,4,18
59,4,19
60,4,20
61,4,21
62,4,22
63,4,23
64,5,0
65,5,1
66,5,2
67,5,3
68,5,4
69,5,5
70,5,6
71,5,7
72,5,16
73,5,17
74,5,18
75,5,19
76,5,20
77,5,21
78,5,22
79,5,23
80,6,0
81,6,1
82,6,2
83,6,3
84,6,4
85,6,5
86,6,6
87,6,7
88,6,16
89,6,17
90,6,18
91,6,19
92,6,20
93,6,21
94,6,22
95,6,23
96,7,0
97,7,1
98,7,2
99,7,3
100,7,4
101,7,5
102,7,6
103,7,7
104,7,16
105,7,17
106,7,18
107,7,19
108,7,20
109,7,21
110,7,22
111,7,23
112,8,0
113,8,1
114,8,2
115,8,3
116,8,4
117,8,5
118,8,6
119,8,7
120,8,16
121,8,17
122,8,18
123,8,19
124,8,20
125,8,21
126,8,22
127,8,23
128,9,0
129,9,1
130,9,2
131,9,3
132,9,4
133,9,5
134,9,6
135,9,7
136,9,16
137,9,17
138,9,18
139,9,19
140,9,20
141,9,21
142,9,22
143,9,23
144,10,0
145,10,1
146,10,2
147,10,3
148,10,4
149,10,5
150,10,6
151,10,7
152,10,16
153,10,17
154,10,18
155,10,19
156,10,20
157,10,21
158,10,22
159,10,23
160,11,0
161,11,1
162,11,2
163,11,3
164,11,4
165,11,5
166,11,6
167,11,7
168,11,16
169,11,17
170,11,18
171,11,19
172,11,20
173,11,21
174,11,22
175,11,23
176,12,0
177,12,1
178,12,2
179,12,3
180,12,4
181,12,5
182,12,6
183,12,7
184,12,16
185,12,17
186,12,18
187,12,19
188,12,20
189,12,21
190,12,22
191,12,23
192,13,0
193,13,1
194,13,2
195,13,3
196,13,4
197,13,5
198,13,6
199,13,7
200,13,16
201,13,17
202,13,18
203,13,19
204,13,20
205,13,21
206,13,22
207,13,23
208,14,0
209,14,1
210,14,2
211,14,3
212,14,4
213,14,5
214,14,6
215,14,7
216,14,16
217,14,17
218,14,18
219,14,19
220,14,20
221,14,21
222,14,22
223,14,23
224,15,0
225,15,1
226,15,2
227,15,3
228,15,4
229,15,5
230,15,6
231,15,7
232,15,16
233,15,17
234,15,18
235,15,19
236,15,20
237,15,21
238,15,22
239,15,23
240,16,0
241,16,1
242,16,2
243,16,3
244,16,4
245,16,5
246,16,6
247,16,7
248,16,16
249,16,17
250,16,18
251,16,19
252,16,20
253,16,21
254,16,22
255,16,23
256,17,0
257,17,1
258,17,2
259,17,3
260,17,4
261,17,5
262,17,6
263,17,7
264,17,16
265,17,17
266,17,18
267,17,19
268,17,20
269,17,21
270,17,22
271,17,23
272,18,0
273,18,1
274,18,2
275,18,3
276,18,4
277,18,5
278,18,6
279,18,7
280,18,16
281,18,17
282,18,18
283,18,19
284,18,20
285,18,21
286,18,22
287,18,23
288,19,0
289,19,1
290,19,2
291,19,3
292,19,4
293,19,5
294,19,6
295,19,7
296,19,16
297,19,17
298,19,18
299,19,19
300,19,20
301,19,21
302,19,22
303,19,23
304,20,0
305,20,1
306,20,2
307,20,3
308,20,4
309,20,5
310,20,6
311,20,7
312,20,17
313,20,18
314,20,19
315,20,20
316,20,21
317,20,22
318,20,23
319,21,0
320,21,1
321,21,2
322,21,3
323,21,4
324,21,5
325,21,6
326,21,7
327,21,17
328,21,18
329,21,19
330,21,20
331,21,21
332,21,22
333,21,23
334,22,0
335,22,1
336,22,2
337,22,3
338,22,4
339,22,5
340,22,6
341,22,7
342,22,17
343,22,18
344,22,19
345,22,20
346,22,21
347,22,22
348,22,23
349,23,0
350,23,1
351,23,2
352,23,3
353,23,4
354,23,5
355,23,6
356,23,7
357,23,17
358,23,18
359,23,19
360,23,20
361,23,21
362,23,22
363,23,23
364,24,0
365,24,1
366,24,2
367,24,3
368,24,4
369,24,5
370,24,6
371,24,7
372,24,17
373,24,18
374,24,19
375,24,20
376,24,21
377,24,22
378,24,23
379,25,0
380,25,1
381,25,2
382,25,3
383,25,4
384,25,5
385,25,6
386,25,7
387,25,17
388,25,18
389,25,19
390,25,20
391,25,21
392,25,22
393,25,23
394,26,0
395,26,1
396,26,2
397,26,3
398,26,4
399,26,5
400,26,6
401,26,7
402,26,17
403,26,18
404,26,19
405,26,20
406,26,21
407,26,22
408,26,23
409,27,0
410,27,1
411,27,2
412,27,3
413,27,4
414,27,5
415,27,6
416,27,7
417,27,17
418,27,18
419,27,19
420,27,20
421,27,21
422,27,22
423,27,23
424,28,0
425,28,1
426,28,2
427,28,3
428,28,4
429,28,5
430,28,6
431,28,7
432,28,17
433,28,18
434,28,19
435,28,20
436,28,21
437,28,22
438,28,23
439,29,0
440,29,1
441,29,2
442,29,3
443,29,4
444,29,5
445,29,6
446,29,7
447,29,17
448,29,18
449,29,19
450,29,20
451,29,21
452,29,22
453,29,23
454,30,0
455,30,1
456,30,2
457,30,3
458,30,4
459,30,5
460,30,6
461,30,7
462,30,17
463,30,18
464,30,19
465,30,20
466,30,21
467,30,22
468,30,23
469,31,0
470,31,1
471,31,2
472,31,3
473,31,4
474,31,5
475,31,6
476,31,7
477,31,17
478,31,18
479,31,19
480,31,20
481,31,21
482,31,22
483,31,23
484,32,0
485,32,1
486,32,2
487,32,3
488,32,4
489,32,5
490,32,6
491,32,7
492,32,17
493,32,18
494,32,19
495,32,20
496,32,21
497,32,22
498,32,23
499,33,0
500,33,1
501,33,2
502,33,3
503,33,4
504,33,5
505,33,6
506,33,7
507,33,17
508,33,18
509,33,19
510,33,20
511,33,21
512,33,22
513,33,23
514,34,0
515,34,1
516,34,2
517,34,3
518,34,4
519,34,5
520,34,6
521,34,7
522,34,17
523,34,18
524,34,19
525,34,20
526,34,21
527,34,22
528,34,23
529,35,0
530,35,1
531,35,2
532,35,3
533,35,4
534,35,5
535,35,6
536,35,7
537,35,17
538,35,18
539,35,19
540,35,20
541,35,21
542,35,22
543,35,23
544,36,0
545,36,1
546,36,2
547,36,3
548,36,4
549,36,5
550,36,6
551,36,7
552,36,17
553,36,18
554,36,19
555,36,20
556,36,21
557,36,22
558,36,23
559,37,0
560,37,1
561,37,2
562,37,3
563,37,4
564,37,5
565,37,6
566,37,7
567,37,17
568,37,18
569,37,19
570,37,20
571,37,21
572,37,22
573,37,23
574,38,0
575,38,1
576,38,2
577,38,3
578,38,4
579,38,5
580,38,6
581,38,7
582,38,17
583,38,18
584,38,19
585,38,20
586,38,21
587,38,22
588,38,23
589,39,0
590,39,1
591,39,2
592,39,3
593,39,4
594,39,5
595,39,6
596,39,7
597,39,17
598,39,18
599,39,19
600,39,20
601,39,21
602,39,22
603,39,23
604,40,0
605,40,1
606,40,2
607,40,3
608,40,4
609,40,5
610,40,6
611,40,7
612,40,17
613,40,18
614,40,19
615,40,20
616,40,21
617,40,22
618,40,23
619,41,0
620,41,1
621,41,2
622,41,3
623,41,4
624,41,5
625,41,6
626,41,7
627,41,17
628,41,18
629,41,19
630,41,20
631,41,21
632,41,22
633,41,23
634,42,0
635,42,1
636,42,2
637,42,3
638,42,4
639,42,5
640,42,6
641,42,7
642,42,17
643,42,18
644,42,19
645,42,20
646,42,21
647,42,22
648,42,23
649,43,0
650,43,1
651,43,2
652,43,3
653,43,4
654,43,5
655,43,6
656,43,7
657,43,17
658,43,18
659,43,19
660,43,20
661,43,21
662,43,22
663,43,23
664,44,0
665,44,1
666,44,2
667,44,3
668,44,4
669,44,5
670,44,6
671,44,17
672,44,18
673,44,19
674,44,20
675,44,21
676,44,22
677,44,23
678,45,0
679,45,1
680,45,2
681,45,3
682,45,4
683,45,5
684,45,6
685,45,7
686,45,17
687,45,18
688,45,19
689,45,20
690,45,21
691,45,22
692,45,23
693,46,0
694,46,1
695,46,2
696,46,3
697,46,4
698,46,5
699,46,6
700,46,17
701,46,18
702,46,19
703,46,20
704,46,21
705,46,22
706,46,23
707,47,0
708,47,1
709,47,2
710,47,3
711,47,4
712,47,5
713,47,6
714,47,17
715,47,18
716,47,19
717,47,20
718,47,21
719,47,22
720,47,23
721,48,0
722,48,1
723,48,2
724,48,3
725,48,4
726,48,5
727,48,6
728,48,17
729,48,18
730,48,19
731,48,20
732,48,21
733,48,22
734,48,23
735,49,0
736,49,1
737,49,2
738,49,3
739,49,4
740,49,5
741,49,6
742,49,17
743,49,18
744,49,19
745,49,20
746,49,21
747,49,22
748,49,23
749,50,0
750,50,1
751,50,2
752,50,3
753,50,4
754,50,5
755,50,6
756,50,17
757,50,18
758,50,19
759,50,20
760,50,21
761,50,22
762,50,23
763,51,0
764,51,1
765,51,2
766,51,3
767,51,4
768,51,5
769,51,6
770,51,17
771,51,18
772,51,19
773,51,20
774,51,21
775,51,22
776,51,23
777,52,0
778,52,1
779,52,2
780,52,3
781,52,4
782,52,5
783,52,6
784,52,17
785,52,18
786,52,19
787,52,20
788,52,21
789,52,22
790,52,23
791,53,0
792,53,1
793,53,2
794,53,3
795,53,4
796,53,5
797,53,6
798,53,17
799,53,18
800,53,19
801,53,20
802,53,21
803,53,22
804,53,23
805,54,0
806,54,1
807,54,2
808,54,3
809,54,4
810,54,5
811,54,6
812,54,17
813,54,18
814,54,19
815,54,20
816,54,21
817,54,22
818,54,23
819,55,0
820,55,1
821,55,2
822,55,3
823,55,4
824,55,5
825,55,6
826,55,17
827,55,18
828,55,19
829,55,20
830,55,21
831,55,22
832,55,23
833,56,0
834,56,1
835,56,2
836,56,3
837,56,4
838,56,5
839,56,6
840,56,17
841,56,18
842,56,19
843,56,20
844,56,21
845,56,22
846,56,23
847,57,0
848,57,1
849,57,2
850,57,3
851,57,4
852,57,5
853,57,6
854,57,17
855,57,18
856,57,19
857,57,20
858,57,21
859,57,22
860,57,23
861,58,0
862,58,1
863,58,2
864,58,3
865,58,4
866,58,5
867,58,6
868,58,17
869,58,18
870,58,19
871,58,20
872,58,21
873,58,22
874,58,23
875,59,0
876,59,1
877,59,2
878,59,3
879,59,4
880,59,5
881,59,6
882,59,17
883,59,18
884,59,19
885,59,20
886,59,21
887,59,22
888,59,23
889,60,0
890,60,1
891,60,2
892,60,3
893,60,4
894,60,5
895,60,6
896,60,17
897,60,18
898,60,19
899,60,20
900,60,21
901,60,22
902,60,23
903,61,0
904,61,1
905,61,2
906,61,3
907,61,4
908,61,5
909,61,6
910,61,17
911,61,18
912,61,19
913,61,20
914,61,21
915,61,22
916,61,23
917,62,0
918,62,1
919,62,2
920,62,3
921,62,4
922,62,5
923,62,6
924,62,17
925,62,18
926,62,19
927,62,20
928,62,21
929,62,22
930,62,23
931,63,0
932,63,1
933,63,2
934,63,3
935,63,4
936,63,5
937,63,6
938,63,17
939,63,18
940,63,19
941,63,20
942,63,21
943,63,22
944,63,23
945,64,0
946,64,1
947,64,2
948,64,3
949,64,4
950,64,5
951,64,6
952,64,17
953,64,18
954,64,19
955,64,20
956,64,21
957,64,22
958,64,23
959,65,0
960,65,1
961,65,2
962,65,3
963,65,4
964,65,5
965,65,6
966,65,17
967,65,18
968,65,19
969,65,20
970,65,21
971,65,22
972,65,23
973,66,0
974,66,1
975,66,2
976,66,3
977,66,4
978,66,5
979,66,6
980,66,17
981,66,18
982,66,19
983,66,20
984,66,21
985,66,22
986,66,23
987,67,0
988,67,1
989,67,2
990,67,3
991,67,4
992,67,5
993,67,6
994,67,17
995,67,18
996,67,19
997,67,20
998,67,21
999,67,22
1000,67,23
1001,68,0
1002,68,1
1003,68,2
1004,68,3
1005,68,4
1006,68,5
1007,68,6
1008,68,17
1009,68,18
1010,68,19
1011,68,20
1012,68,21
1013,68,22
1014,68,23
1015,69,0
1016,69,1
1017,69,2
1018,69,3
1019,69,4
1020,69,5
1021,69,6
1022,69,17
1023,69,18
1024,69,19
1025,69,20
1026,69,21
1027,69,22
1028,69,23
1029,70,0
1030,70,1
1031,70,2
1032,70,3
1033,70,4
1034,70,5
1035,70,6
1036,70,17
1037,70,18
1038,70,19
1039,70,20
1040,70,21
1041,70,22
1042,70,23
1043,71,0
1044,71,1
1045,71,2
1046,71,3
1047,71,4
1048,71,5
1049,71,6
1050,71,17
1051,71,18
1052,71,19
1053,71,20
1054,71,21
1055,71,22
1056,71,23
1057,72,0
1058,72,1
1059,72,2
1060,72,3
1061,72,4
1062,72,5
1063,72,6
1064,72,18
1065,72,19
1066,72,20
1067,72,21
1068,72,22
1069,72,23
1070,73,0
1071,73,1
1072,73,2
1073,73,3
1074,73,4
1075,73,5
1076,73,6
1077,73,18
1078,73,19
1079,73,20
1080,73,21
1081,73,22
1082,73,23
1083,74,0
1084,74,1
1085,74,2
1086,74,3
1087,74,4
1088,74,5
1089,74,6
1090,74,18
1091,74,19
1092,74,20
1093,74,21
1094,74,22
1095,74,23
1096,75,0
1097,75,1
1098,75,2
1099,75,3
1100,75,4
1101,75,5
1102,75,6
1103,75,18
1104,75,19
1105,75,20
1106,75,21
1107,75,22
1108,75,23
1109,76,0
1110,76,1
1111,76,2
1112,76,3
1113,76,4
1114,76,5
1115,76,6
1116,76,18
1117,76,19
1118,76,20
1119,76,21
1120,76,22
1121,76,23
1122,77,0
1123,77,1
1124,77,2
1125,77,3
1126,77,4
1127,77,5
1128,77,6
1129,77,18
1130,77,19
1131,77,20
1132,77,21
1133,77,22
1134,77,23
1135,78,0
1136,78,1
1137,78,2
1138,78,3
1139,78,4
1140,78,5
1141,78,6
1142,78,18
1143,78,19
1144,78,20
1145,78,21
1146,78,22
1147,78,23
1148,79,0
1149,79,1
1150,79,2
1151,79,3
1152,79,4
1153,79,5
1154,79,6
1155,79,18
1156,79,19
1157,79,20
1158,79,21
1159,79,22
1160,79,23
1161,80,0
1162,80,1
1163,80,2
1164,80,3
1165,80,4
1166,80,5
1167,80,6
1168,80,18
1169,80,19
1170,80,20
1171,80,21
1172,80,22
1173,80,23
1174,81,0
1175,81,1
1176,81,2
1177,81,3
1178,81,4
1179,81,5
1180,81,6
1181,81,18
1182,81,19
1183,81,20
1184,81,21
1185,81,22
1186,81,23
1187,82,0
1188,82,1
1189,82,2
1190,82,3
1191,82,4
1192,82,5
1193,82,6
1194,82,18
1195,82,19
1196,82,20
1197,82,21
1198,82,22
1199,82,23
1200,83,0
1201,83,1
1202,83,2
1203,83,3
1204,83,4
1205,83,5
1206,83,6
1207,83,18
1208,83,19
1209,83,20
1210,83,21
1211,83,22
1212,83,23
1213,84,0
1214,84,1
1215,84,2
1216,84,3
1217,84,4
1218,84,5
1219,84,6
1220,84,18
1221,84,19
1222,84,20
1223,84,21
1224,84,22
1225,84,23
1226,85,0
1227,85,1
1228,85,2
1229,85,3
1230,85,4
1231,85,5
1232,85,6
1233,85,18
1234,85,19
1235,85,20
1236,85,21
1237,85,22
1238,85,23
1239,86,0
1240,86,1
1241,86,2
1242,86,3
1243,86,4
1244,86,5
1245,86,6
1246,86,18
1247,86,19
1248,86,20
1249,86,21
1250,86,22
1251,86,23
1252,87,0
1253,87,1
1254,87,2
1255,87,3
1256,87,4
1257,87,5
1258,87,6
1259,87,18
1260,87,19
1261,87,20
1262,87,21
1263,87,22
1264,87,23
1265,88,0
1266,88,1
1267,88,2
1268,88,3
1269,88,4
1270,88,5
1271,88,6
1272,88,18
1273,88,19
1274,88,20
1275,88,21
1276,88,22
1277,88,23
1278,89,0
1279,89,1
1280,89,2
1281,89,3
1282,89,4
1283,89,5
1284,89,6
1285,89,18
1286,89,19
1287,89,20
1288,89,21
1289,89,22
1290,89,23
1291,90,0
1292,90,1
1293,90,2
1294,90,3
1295,90,4
1296,90,5
1297,90,6
1298,90,18
1299,90,19
1300,90,20
1301,90,21
1302,90,22
1303,90,23
1304,91,0
1305,91,1
1306,91,2
1307,91,3
1308,91,4
1309,91,5
1310,91,6
1311,91,18
1312,91,19
1313,91,20
1314,91,21
1315,91,22
1316,91,23
1317,92,0
1318,92,1
1319,92,2
1320,92,3
1321,92,4
1322,92,5
1323,92,6
1324,92,18
1325,92,19
1326,92,20
1327,92,21
1328,92,22
1329,92,23
1330,93,0
1331,93,1
1332,93,2
1333,93,3
1334,93,4
1335,93,5
1336,93,6
1337,93,18
1338,93,19
1339,93,20
1340,93,21
1341,93,22
1342,93,23
1343,94,0
1344,94,1
1345,94,2
1346,94,3
1347,94,4
1348,94,5
1349,94,6
1350,94,18
1351,94,19
1352,94,20
1353,94,21
1354,94,22
1355,94,23
1356,95,0
1357,95,1
1358,95,2
1359,95,3
1360,95,4
1361,95,5
1362,95,6
1363,95,18
1364,95,19
1365,95,20
1366,95,21
1367,95,22
1368,95,23
1369,96,0
1370,96,1
1371,96,2
1372,96,3
1373,96,4
1374,96,5
1375,96,6
1376,96,18
1377,96,19
1378,96,20
1379,96,21
1380,96,22
1381,96,23
1382,97,0
1383,97,1
1384,97,2
1385,97,3
1386,97,4
1387,97,5
1388,97,6
1389,97,18
1390,97,19
1391,97,20
1392,97,21
1393,97,22
1394,97,23
1395,98,0
1396,98,1
1397,98,2
1398,98,3
1399,98,4
1400,98,5
1401,98,6
1402,98,18
1403,98,19
1404,98,20
1405,98,21
1406,98,22
1407,98,23
1408,99,0
1409,99,1
1410,99,2
1411,99,3
1412,99,4
1413,99,5
1414,99,6
1415,99,18
1416,99,19
1417,99,20
1418,99,21
1419,99,22
1420,99,23
1421,100,0
1422,100,1
1423,100,2
1424,100,3
1425,100,4
1426,100,5
1427,100,18
1428,100,19
1429,100,20
1430,100,21
1431,100,22
1432,100,23
1433,101,0
1434,101,1
1435,101,2
1436,101,3
1437,101,4
1438,101,5
1439,101,18
1440,101,19
1441,101,20
1442,101,21
1443,101,22
1444,101,23
1445,102,0
1446,102,1
1447,102,2
1448,102,3
1449,102,4
1450,102,5
1451,102,18
1452,102,19
1453,102,20
1454,102,21
1455,102,22
1456,102,23
1457,103,0
1458,103,1
1459,103,2
1460,103,3
1461,103,4
1462,103,5
1463,103,18
1464,103,19
1465,103,20
1466,103,21
1467,103,22
1468,103,23
1469,104,0
1470,104,1
1471,104,2
1472,104,3
1473,104,4
1474,104,5
1475,104,18
1476,104,19
1477,104,20
1478,104,21
1479,104,22
1480,104,23
1481,105,0
1482,105,1
1483,105,2
1484,105,3
1485,105,4
1486,105,5
1487,105,18
1488,105,19
1489,105,20
1490,105,21
1491,105,22
1492,105,23
1493,106,0
1494,106,1
1495,106,2
1496,106,3
1497,106,4
1498,106,5
1499,106,18
1500,106,19
1501,106,20
1502,106,21
1503,106,22
1504,106,23
1505,107,0
1506,107,1
1507,107,2
1508,107,3
1509,107,4
1510,107,5
1511,107,18
1512,107,19
1513,107,20
1514,107,21
1515,107,22
1516,107,23
1517,108,0
1518,108,1
1519,108,2
1520,108,3
1521,108,4
1522,108,5
1523,108,18
1524,108,19
1525,108,20
1526,108,21
1527,108,22
1528,108,23
1529,109,0
1530,109,1
1531,109,2
1532,109,3
1533,109,4
1534,109,5
1535,109,18
1536,109,19
1537,109,20
1538,109,21
1539,109,22
1540,109,23
1541,110,0
1542,110,1
1543,110,2
1544,110,3
1545,110,4
1546,110,5
1547,110,18
1548,110,19
1549,110,20
1550,110,21
1551,110,22
1552,110,23
1553,111,0
1554,111,1
1555,111,2
1556,111,3
1557,111,4
1558,111,5
1559,111,18
1560,111,19
1561,111,20
1562,111,21
1563,111,22
1564,111,23
1565,112,0
1566,112,1
1567,112,2
1568,112,3
1569,112,4
1570,112,5
1571,112,18
1572,112,19
1573,112,20
1574,112,21
1575,112,22
1576,112,23
1577,113,0
1578,113,1
1579,113,2
1580,113,3
1581,113,4
1582,113,5
1583,113,18
1584,113,19
1585,113,20
1586,113,21
1587,113,22
1588,113,23
1589,114,0
1590,114,1
1591,114,2
1592,114,3
1593,114,4
1594,114,5
1595,114,18
1596,114,19
1597,114,20
1598,114,21
1599,114,22
1600,114,23
1601,115,0
1602,115,1
1603,115,2
1604,115,3
1605,115,4
1606,115,5
1607,115,18
1608,115,19
1609,115,20
1610,115,21
1611,115,22
1612,115,23
1613,116,0
1614,116,1
1615,116,2
1616,116,3
1617,116,4
1618,116,5
1619,116,18
1620,116,19
1621,116,20
1622,116,21
1623,116,22
1624,116,23
1625,117,0
1626,117,1
1627,117,2
1628,117,3
1629,117,4
1630,117,5
1631,117,18
1632,117,19
1633,117,20
1634,117,21
1635,117,22
1636,117,23
1637,118,0
1638,118,1
1639,118,2
1640,118,3
1641,118,4
1642,118,5
1643,118,18
1644,118,19
1645,118,20
1646,118,21
1647,118,22
1648,118,23
1649,119,0
1650,119,1
1651,119,2
1652,119,3
1653,119,4
1654,119,5
1655,119,18
1656,119,19
1657,119,20
1658,119,21
1659,119,22
1660,119,23
1661,120,0
1662,120,1
1663,120,2
1664,120,3
1665,120,4
1666,120,5
1667,120,18
1668,120,19
1669,120,20
1670,120,21
1671,120,22
1672,120,23
1673,121,0
1674,121,1
1675,121,2
1676,121,3
1677,121,4
1678,121,5
1679,121,18
1680,121,19
1681,121,20
1682,121,21
1683,121,22
1684,121,23
1685,122,0
1686,122,1
1687,122,2
1688,122,3
1689,122,4
1690,122,5
1691,122,18
1692,122,19
1693,122,20
1694,122,21
1695,122,22
1696,122,23
1697,123,0
1698,123,1
1699,123,2
1700,123,3
1701,123,4
1702,123,5
1703,123,18
1704,123,19
1705,123,20
1706,123,21
1707,123,22
1708,123,23
1709,124,0
1710,124,1
1711,124,2
1712,124,3
1713,124,4
1714,124,5
1715,124,18
1716,124,19
1717,124,20
1718,124,21
1719,124,22
1720,124,23
1721,125,0
1722,125,1
1723,125,2
1724,125,3
1725,125,4
1726,125,5
1727,125,18
1728,125,19
1729,125,20
1730,125,21
1731,125,22
1732,125,23
1733,126,0
1734,126,1
1735,126,2
1736,126,3
1737,126,4
1738,126,5
1739,126,18
1740,126,19
1741,126,20
1742,126,21
1743,126,22
1744,126,23
1745,127,0
1746,127,1
1747,127,2
1748,127,3
1749,127,4
1750,127,5
1751,127,18
1752,127,19
1753,127,20
1754,127,21
1755,127,22
1756,127,23
1757,128,0
1758,128,1
1759,128,2
1760,128,3
1761,128,4
1762,128,5
1763,128,18
1764,128,19
1765,128,20
1766,128,21
1767,128,22
1768,128,23
1769,129,0
1770,129,1
1771,129,2
1772,129,3
1773,129,4
1774,129,5
1775,129,18
1776,129,19
1777,129,20
1778,129,21
1779,129,22
1780,129,23
1781,130,0
1782,130,1
1783,130,2
1784,130,3
1785,130,4
1786,130,5
1787,130,18
1788,130,19
1789,130,20
1790,130,21
1791,130,22
1792,130,23
1793,131,0
1794,131,1
1795,131,2
1796,131,3
1797,131,4
1798,131,5
1799,131,18
1800,131,19
1801,131,20
1802,131,21
1803,131,22
1804,131,23
1805,132,0
1806,132,1
1807,132,2
1808,132,3
1809,132,4
1810,132,5
1811,132,18
1812,132,19
1813,132,20
1814,132,21
1815,132,22
1816,132,23
1817,133,0
1818,133,1
1819,133,2
1820,133,3
1821,133,4
1822,133,5
1823,133,18
1824,133,19
1825,133,20
1826,133,21
1827,133,22
1828,133,23
1829,134,0
1830,134,1
1831,134,2
1832,134,3
1833,134,4
1834,134,5
1835,134,18
1836,134,19
1837,134,20
1838,134,21
1839,134,22
1840,134,23
1841,135,0
1842,135,1
1843,135,2
1844,135,3
1845,135,4
1846,135,5
1847,135,18
1848,135,19
1849,135,20
1850,135,21
1851,135,22
1852,135,23
1853,136,0
1854,136,1
1855,136,2
1856,136,3
1857,136,4
1858,136,5
1859,136,18
1860,136,19
1861,136,20
1862,136,21
1863,136,22
1864,136,23
1865,137,0
1866,137,1
1867,137,2
1868,137,3
1869,137,4
1870,137,5
1871,137,18
1872,137,19
1873,137,20
1874,137,21
1875,137,22
1876,137,23
1877,138,0
1878,138,1
1879,138,2
1880,138,3
1881,138,4
1882,138,5
1883,138,18
1884,138,19
1885,138,20
1886,138,21
1887,138,22
1888,138,23
1889,139,0
1890,139,1
1891,139,2
1892,139,3
1893,139,4
1894,139,5
1895,139,18
1896,139,19
1897,139,20
1898,139,21
1899,139,22
1900,139,23
1901,140,0
1902,140,1
1903,140,2
1904,140,3
1905,140,4
1906,140,5
1907,140,19
1908,140,20
1909,140,21
1910,140,22
1911,140,23
1912,141,0
1913,141,1
1914,141,2
1915,141,3
1916,141,4
1917,141,5
1918,141,19
1919,141,20
1920,141,21
1921,141,22
1922,141,23
1923,142,0
1924,142,1
1925,142,2
1926,142,3
1927,142,4
1928,142,5
1929,142,19
1930,142,20
1931,142,21
1932,142,22
1933,142,23
1934,143,0
1935,143,1
1936,143,2
1937,143,3
1938,143,4
1939,143,5
1940,143,19
1941,143,20
1942,143,21
1943,143,22
1944,143,23
1945,144,0
1946,144,1
1947,144,2
1948,144,3
1949,144,4
1950,144,5
1951,144,19
1952,144,20
1953,144,21
1954,144,22
1955,144,23
1956,145,0
1957,145,1
1958,145,2
1959,145,3
1960,145,4
1961,145,5
1962,145,19
1963,145,20
1964,145,21
1965,145,22
1966,145,23
1967,146,0
1968,146,1
1969,146,2
1970,146,3
1971,146,4
1972,146,5
1973,146,19
1974,146,20
1975,146,21
1976,146,22
1977,146,23
1978,147,0
1979,147,1
1980,147,2
1981,147,3
1982,147,4
1983,147,5
1984,147,19
1985,147,20
1986,147,21
1987,147,22
1988,147,23
1989,148,0
1990,148,1
1991,148,2
1992,148,3
1993,148,4
1994,148,5
1995,148,19
1996,148,20
1997,148,21
1998,148,22
1999,148,23
2000,149,0
2001,149,1
2002,149,2
2003,149,3
2004,149,4
2005,149,5
2006,149,19
2007,149,20
2008,149,21
2009,149,22
2010,149,23
2011,150,0
2012,150,1
2013,150,2
2014,150,3
2015,150,4
2016,150,5
2017,150,19
2018,150,20
2019,150,21
2020,150,22
2021,150,23
2022,151,0
2023,151,1
2024,151,2
2025,151,3
2026,151,4
2027,151,5
2028,151,19
2029,151,20
2030,151,21
2031,151,22
2032,151,23
2033,152,0
2034,152,1
2035,152,2
2036,152,3
2037,152,4
2038,152,5
2039,152,19
2040,152,20
2041,152,21
2042,152,22
2043,152,23
2044,153,0
2045,153,1
2046,153,2
2047,153,3
2048,153,4
2049,153,5
2050,153,19
2051,153,20
2052,153,21
2053,153,22
2054,153,23
2055,154,0
2056,154,1
2057,154,2
2058,154,3
2059,154,4
2060,154,5
2061,154,19
2062,154,20
2063,154,21
2064,154,22
2065,154,23
2066,155,0
2067,155,1
2068,155,2
2069,155,3
2070,155,4
2071,155,5
2072,155,19
2073,155,20
2074,155,21
2075,155,22
2076,155,23
2077,156,0
2078,156,1
2079,156,2
2080,156,3
2081,156,4
2082,156,5
2083,156,19
2084,156,20
2085,156,21
2086,156,22
2087,156,23
2088,157,0
2089,157,1
2090,157,2
2091,157,3
2092,157,4
2093,157,5
2094,157,19
2095,157,20
2096,157,21
2097,157,22
2098,157,23
2099,158,0
2100,158,1
2101,158,2
2102,158,3
2103,158,4
2104,158,5
2105,158,19
2106,158,20
2107,158,21
2108,158,22
2109,158,23
2110,159,0
2111,159,1
2112,159,2
2113,159,3
2114,159,4
2115,159,5
2116,159,19
2117,159,20
2118,159,21
2119,159,22
2120,159,23
2121,160,0
2122,160,1
2123,160,2
2124,160,3
2125,160,4
2126,160,5
2127,160,19
2128,160,20
2129,160,21
2130,160,22
2131,160,23
2132,161,0
2133,161,1
2134,161,2
2135,161,3
2136,161,4
2137,161,5
2138,161,19
2139,161,20
2140,161,21
2141,161,22
2142,161,23
2143,162,0
2144,162,1
2145,162,2
2146,162,3
2147,162,4
2148,162,5
2149,162,19
2150,162,20
2151,162,21
2152,162,22
2153,162,23
2154,163,0
2155,163,1
2156,163,2
2157,163,3
2158,163,4
2159,163,5
2160,163,19
2161,163,20
2162,163,21
2163,163,22
2164,163,23
2165,164,0
2166,164,1
2167,164,2
2168,164,3
2169,164,4
2170,164,5
2171,164,19
2172,164,20
2173,164,21
2174,164,22
2175,164,23
2176,165,0
2177,165,1
2178,165,2
2179,165,3
2180,165,4
2181,165,5
2182,165,19
2183,165,20
2184,165,21
2185,165,22
2186,165,23
2187,166,0
2188,166,1
2189,166,2
2190,166,3
2191,166,4
2192,166,5
2193,166,19
2194,166,20
2195,166,21
2196,166,22
2197,166,23
2198,167,0
2199,167,1
2200,167,2
2201,167,3
2202,167,4
2203,167,5
2204,167,19
2205,167,20
2206,167,21
2207,167,22
2208,167,23
2209,168,0
2210,168,1
2211,168,2
2212,168,3
2213,168,4
2214,168,5
2215,168,19
2216,168,20
2217,168,21
2218,168,22
2219,168,23
2220,169,0
2221,169,1
2222,169,2
2223,169,3
2224,169,4
2225,169,5
2226,169,19
2227,169,20
2228,169,21
2229,169,22
2230,169,23
2231,170,0
2232,170,1
2233,170,2
2234,170,3
2235,170,4
2236,170,5
2237,170,19
2238,170,20
2239,170,21
2240,170,22
2241,170,23
2242,171,0
2243,171,1
2244,171,2
2245,171,3
2246,171,4
2247,171,5
2248,171,19
2249,171,20
2250,171,21
2251,171,22
2252,171,23
2253,172,0
2254,172,1
2255,172,2
2256,172,3
2257,172,4
2258,172,5
2259,172,19
2260,172,20
2261,172,21
2262,172,22
2263,172,23
2264,173,0
2265,173,1
2266,173,2
2267,173,3
2268,173,4
2269,173,5
2270,173,19
2271,173,20
2272,173,21
2273,173,22
2274,173,23
2275,174,0
2276,174,1
2277,174,2
2278,174,3
2279,174,4
2280,174,5
2281,174,19
2282,174,20
2283,174,21
2284,174,22
2285,174,23
2286,175,0
2287,175,1
2288,175,2
2289,175,3
2290,175,4
2291,175,5
2292,175,19
2293,175,20
2294,175,21
2295,175,22
2296,175,23
2297,176,0
2298,176,1
2299,176,2
2300,176,3
2301,176,4
2302,176,5
2303,176,19
2304,176,20
2305,176,21
2306,176,22
2307,176,23
2308,177,0
2309,177,1
2310,177,2
2311,177,3
2312,177,4
2313,177,5
2314,177,19
2315,177,20
2316,177,21
2317,177,22
2318,177,23
2319,178,0
2320,178,1
2321,178,2
2322,178,3
2323,178,4
2324,178,5
2325,178,19
2326,178,20
2327,178,21
2328,178,22
2329,178,23
2330,179,0
2331,179,1
2332,179,2
2333,179,3
2334,179,4
2335,179,5
2336,179,19
2337,179,20
2338,179,21
2339,179,22
2340,179,23
2341,180,0
2342,180,1
2343,180,2
2344,180,3
2345,180,4
2346,180,5
2347,180,19
2348,180,20
2349,180,21
2350,180,22
2351,180,23
2352,181,0
2353,181,1
2354,181,2
2355,181,3
2356,181,4
2357,181,5
2358,181,19
2359,181,20
2360,181,21
2361,181,22
2362,181,23
2363,182,0
2364,182,1
2365,182,2
2366,182,3
2367,182,4
2368,182,5
2369,182,19
2370,182,20
2371,182,21
2372,182,22
2373,182,23
2374,183,0
2375,183,1
2376,183,2
2377,183,3
2378,183,4
2379,183,5
2380,183,19
2381,183,20
2382,183,21
2383,183,22
2384,183,23
2385,184,0
2386,184,1
2387,184,2
2388,184,3
2389,184,4
2390,184,5
2391,184,19
2392,184,20
2393,184,21
2394,184,22
2395,184,23
2396,185,0
2397,185,1
2398,185,2
2399,185,3
2400,185,4
2401,185,5
2402,185,19
2403,185,20
2404,185,21
2405,185,22
2406,185,23
2407,186,0
2408,186,1
2409,186,2
2410,186,3
2411,186,4
2412,186,5
2413,186,19
2414,186,20
2415,186,21
2416,186,22
2417,186,23
2418,187,0
2419,187,1
2420,187,2
2421,187,3
2422,187,4
2423,187,5
2424,187,19
2425,187,20
2426,187,21
2427,187,22
2428,187,23
2429,188,0
2430,188,1
2431,188,2
2432,188,3
2433,188,4
2434,188,5
2435,188,19
2436,188,20
2437,188,21
2438,188,22
2439,188,23
2440,189,0
2441,189,1
2442,189,2
2443,189,3
2444,189,4
2445,189,5
2446,189,19
2447,189,20
2448,189,21
2449,189,22
2450,189,23
2451,190,0
2452,190,1
2453,190,2
2454,190,3
2455,190,4
2456,190,5
2457,190,19
2458,190,20
2459,190,21
2460,190,22
2461,190,23
2462,191,0
2463,191,1
2464,191,2
2465,191,3
2466,191,4
2467,191,5
2468,191,19
2469,191,20
2470,191,21
2471,191,22
2472,191,23
2473,192,0
2474,192,1
2475,192,2
2476,192,3
2477,192,4
2478,192,5
2479,192,19
2480,192,20
2481,192,21
2482,192,22
2483,192,23
2484,193,0
2485,193,1
2486,193,2
2487,193,3
2488,193,4
2489,193,5
2490,193,19
2491,193,20
2492,193,21
2493,193,22
2494,193,23
2495,194,0
2496,194,1
2497,194,2
2498,194,3
2499,194,4
2500,194,5
2501,194,19
2502,194,20
2503,194,21
2504,194,22
2505,194,23
2506,195,0
2507,195,1
2508,195,2
2509,195,3
2510,195,4
2511,195,5
2512,195,19
2513,195,20
2514,195,21
2515,195,22
2516,195,23
2517,196,0
2518,196,1
2519,196,2
2520,196,3
2521,196,4
2522,196,5
2523,196,19
2524,196,20
2525,196,21
2526,196,22
2527,196,23
2528,197,0
2529,197,1
2530,197,2
2531,197,3
2532,197,4
2533,197,5
2534,197,19
2535,197,20
2536,197,21
2537,197,22
2538,197,23
2539,198,0
2540,198,1
2541,198,2
2542,198,3
2543,198,4
2544,198,5
2545,198,19
2546,198,20
2547,198,21
2548,198,22
2549,198,23
2550,199,0
2551,199,1
2552,199,2
2553,199,3
2554,199,4
2555,199,5
2556,199,19
2557,199,20
2558,199,21
2559,199,22
2560,199,23
2561,200,0
2562,200,1
2563,200,2
2564,200,3
2565,200,4
2566,200,5
2567,200,19
2568,200,20
2569,200,21
2570,200,22
2571,200,23
2572,201,0
2573,201,1
2574,201,2
2575,201,3
2576,201,4
2577,201,5
2578,201,19
2579,201,20
2580,201,21
2581,201,22
2582,201,23
2583,202,0
2584,202,1
2585,202,2
2586,202,3
2587,202,4
2588,202,5
2589,202,19
2590,202,20
2591,202,21
2592,202,22
2593,202,23
2594,203,0
2595,203,1
2596,203,2
2597,203,3
2598,203,4
2599,203,5
2600,203,19
2601,203,20
2602,203,21
2603,203,22
2604,203,23
2605,204,0
2606,204,1
2607,204,2
2608,204,3
2609,204,4
2610,204,5
2611,204,19
2612,204,20
2613,204,21
2614,204,22
2615,204,23
2616,205,0
2617,205,1
2618,205,2
2619,205,3
2620,205,4
2621,205,5
2622,205,19
2623,205,20
2624,205,21
2625,205,22
2626,205,23
2627,206,0
2628,206,1
2629,206,2
2630,206,3
2631,206,4
2632,206,5
2633,206,19
2634,206,20
2635,206,21
2636,206,22
2637,206,23
2638,207,0
2639,207,1
2640,207,2
2641,207,3
2642,207,4
2643,207,5
2644,207,19
2645,207,20
2646,207,21
2647,207,22
2648,207,23
2649,208,0
2650,208,1
2651,208,2
2652,208,3
2653,208,4
2654,208,5
2655,208,19
2656,208,20
2657,208,21
2658,208,22
2659,208,23
2660,209,0
2661,209,1
2662,209,2
2663,209,3
2664,209,4
2665,209,5
2666,209,19
2667,209,20
2668,209,21
2669,209,22
2670,209,23
2671,210,0
2672,210,1
2673,210,2
2674,210,3
2675,210,4
2676,210,5
2677,210,19
2678,210,20
2679,210,21
2680,210,22
2681,210,23
2682,211,0
2683,211,1
2684,211,2
2685,211,3
2686,211,4
2687,211,5
2688,211,18
2689,211,19
2690,211,20
2691,211,21
2692,211,22
2693,211,23
2694,212,0
2695,212,1
2696,212,2
2697,212,3
2698,212,4
2699,212,5
2700,212,18
2701,212,19
2702,212,20
2703,212,21
2704,212,22
2705,212,23
2706,213,0
2707,213,1
2708,213,2
2709,213,3
2710,213,4
2711,213,5
2712,213,18
2713,213,19
2714,213,20
2715,213,21
2716,213,22
2717,213,23
2718,214,0
2719,214,1
2720,214,2
2721,214,3
2722,214,4
2723,214,5
2724,214,18
2725,214,19
2726,214,20
2727,214,21
2728,214,22
2729,214,23
2730,215,0
2731,215,1
2732,215,2
2733,215,3
2734,215,4
2735,215,5
2736,215,18
2737,215,19
2738,215,20
2739,215,21
2740,215,22
2741,215,23
2742,216,0
2743,216,1
2744,216,2
2745,216,3
2746,216,4
2747,216,5
2748,216,18
2749,216,19
2750,216,20
2751,216,21
2752,216,22
2753,216,23
2754,217,0
2755,217,1
2756,217,2
2757,217,3
2758,217,4
2759,217,5
2760,217,18
2761,217,19
2762,217,20
2763,217,21
2764,217,22
2765,217,23
2766,218,0
2767,218,1
2768,218,2
2769,218,3
2770,218,4
2771,218,5
2772,218,18
2773,218,19
2774,218,20
2775,218,21
2776,218,22
2777,218,23
2778,219,0
2779,219,1
2780,219,2
2781,219,3
2782,219,4
2783,219,5
2784,219,18
2785,219,19
2786,219,20
2787,219,21
2788,219,22
2789,219,23
2790,220,0
2791,220,1
2792,220,2
2793,220,3
2794,220,4
2795,220,5
2796,220,18
2797,220,19
2798,220,20
2799,220,21
2800,220,22
2801,220,23
2802,221,0
2803,221,1
2804,221,2
2805,221,3
2806,221,4
2807,221,5
2808,221,18
2809,221,19
2810,221,20
2811,221,21
2812,221,22
2813,221,23
2814,222,0
2815,222,1
2816,222,2
2817,222,3
2818,222,4
2819,222,5
2820,222,18
2821,222,19
2822,222,20
2823,222,21
2824,222,22
2825,222,23
2826,223,0
2827,223,1
2828,223,2
2829,223,3
2830,223,4
2831,223,5
2832,223,18
2833,223,19
2834,223,20
2835,223,21
2836,223,22
2837,223,23
2838,224,0
2839,224,1
2840,224,2
2841,224,3
2842,224,4
2843,224,5
2844,224,18
2845,224,19
2846,224,20
2847,224,21
2848,224,22
2849,224,23
2850,225,0
2851,225,1
2852,225,2
2853,225,3
2854,225,4
2855,225,5
2856,225,18
2857,225,19
2858,225,20
2859,225,21
2860,225,22
2861,225,23
2862,226,0
2863,226,1
2864,226,2
2865,226,3
2866,226,4
2867,226,5
2868,226,18
2869,226,19
2870,226,20
2871,226,21
2872,226,22
2873,226,23
2874,227,0
2875,227,1
2876,227,2
2877,227,3
2878,227,4
2879,227,5
2880,227,18
2881,227,19
2882,227,20
2883,227,21
2884,227,22
2885,227,23
2886,228,0
2887,228,1
2888,228,2
2889,228,3
2890,228,4
2891,228,5
2892,228,18
2893,228,19
2894,228,20
2895,228,21
2896,228,22
2897,228,23
2898,229,0
2899,229,1
2900,229,2
2901,229,3
2902,229,4
2903,229,5
2904,229,18
2905,229,19
2906,229,20
2907,229,21
2908,229,22
2909,229,23
2910,230,0
2911,230,1
2912,230,2
2913,230,3
2914,230,4
2915,230,5
2916,230,18
2917,230,19
2918,230,20
2919,230,21
2920,230,22
2921,230,23
2922,231,0
2923,231,1
2924,231,2
2925,231,3
2926,231,4
2927,231,5
2928,231,18
2929,231,19
2930,231,20
2931,231,21
2932,231,22
2933,231,23
2934,232,0
2935,232,1
2936,232,2
2937,232,3
2938,232,4
2939,232,5
2940,232,18
2941,232,19
2942,232,20
2943,232,21
2944,232,22
2945,232,23
2946,233,0
2947,233,1
2948,233,2
2949,233,3
2950,233,4
2951,233,5
2952,233,18
2953,233,19
2954,233,20
2955,233,21
2956,233,22
2957,233,23
2958,234,0
2959,234,1
2960,234,2
2961,234,3
2962,234,4
2963,234,5
2964,234,18
2965,234,19
2966,234,20
2967,234,21
2968,234,22
2969,234,23
2970,235,0
2971,235,1
2972,235,2
2973,235,3
2974,235,4
2975,235,5
2976,235,18
2977,235,19
2978,235,20
2979,235,21
2980,235,22
2981,235,23
2982,236,0
2983,236,1
2984,236,2
2985,236,3
2986,236,4
2987,236,5
2988,236,18
2989,236,19
2990,236,20
2991,236,21
2992,236,22
2993,236,23
2994,237,0
2995,237,1
2996,237,2
2997,237,3
2998,237,4
2999,237,5
3000,237,18
3001,237,19
3002,237,20
3003,237,21
3004,237,22
3005,237,23
3006,238,0
3007,238,1
3008,238,2
3009,238,3
3010,238,4
3011,238,5
3012,238,18
3013,238,19
3014,238,20
3015,238,21
3016,238,22
3017,238,23
3018,239,0
3019,239,1
3020,239,2
3021,239,3
3022,239,4
3023,239,5
3024,239,18
3025,239,19
3026,239,20
3027,239,21
3028,239,22
3029,239,23
3030,240,0
3031,240,1
3032,240,2
3033,240,3
3034,240,4
3035,240,5
3036,240,18
3037,240,19
3038,240,20
3039,240,21
3040,240,22
3041,240,23
3042,241,0
3043,241,1
3044,241,2
3045,241,3
3046,241,4
3047,241,5
3048,241,18
3049,241,19
3050,241,20
3051,241,21
3052,241,22
3053,241,23
3054,242,0
3055,242,1
3056,242,2
3057,242,3
3058,242,4
3059,242,5
3060,242,18
3061,242,19
3062,242,20
3063,242,21
3064,242,22
3065,242,23
3066,243,0
3067,243,1
3068,243,2
3069,243,3
3070,243,4
3071,243,5
3072,243,18
3073,243,19
3074,243,20
3075,243,21
3076,243,22
3077,243,23
3078,244,0
3079,244,1
3080,244,2
3081,244,3
3082,244,4
3083,244,5
3084,244,18
3085,244,19
3086,244,20
3087,244,21
3088,244,22
3089,244,23
3090,245,0
3091,245,1
3092,245,2
3093,245,3
3094,245,4
3095,245,5
3096,245,18
3097,245,19
3098,245,20
3099,245,21
3100,245,22
3101,245,23
3102,246,0
3103,246,1
3104,246,2
3105,246,3
3106,246,4
3107,246,5
3108,246,18
3109,246,19
3110,246,20
3111,246,21
3112,246,22
3113,246,23
3114,247,0
3115,247,1
3116,247,2
3117,247,3
3118,247,4
3119,247,5
3120,247,18
3121,247,19
3122,247,20
3123,247,21
3124,247,22
3125,247,23
3126,248,0
3127,248,1
3128,248,2
3129,248,3
3130,248,4
3131,248,5
3132,248,18
3133,248,19
3134,248,20
3135,248,21
3136,248,22
3137,248,23
3138,249,0
3139,249,1
3140,249,2
3141,249,3
3142,249,4
3143,249,5
3144,249,18
3145,249,19
3146,249,20
3147,249,21
3148,249,22
3149,249,23
3150,250,0
3151,250,1
3152,250,2
3153,250,3
3154,250,4
3155,250,5
3156,250,6
3157,250,18
3158,250,19
3159,250,20
3160,250,21
3161,250,22
3162,250,23
3163,251,0
3164,251,1
3165,251,2
3166,251,3
3167,251,4
3168,251,5
3169,251,6
3170,251,18
3171,251,19
3172,251,20
3173,251,21
3174,251,22
3175,251,23
3176,252,0
3177,252,1
3178,252,2
3179,252,3
3180,252,4
3181,252,5
3182,252,6
3183,252,18
3184,252,19
3185,252,20
3186,252,21
3187,252,22
3188,252,23
3189,253,0
3190,253,1
3191,253,2
3192,253,3
3193,253,4
3194,253,5
3195,253,6
3196,253,18
3197,253,19
3198,253,20
3199,253,21
3200,253,22
3201,253,23
3202,254,0
3203,254,1
3204,254,2
3205,254,3
3206,254,4
3207,254,5
3208,254,6
3209,254,18
3210,254,19
3211,254,20
3212,254,21
3213,254,22
3214,254,23
3215,255,0
3216,255,1
3217,255,2
3218,255,3
3219,255,4
3220,255,5
3221,255,6
3222,255,18
3223,255,19
3224,255,20
3225,255,21
3226,255,22
3227,255,23
3228,256,0
3229,256,1
3230,256,2
3231,256,3
3232,256,4
3233,256,5
3234,256,6
3235,256,18
3236,256,19
3237,256,20
3238,256,21
3239,256,22
3240,256,23
3241,257,0
3242,257,1
3243,257,2
3244,257,3
3245,257,4
3246,257,5
3247,257,6
3248,257,18
3249,257,19
3250,257,20
3251,257,21
3252,257,22
3253,257,23
3254,258,0
3255,258,1
3256,258,2
3257,258,3
3258,258,4
3259,258,5
3260,258,6
3261,258,18
3262,258,19
3263,258,20
3264,258,21
3265,258,22
3266,258,23
3267,259,0
3268,259,1
3269,259,2
3270,259,3
3271,259,4
3272,259,5
3273,259,6
3274,259,18
3275,259,19
3276,259,20
3277,259,21
3278,259,22
3279,259,23
3280,260,0
3281,260,1
3282,260,2
3283,260,3
3284,260,4
3285,260,5
3286,260,6
3287,260,18
3288,260,19
3289,260,20
3290,260,21
3291,260,22
3292,260,23
3293,261,0
3294,261,1
3295,261,2
3296,261,3
3297,261,4
3298,261,5
3299,261,6
3300,261,18
3301,261,19
3302,261,20
3303,261,21
3304,261,22
3305,261,23
3306,262,0
3307,262,1
3308,262,2
3309,262,3
3310,262,4
3311,262,5
3312,262,6
3313,262,18
3314,262,19
3315,262,20
3316,262,21
3317,262,22
3318,262,23
3319,263,0
3320,263,1
3321,263,2
3322,263,3
3323,263,4
3324,263,5
3325,263,6
3326,263,18
3327,263,19
3328,263,20
3329,263,21
3330,263,22
3331,263,23
3332,264,0
3333,264,1
3334,264,2
3335,264,3
3336,264,4
3337,264,5
3338,264,6
3339,264,18
3340,264,19
3341,264,20
3342,264,21
3343,264,22
3344,264,23
3345,265,0
3346,265,1
3347,265,2
3348,265,3
3349,265,4
3350,265,5
3351,265,6
3352,265,18
3353,265,19
3354,265,20
3355,265,21
3356,265,22
3357,265,23
3358,266,0
3359,266,1
3360,266,2
3361,266,3
3362,266,4
3363,266,5
3364,266,6
3365,266,18
3366,266,19
3367,266,20
3368,266,21
3369,266,22
3370,266,23
3371,267,0
3372,267,1
3373,267,2
3374,267,3
3375,267,4
3376,267,5
3377,267,6
3378,267,18
3379,267,19
3380,267,20
3381,267,21
3382,267,22
3383,267,23
3384,268,0
3385,268,1
3386,268,2
3387,268,3
3388,268,4
3389,268,5
3390,268,6
3391,268,18
3392,268,19
3393,268,20
3394,268,21
3395,268,22
3396,268,23
3397,269,0
3398,269,1
3399,269,2
3400,269,3
3401,269,4
3402,269,5
3403,269,6
3404,269,18
3405,269,19
3406,269,20
3407,269,21
3408,269,22
3409,269,23
3410,270,0
3411,270,1
3412,270,2
3413,270,3
3414,270,4
3415,270,5
3416,270,6
3417,270,18
3418,270,19
3419,270,20
3420,270,21
3421,270,22
3422,270,23
3423,271,0
3424,271,1
3425,271,2
3426,271,3
3427,271,4
3428,271,5
3429,271,6
3430,271,18
3431,271,19
3432,271,20
3433,271,21
3434,271,22
3435,271,23
3436,272,0
3437,272,1
3438,272,2
3439,272,3
3440,272,4
3441,272,5
3442,272,6
3443,272,17
3444,272,18
3445,272,19
3446,272,20
3447,272,21
3448,272,22
3449,272,23
3450,273,0
3451,273,1
3452,273,2
3453,273,3
3454,273,4
3455,273,5
3456,273,6
3457,273,17
3458,273,18
3459,273,19
3460,273,20
3461,273,21
3462,273,22
3463,273,23
3464,274,0
3465,274,1
3466,274,2
3467,274,3
3468,274,4
3469,274,5
3470,274,6
3471,274,17
3472,274,18
3473,274,19
3474,274,20
3475,274,21
3476,274,22
3477,274,23
3478,275,0
3479,275,1
3480,275,2
3481,275,3
3482,275,4
3483,275,5
3484,275,6
3485,275,17
3486,275,18
3487,275,19
3488,275,20
3489,275,21
3490,275,22
3491,275,23
3492,276,0
3493,276,1
3494,276,2
3495,276,3
3496,276,4
3497,276,5
3498,276,6
3499,276,17
3500,276,18
3501,276,19
3502,276,20
3503,276,21
3504,276,22
3505,276,23
3506,277,0
3507,277,1
3508,277,2
3509,277,3
3510,277,4
3511,277,5
3512,277,6
3513,277,17
3514,277,18
3515,277,19
3516,277,20
3517,277,21
3518,277,22
3519,277,23
3520,278,0
3521,278,1
3522,278,2
3523,278,3
3524,278,4
3525,278,5
3526,278,6
3527,278,17
3528,278,18
3529,278,19
3530,278,20
3531,278,21
3532,278,22
3533,278,23
3534,279,0
3535,279,1
3536,279,2
3537,279,3
3538,279,4
3539,279,5
3540,279,6
3541,279,17
3542,279,18
3543,279,19
3544,279,20
3545,279,21
3546,279,22
3547,279,23
3548,280,0
3549,280,1
3550,280,2
3551,280,3
3552,280,4
3553,280,5
3554,280,6
3555,280,17
3556,280,18
3557,280,19
3558,280,20
3559,280,21
3560,280,22
3561,280,23
3562,281,0
3563,281,1
3564,281,2
3565,281,3
3566,281,4
3567,281,5
3568,281,6
3569,281,17
3570,281,18
3571,281,19
3572,281,20
3573,281,21
3574,281,22
3575,281,23
3576,282,0
3577,282,1
3578,282,2
3579,282,3
3580,282,4
3581,282,5
3582,282,6
3583,282,17
3584,282,18
3585,282,19
3586,282,20
3587,282,21
3588,282,22
3589,282,23
3590,283,0
3591,283,1
3592,283,2
3593,283,3
3594,283,4
3595,283,5
3596,283,6
3597,283,17
3598,283,18
3599,283,19
3600,283,20
3601,283,21
3602,283,22
3603,283,23
3604,284,0
3605,284,1
3606,284,2
3607,284,3
3608,284,4
3609,284,5
3610,284,6
3611,284,17
3612,284,18
3613,284,19
3614,284,20
3615,284,21
3616,284,22
3617,284,23
3618,285,0
3619,285,1
3620,285,2
3621,285,3
3622,285,4
3623,285,5
3624,285,6
3625,285,17
3626,285,18
3627,285,19
3628,285,20
3629,285,21
3630,285,22
3631,285,23
3632,286,0
3633,286,1
3634,286,2
3635,286,3
3636,286,4
3637,286,5
3638,286,6
3639,286,17
3640,286,18
3641,286,19
3642,286,20
3643,286,21
3644,286,22
3645,286,23
3646,287,0
3647,287,1
3648,287,2
3649,287,3
3650,287,4
3651,287,5
3652,287,6
3653,287,17
3654,287,18
3655,287,19
3656,287,20
3657,287,21
3658,287,22
3659,287,23
3660,288,0
3661,288,1
3662,288,2
3663,288,3
3664,288,4
3665,288,5
3666,288,6
3667,288,17
3668,288,18
3669,288,19
3670,288,20
3671,288,21
3672,288,22
3673,288,23
3674,289,0
3675,289,1
3676,289,2
3677,289,3
3678,289,4
3679,289,5
3680,289,6
3681,289,17
3682,289,18
3683,289,19
3684,289,20
3685,289,21
3686,289,22
3687,289,23
3688,290,0
3689,290,1
3690,290,2
3691,290,3
3692,290,4
3693,290,5
3694,290,6
3695,290,17
3696,290,18
3697,290,19
3698,290,20
3699,290,21
3700,290,22
3701,290,23
3702,291,0
3703,291,1
3704,291,2
3705,291,3
3706,291,4
3707,291,5
3708,291,6
3709,291,17
3710,291,18
3711,291,19
3712,291,20
3713,291,21
3714,291,22
3715,291,23
3716,292,0
3717,292,1
3718,292,2
3719,292,3
3720,292,4
3721,292,5
3722,292,6
3723,292,17
3724,292,18
3725,292,19
3726,292,20
3727,292,21
3728,292,22
3729,292,23
3730,293,0
3731,293,1
3732,293,2
3733,293,3
3734,293,4
3735,293,5
3736,293,6
3737,293,17
3738,293,18
3739,293,19
3740,293,20
3741,293,21
3742,293,22
3743,293,23
3744,294,0
3745,294,1
3746,294,2
3747,294,3
3748,294,4
3749,294,5
3750,294,6
3751,294,17
3752,294,18
3753,294,19
3754,294,20
3755,294,21
3756,294,22
3757,294,23
3758,295,0
3759,295,1
3760,295,2
3761,295,3
3762,295,4
3763,295,5
3764,295,6
3765,295,17
3766,295,18
3767,295,19
3768,295,20
3769,295,21
3770,295,22
3771,295,23
3772,296,0
3773,296,1
3774,296,2
3775,296,3
3776,296,4
3777,296,5
3778,296,6
3779,296,17
3780,296,18
3781,296,19
3782,296,20
3783,296,21
3784,296,22
3785,296,23
3786,297,0
3787,297,1
3788,297,2
3789,297,3
3790,297,4
3791,297,5
3792,297,6
3793,297,7
3794,297,17
3795,297,18
3796,297,19
3797,297,20
3798,297,21
3799,297,22
3800,297,23
3801,298,0
3802,298,1
3803,298,2
3804,298,3
3805,298,4
3806,298,5
3807,298,6
3808,298,7
3809,298,17
3810,298,18
3811,298,19
3812,298,20
3813,298,21
3814,298,22
3815,298,23
3816,299,0
3817,299,1
3818,299,2
3819,299,3
3820,299,4
3821,299,5
3822,299,6
3823,299,7
3824,299,17
3825,299,18
3826,299,19
3827,299,20
3828,299,21
3829,299,22
3830,299,23
3831,300,0
3832,300,1
3833,300,2
3834,300,3
3835,300,4
3836,300,5
3837,300,6
3838,300,7
3839,300,17
3840,300,18
3841,300,19
3842,300,20
3843,300,21
3844,300,22
3845,300,23
3846,301,0
3847,301,1
3848,301,2
3849,301,3
3850,301,4
3851,301,5
3852,301,6
3853,301,7
3854,301,17
3855,301,18
3856,301,19
3857,301,20
3858,301,21
3859,301,22
3860,301,23
3861,302,0
3862,302,1
3863,302,2
3864,302,3
3865,302,4
3866,302,5
3867,302,6
3868,302,7
3869,302,17
3870,302,18
3871,302,19
3872,302,20
3873,302,21
3874,302,22
3875,302,23
3876,303,0
3877,303,1
3878,303,2
3879,303,3
3880,303,4
3881,303,5
3882,303,6
3883,303,7
3884,303,17
3885,303,18
3886,303,19
3887,303,20
3888,303,21
3889,303,22
3890,303,23
3891,304,0
3892,304,1
3893,304,2
3894,304,3
3895,304,4
3896,304,5
3897,304,6
3898,304,7
3899,304,17
3900,304,18
3901,304,19
3902,304,20
3903,304,21
3904,304,22
3905,304,23
3906,305,0
3907,305,1
3908,305,2
3909,305,3
3910,305,4
3911,305,5
3912,305,6
3913,305,7
3914,305,17
3915,305,18
3916,305,19
3917,305,20
3918,305,21
3919,305,22
3920,305,23
3921,306,0
3922,306,1
3923,306,2
3924,306,3
3925,306,4
3926,306,5
3927,306,6
3928,306,7
3929,306,17
3930,306,18
3931,306,19
3932,306,20
3933,306,21
3934,306,22
3935,306,23
3936,307,0
3937,307,1
3938,307,2
3939,307,3
3940,307,4
3941,307,5
3942,307,6
3943,307,7
3944,307,17
3945,307,18
3946,307,19
3947,307,20
3948,307,21
3949,307,22
3950,307,23
3951,308,0
3952,308,1
3953,308,2
3954,308,3
3955,308,4
3956,308,5
3957,308,6
3958,308,7
3959,308,17
3960,308,18
3961,308,19
3962,308,20
3963,308,21
3964,308,22
3965,308,23
3966,309,0
3967,309,1
3968,309,2
3969,309,3
3970,309,4
3971,309,5
3972,309,6
3973,309,7
3974,309,17
3975,309,18
3976,309,19
3977,309,20
3978,309,21
3979,309,22
3980,309,23
3981,310,0
3982,310,1
3983,310,2
3984,310,3
3985,310,4
3986,310,5
3987,310,6
3988,310,7
3989,310,17
3990,310,18
3991,310,19
3992,310,20
3993,310,21
3994,310,22
3995,310,23
3996,311,0
3997,311,1
3998,311,2
3999,311,3
4000,311,4
4001,311,5
4002,311,6
4003,311,7
4004,311,17
4005,311,18
4006,311,19
4007,311,20
4008,311,21
4009,311,22
4010,311,23
4011,312,0
4012,312,1
4013,312,2
4014,312,3
4015,312,4
4016,312,5
4017,312,6
4018,312,7
4019,312,17
4020,312,18
4021,312,19
4022,312,20
4023,312,21
4024,312,22
4025,312,23
4026,313,0
4027,313,1
4028,313,2
4029,313,3
4030,313,4
4031,313,5
4032,313,6
4033,313,7
4034,313,17
4035,313,18
4036,313,19
4037,313,20
4038,313,21
4039,313,22
4040,313,23
4041,314,0
4042,314,1
4043,314,2
4044,314,3
4045,314,4
4046,314,5
4047,314,6
4048,314,7
4049,314,17
4050,314,18
4051,314,19
4052,314,20
4053,314,21
4054,314,22
4055,314,23
4056,315,0
4057,315,1
4058,315,2
4059,315,3
4060,315,4
4061,315,5
4062,315,6
4063,315,7
4064,315,17
4065,315,18
4066,315,19
4067,315,20
4068,315,21
4069,315,22
4070,315,23
4071,316,0
4072,316,1
4073,316,2
4074,316,3
4075,316,4
4076,316,5
4077,316,6
4078,316,7
4079,316,17
4080,316,18
4081,316,19
4082,316,20
4083,316,21
4084,316,22
4085,316,23
4086,317,0
4087,317,1
4088,317,2
4089,317,3
4090,317,4
4091,317,5
4092,317,6
4093,317,7
4094,317,17
4095,317,18
4096,317,19
4097,317,20
4098,317,21
4099,317,22
4100,317,23
4101,318,0
4102,318,1
4103,318,2
4104,318,3
4105,318,4
4106,318,5
4107,318,6
4108,318,7
4109,318,17
4110,318,18
4111,318,19
4112,318,20
4113,318,21
4114,318,22
4115,318,23
4116,319,0
4117,319,1
4118,319,2
4119,319,3
4120,319,4
4121,319,5
4122,319,6
4123,319,7
4124,319,17
4125,319,18
4126,319,19
4127,319,20
4128,319,21
4129,319,22
4130,319,23
4131,320,0
4132,320,1
4133,320,2
4134,320,3
4135,320,4
4136,320,5
4137,320,6
4138,320,7
4139,320,17
4140,320,18
4141,320,19
4142,320,20
4143,320,21
4144,320,22
4145,320,23
4146,321,0
4147,321,1
4148,321,2
4149,321,3
4150,321,4
4151,321,5
4152,321,6
4153,321,7
4154,321,17
4155,321,18
4156,321,19
4157,321,20
4158,321,21
4159,321,22
4160,321,23
4161,322,0
4162,322,1
4163,322,2
4164,322,3
4165,322,4
4166,322,5
4167,322,6
4168,322,7
4169,322,17
4170,322,18
4171,322,19
4172,322,20
4173,322,21
4174,322,22
4175,322,23
4176,323,0
4177,323,1
4178,323,2
4179,323,3
4180,323,4
4181,323,5
4182,323,6
4183,323,7
4184,323,17
4185,323,18
4186,323,19
4187,323,20
4188,323,21
4189,323,22
4190,323,23
4191,324,0
4192,324,1
4193,324,2
4194,324,3
4195,324,4
4196,324,5
4197,324,6
4198,324,7
4199,324,17
4200,324,18
4201,324,19
4202,324,20
4203,324,21
4204,324,22
4205,324,23
4206,325,0
4207,325,1
4208,325,2
4209,325,3
4210,325,4
4211,325,5
4212,325,6
4213,325,7
4214,325,17
4215,325,18
4216,325,19
4217,325,20
4218,325,21
4219,325,22
4220,325,23
4221,326,0
4222,326,1
4223,326,2
4224,326,3
4225,326,4
4226,326,5
4227,326,6
4228,326,7
4229,326,17
4230,326,18
4231,326,19
4232,326,20
4233,326,21
4234,326,22
4235,326,23
4236,327,0
4237,327,1
4238,327,2
4239,327,3
4240,327,4
4241,327,5
4242,327,6
4243,327,7
4244,327,17
4245,327,18
4246,327,19
4247,327,20
4248,327,21
4249,327,22
4250,327,23
4251,328,0
4252,328,1
4253,328,2
4254,328,3
4255,328,4
4256,328,5
4257,328,6
4258,328,7
4259,328,17
4260,328,18
4261,328,19
4262,328,20
4263,328,21
4264,328,22
4265,328,23
4266,329,0
4267,329,1
4268,329,2
4269,329,3
4270,329,4
4271,329,5
4272,329,6
4273,329,7
4274,329,16
4275,329,17
4276,329,18
4277,329,19
4278,329,20
4279,329,21
4280,329,22
4281,329,23
4282,330,0
4283,330,1
4284,330,2
4285,330,3
4286,330,4
4287,330,5
4288,330,6
4289,330,7
4290,330,16
4291,330,17
4292,330,18
4293,330,19
4294,330,20
4295,330,21
4296,330,22
4297,330,23
4298,331,0
4299,331,1
4300,331,2
4301,331,3
4302,331,4
4303,331,5
4304,331,6
4305,331,7
4306,331,16
4307,331,17
4308,331,18
4309,331,19
4310,331,20
4311,331,21
4312,331,22
4313,331,23
4314,332,0
4315,332,1
4316,332,2
4317,332,3
4318,332,4
4319,332,5
4320,332,6
4321,332,7
4322,332,16
4323,332,17
4324,332,18
4325,332,19
4326,332,20
4327,332,21
4328,332,22
4329,332,23
4330,333,0
4331,333,1
4332,333,2
4333,333,3
4334,333,4
4335,333,5
4336,333,6
4337,333,7
4338,333,16
4339,333,17
4340,333,18
4341,333,19
4342,333,20
4343,333,21
4344,333,22
4345,333,23
4346,334,0
4347,334,1
4348,334,2
4349,334,3
4350,334,4
4351,334,5
4352,334,6
4353,334,7
4354,334,16
4355,334,17
4356,334,18
4357,334,19
4358,334,20
4359,334,21
4360,334,22
4361,334,23
4362,335,0
4363,335,1
4364,335,2
4365,335,3
4366,335,4
4367,335,5
4368,335,6
4369,335,7
4370,335,16
4371,335,17
4372,335,18
4373,335,19
4374,335,20
4375,335,21
4376,335,22
4377,335,23
4378,336,0
4379,336,1
4380,336,2
4381,336,3
4382,336,4
4383,336,5
4384,336,6
4385,336,7
4386,336,16
4387,336,17
4388,336,18
4389,336,19
4390,336,20
4391,336,21
4392,336,22
4393,336,23
4394,337,0
4395,337,1
4396,337,2
4397,337,3
4398,337,4
4399,337,5
4400,337,6
4401,337,7
4402,337,16
4403,337,17
4404,337,18
4405,337,19
4406,337,20
4407,337,21
4408,337,22
4409,337,23
4410,338,0
4411,338,1
4412,338,2
4413,338,3
4414,338,4
4415,338,5
4416,338,6
4417,338,7
4418,338,16
4419,338,17
4420,338,18
4421,338,19
4422,338,20
4423,338,21
4424,338,22
4425,338,23
4426,339,0
4427,339,1
4428,339,2
4429,339,3
4430,339,4
4431,339,5
4432,339,6
4433,339,7
4434,339,16
4435,339,17
4436,339,18
4437,339,19
4438,339,20
4439,339,21
4440,339,22
4441,339,23
4442,340,0
4443,340,1
4444,340,2
4445,340,3
4446,340,4
4447,340,5
4448,340,6
4449,340,7
4450,340,16
4451,340,17
4452,340,18
4453,340,19
4454,340,20
4455,340,21
4456,340,22
4457,340,23
4458,341,0
4459,341,1
4460,341,2
4461,341,3
4462,341,4
4463,341,5
4464,341,6
4465,341,7
4466,341,16
4467,341,17
4468,341,18
4469,341,19
4470,341,20
4471,341,21
4472,341,22
4473,341,23
4474,342,0
4475,342,1
4476,342,2
4477,342,3
4478,342,4
4479,342,5
4480,342,6
4481,342,7
4482,342,16
4483,342,17
4484,342,18
4485,342,19
4486,342,20
4487,342,21
4488,342,22
4489,342,23
4490,343,0
4491,343,1
4492,343,2
4493,343,3
4494,343,4
4495,343,5
4496,343,6
4497,343,7
4498,343,16
4499,343,17
4500,343,18
4501,343,19
4502,343,20
4503,343,21
4504,343,22
4505,343,23
4506,344,0
4507,344,1
4508,344,2
4509,344,3
4510,344,4
4511,344,5
4512,344,6
4513,344,7
4514,344,16
4515,344,17
4516,344,18
4517,344,19
4518,344,20
4519,344,21
4520,344,22
4521,344,23
4522,345,0
4523,345,1
4524,345,2
4525,345,3
4526,345,4
4527,345,5
4528,345,6
4529,345,7
4530,345,16
4531,345,17
4532,345,18
4533,345,19
4534,345,20
4535,345,21
4536,345,22
4537,345,23
4538,346,0
4539,346,1
4540,346,2
4541,346,3
4542,346,4
4543,346,5
4544,346,6
4545,346,7
4546,346,16
4547,346,17
4548,346,18
4549,346,19
4550,346,20
4551,346,21
4552,346,22
4553,346,23
4554,347,0
4555,347,1
4556,347,2
4557,347,3
4558,347,4
4559,347,5
4560,347,6
4561,347,7
4562,347,16
4563,347,17
4564,347,18
4565,347,19
4566,347,20
4567,347,21
4568,347,22
4569,347,23
4570,348,0
4571,348,1
4572,348,2
4573,348,3
4574,348,4
4575,348,5
4576,348,6
4577,348,7
4578,348,16
4579,348,17
4580,348,18
4581,348,19
4582,348,20
4583,348,21
4584,348,22
4585,348,23
4586,349,0
4587,349,1
4588,349,2
4589,349,3
4590,349,4
4591,349,5
4592,349,6
4593,349,7
4594,349,16
4595,349,17
4596,349,18
4597,349,19
4598,349,20
4599,349,21
4600,349,22
4601,349,23
4602,350,0
4603,350,1
4604,350,2
4605,350,3
4606,350,4
4607,350,5
4608,350,6
4609,350,7
4610,350,16
4611,350,17
4612,350,18
4613,350,19
4614,350,20
4615,350,21
4616,350,22
4617,350,23
4618,351,0
4619,351,1
4620,351,2
4621,351,3
4622,351,4
4623,351,5
4624,351,6
4625,351,7
4626,351,16
4627,351,17
4628,351,18
4629,351,19
4630,351,20
4631,351,21
4632,351,22
4633,351,23
4634,352,0
4635,352,1
4636,352,2
4637,352,3
4638,352,4
4639,352,5
4640,352,6
4641,352,7
4642,352,16
4643,352,17
4644,352,18
4645,352,19
4646,352,20
4647,352,21
4648,352,22
4649,352,23
4650,353,0
4651,353,1
4652,353,2
4653,353,3
4654,353,4
4655,353,5
4656,353,6
4657,353,7
4658,353,16
4659,353,17
4660,353,18
4661,353,19
4662,353,20
4663,353,21
4664,353,22
4665,353,23
4666,354,0
4667,354,1
4668,354,2
4669,354,3
4670,354,4
4671,354,5
4672,354,6
4673,354,7
4674,354,16
4675,354,17
4676,354,18
4677,354,19
4678,354,20
4679,354,21
4680,354,22
4681,354,23
4682,355,0
4683,355,1
4684,355,2
4685,355,3
4686,355,4
4687,355,5
4688,355,6
4689,355,7
4690,355,16
4691,355,17
4692,355,18
4693,355,19
4694,355,20
4695,355,21
4696,355,22
4697,355,23
4698,356,0
4699,356,1
4700,356,2
4701,356,3
4702,356,4
4703,356,5
4704,356,6
4705,356,7
4706,356,16
4707,356,17
4708,356,18
4709,356,19
4710,356,20
4711,356,21
4712,356,22
4713,356,23
4714,357,0
4715,357,1
4716,357,2
4717,357,3
4718,357,4
4719,357,5
4720,357,6
4721,357,7
4722,357,16
4723,357,17
4724,357,18
4725,357,19
4726,357,20
4727,357,21
4728,357,22
4729,357,23
4730,358,0
4731,358,1
4732,358,2
4733,358,3
4734,358,4
4735,358,5
4736,358,6
4737,358,7
4738,358,16
4739,358,17
4740,358,18
4741,358,19
4742,358,20
4743,358,21
4744,358,22
4745,358,23
4746,359,0
4747,359,1
4748,359,2
4749,359,3
4750,359,4
4751,359,5
4752,359,6
4753,359,7
4754,359,16
4755,359,17
4756,359,18
4757,359,19
4758,359,20
4759,359,21
4760,359,22
4761,359,23
4762,360,0
4763,360,1
4764,360,2
4765,360,3
4766,360,4
4767,360,5
4768,360,6
4769,360,7
4770,360,16
4771,360,17
4772,360,18
4773,360,19
4774,360,20
4775,360,21
4776,360,22
4777,360,23
4778,361,0
4779,361,1
4780,361,2
4781,361,3
4782,361,4
4783,361,5
4784,361,6
4785,361,7
4786,361,16
4787,361,17
4788,361,18
4789,361,19
4790,361,20
4791,361,21
4792,361,22
4793,361,23
4794,362,0
4795,362,1
4796,362,2
4797,362,3
4798,362,4
4799,362,5
4800,362,6
4801,362,7
4802,362,16
4803,362,17
4804,362,18
4805,362,19
4806,362,20
4807,362,21
4808,362,22
4809,362,23
4810,363,0
4811,363,1
4812,363,2
4813,363,3
4814,363,4
4815,363,5
4816,363,6
4817,363,7
4818,363,16
4819,363,17
4820,363,18
4821,363,19
4822,363,20
4823,363,21
4824,363,22
4825,363,23
4826,364,0
4827,364,1
4828,364,2
4829,364,3
4830,364,4
4831,364,5
4832,364,6
4833,364,7
4834,364,16
4835,364,17
4836,364,18
4837,364,19
4838,364,20
4839,364,21
4840,364,22
4841,364,23
4842,365,0
4843,365,1
4844,365,2
4845,365,3
4846,365,4
4847,365,5
4848,365,6
4849,365,7
4850,365,16
4851,365,17
4852,365,18
4853,365,19
4854,365,20
4855,365,21
4856,365,22
4857,365,23
