,day,hour
0,1,0
1,1,1
2,1,2
3,1,3
4,1,4
5,1,5
6,1,6
7,1,7
8,1,8
9,1,9
10,1,15
11,1,16
12,1,17
13,1,18
14,1,19
15,1,20
16,1,21
17,1,22
18,1,23
19,2,0
20,2,1
21,2,2
22,2,3
23,2,4
24,2,5
25,2,6
26,2,7
27,2,8
28,2,9
29,2,15
30,2,16
31,2,17
32,2,18
33,2,19
34,2,20
35,2,21
36,2,22
37,2,23
38,3,0
39,3,1
40,3,2
41,3,3
42,3,4
43,3,5
44,3,6
45,3,7
46,3,8
47,3,9
48,3,15
49,3,16
50,3,17
51,3,18
52,3,19
53,3,20
54,3,21
55,3,22
56,3,23
57,4,0
58,4,1
59,4,2
60,4,3
61,4,4
62,4,5
63,4,6
64,4,7
65,4,8
66,4,9
67,4,15
68,4,16
69,4,17
70,4,18
71,4,19
72,4,20
73,4,21
74,4,22
75,4,23
76,5,0
77,5,1
78,5,2
79,5,3
80,5,4
81,5,5
82,5,6
83,5,7
84,5,8
85,5,9
86,5,15
87,5,16
88,5,17
89,5,18
90,5,19
91,5,20
92,5,21
93,5,22
94,5,23
95,6,0
96,6,1
97,6,2
98,6,3
99,6,4
100,6,5
101,6,6
102,6,7
103,6,8
104,6,9
105,6,15
106,6,16
107,6,17
108,6,18
109,6,19
110,6,20
111,6,21
112,6,22
113,6,23
114,7,0
115,7,1
116,7,2
117,7,3
118,7,4
119,7,5
120,7,6
121,7,7
122,7,8
123,7,9
124,7,15
125,7,16
126,7,17
127,7,18
128,7,19
129,7,20
130,7,21
131,7,22
132,7,23
133,8,0
134,8,1
135,8,2
136,8,3
137,8,4
138,8,5
139,8,6
140,8,7
141,8,8
142,8,9
143,8,15
144,8,16
145,8,17
146,8,18
147,8,19
148,8,20
149,8,21
150,8,22
151,8,23
152,9,0
153,9,1
154,9,2
155,9,3
156,9,4
157,9,5
158,9,6
159,9,7
160,9,8
161,9,9
162,9,15
163,9,16
164,9,17
165,9,18
166,9,19
167,9,20
168,9,21
169,9,22
170,9,23
171,10,0
172,10,1
173,10,2
174,10,3
175,10,4
176,10,5
177,10,6
178,10,7
179,10,8
180,10,9
181,10,15
182,10,16
183,10,17
184,10,18
185,10,19
186,10,20
187,10,21
188,10,22
189,10,23
190,11,0
191,11,1
192,11,2
193,11,3
194,11,4
195,11,5
196,11,6
197,11,7
198,11,8
199,11,9
200,11,15
201,11,16
202,11,17
203,11,18
204,11,19
205,11,20
206,11,21
207,11,22
208,11,23
209,12,0
210,12,1
211,12,2
212,12,3
213,12,4
214,12,5
215,12,6
216,12,7
217,12,8
218,12,9
219,12,15
220,12,16
221,12,17
222,12,18
223,12,19
224,12,20
225,12,21
226,12,22
227,12,23
228,13,0
229,13,1
230,13,2
231,13,3
232,13,4
233,13,5
234,13,6
235,13,7
236,13,8
237,13,9
238,13,15
239,13,16
240,13,17
241,13,18
242,13,19
243,13,20
244,13,21
245,13,22
246,13,23
247,14,0
248,14,1
249,14,2
250,14,3
251,14,4
252,14,5
253,14,6
254,14,7
255,14,8
256,14,9
257,14,15
258,14,16
259,14,17
260,14,18
261,14,19
262,14,20
263,14,21
264,14,22
265,14,23
266,15,0
267,15,1
268,15,2
269,15,3
270,15,4
271,15,5
272,15,6
273,15,7
274,15,8
275,15,9
276,15,15
277,15,16
278,15,17
279,15,18
280,15,19
281,15,20
282,15,21
283,15,22
284,15,23
285,16,0
286,16,1
287,16,2
288,16,3
289,16,4
290,16,5
291,16,6
292,16,7
293,16,8
294,16,9
295,16,15
296,16,16
297,16,17
298,16,18
299,16,19
300,16,20
301,16,21
302,16,22
303,16,23
304,17,0
305,17,1
306,17,2
307,17,3
308,17,4
309,17,5
310,17,6
311,17,7
312,17,8
313,17,9
314,17,15
315,17,16
316,17,17
317,17,18
318,17,19
319,17,20
320,17,21
321,17,22
322,17,23
323,18,0
324,18,1
325,18,2
326,18,3
327,18,4
328,18,5
329,18,6
330,18,7
331,18,8
332,18,9
333,18,15
334,18,16
335,18,17
336,18,18
337,18,19
338,18,20
339,18,21
340,18,22
341,18,23
342,19,0
343,19,1
344,19,2
345,19,3
346,19,4
347,19,5
348,19,6
349,19,7
350,19,8
351,19,9
352,19,15
353,19,16
354,19,17
355,19,18
356,19,19
357,19,20
358,19,21
359,19,22
360,19,23
361,20,0
362,20,1
363,20,2
364,20,3
365,20,4
366,20,5
367,20,6
368,20,7
369,20,8
370,20,9
371,20,15
372,20,16
373,20,17
374,20,18
375,20,19
376,20,20
377,20,21
378,20,22
379,20,23
380,21,0
381,21,1
382,21,2
383,21,3
384,21,4
385,21,5
386,21,6
387,21,7
388,21,8
389,21,9
390,21,15
391,21,16
392,21,17
393,21,18
394,21,19
395,21,20
396,21,21
397,21,22
398,21,23
399,22,0
400,22,1
401,22,2
402,22,3
403,22,4
404,22,5
405,22,6
406,22,7
407,22,8
408,22,15
409,22,16
410,22,17
411,22,18
412,22,19
413,22,20
414,22,21
415,22,22
416,22,23
417,23,0
418,23,1
419,23,2
420,23,3
421,23,4
422,23,5
423,23,6
424,23,7
425,23,8
426,23,9
427,23,16
428,23,17
429,23,18
430,23,19
431,23,20
432,23,21
433,23,22
434,23,23
435,24,0
436,24,1
437,24,2
438,24,3
439,24,4
440,24,5
441,24,6
442,24,7
443,24,8
444,24,9
445,24,15
446,24,16
447,24,17
448,24,18
449,24,19
450,24,20
451,24,21
452,24,22
453,24,23
454,25,0
455,25,1
456,25,2
457,25,3
458,25,4
459,25,5
460,25,6
461,25,7
462,25,8
463,25,9
464,25,16
465,25,17
466,25,18
467,25,19
468,25,20
469,25,21
470,25,22
471,25,23
472,26,0
473,26,1
474,26,2
475,26,3
476,26,4
477,26,5
478,26,6
479,26,7
480,26,8
481,26,16
482,26,17
483,26,18
484,26,19
485,26,20
486,26,21
487,26,22
488,26,23
489,27,0
490,27,1
491,27,2
492,27,3
493,27,4
494,27,5
495,27,6
496,27,7
497,27,8
498,27,9
499,27,16
500,27,17
501,27,18
502,27,19
503,27,20
504,27,21
505,27,22
506,27,23
507,28,0
508,28,1
509,28,2
510,28,3
511,28,4
512,28,5
513,28,6
514,28,7
515,28,8
516,28,16
517,28,17
518,28,18
519,28,19
520,28,20
521,28,21
522,28,22
523,28,23
524,29,0
525,29,1
526,29,2
527,29,3
528,29,4
529,29,5
530,29,6
531,29,7
532,29,8
533,29,16
534,29,17
535,29,18
536,29,19
537,29,20
538,29,21
539,29,22
540,29,23
541,30,0
542,30,1
543,30,2
544,30,3
545,30,4
546,30,5
547,30,6
548,30,7
549,30,8
550,30,16
551,30,17
552,30,18
553,30,19
554,30,20
555,30,21
556,30,22
557,30,23
558,31,0
559,31,1
560,31,2
561,31,3
562,31,4
563,31,5
564,31,6
565,31,7
566,31,8
567,31,16
568,31,17
569,31,18
570,31,19
571,31,20
572,31,21
573,31,22
574,31,23
575,32,0
576,32,1
577,32,2
578,32,3
579,32,4
580,32,5
581,32,6
582,32,7
583,32,8
584,32,16
585,32,17
586,32,18
587,32,19
588,32,20
589,32,21
590,32,22
591,32,23
592,33,0
593,33,1
594,33,2
595,33,3
596,33,4
597,33,5
598,33,6
599,33,7
600,33,8
601,33,16
602,33,17
603,33,18
604,33,19
605,33,20
606,33,21
607,33,22
608,33,23
609,34,0
610,34,1
611,34,2
612,34,3
613,34,4
614,34,5
615,34,6
616,34,7
617,34,8
618,34,16
619,34,17
620,34,18
621,34,19
622,34,20
623,34,21
624,34,22
625,34,23
626,35,0
627,35,1
628,35,2
629,35,3
630,35,4
631,35,5
632,35,6
633,35,7
634,35,8
635,35,16
636,35,17
637,35,18
638,35,19
639,35,20
640,35,21
641,35,22
642,35,23
643,36,0
644,36,1
645,36,2
646,36,3
647,36,4
648,36,5
649,36,6
650,36,7
651,36,8
652,36,16
653,36,17
654,36,18
655,36,19
656,36,20
657,36,21
658,36,22
659,36,23
660,37,0
661,37,1
662,37,2
663,37,3
664,37,4
665,37,5
666,37,6
667,37,7
668,37,8
669,37,16
670,37,17
671,37,18
672,37,19
673,37,20
674,37,21
675,37,22
676,37,23
677,38,0
678,38,1
679,38,2
680,38,3
681,38,4
682,38,5
683,38,6
684,38,7
685,38,8
686,38,16
687,38,17
688,38,18
689,38,19
690,38,20
691,38,21
692,38,22
693,38,23
694,39,0
695,39,1
696,39,2
697,39,3
698,39,4
699,39,5
700,39,6
701,39,7
702,39,8
703,39,16
704,39,17
705,39,18
706,39,19
707,39,20
708,39,21
709,39,22
710,39,23
711,40,0
712,40,1
713,40,2
714,40,3
715,40,4
716,40,5
717,40,6
718,40,7
719,40,8
720,40,16
721,40,17
722,40,18
723,40,19
724,40,20
725,40,21
726,40,22
727,40,23
728,41,0
729,41,1
730,41,2
731,41,3
732,41,4
733,41,5
734,41,6
735,41,7
736,41,8
737,41,16
738,41,17
739,41,18
740,41,19
741,41,20
742,41,21
743,41,22
744,41,23
745,42,0
746,42,1
747,42,2
748,42,3
749,42,4
750,42,5
751,42,6
752,42,7
753,42,8
754,42,16
755,42,17
756,42,18
757,42,19
758,42,20
759,42,21
760,42,22
761,42,23
762,43,0
763,43,1
764,43,2
765,43,3
766,43,4
767,43,5
768,43,6
769,43,7
770,43,8
771,43,16
772,43,17
773,43,18
774,43,19
775,43,20
776,43,21
777,43,22
778,43,23
779,44,0
780,44,1
781,44,2
782,44,3
783,44,4
784,44,5
785,44,6
786,44,7
787,44,8
788,44,16
789,44,17
790,44,18
791,44,19
792,44,20
793,44,21
794,44,22
795,44,23
796,45,0
797,45,1
798,45,2
799,45,3
800,45,4
801,45,5
802,45,6
803,45,7
804,45,8
805,45,16
806,45,17
807,45,18
808,45,19
809,45,20
810,45,21
811,45,22
812,45,23
813,46,0
814,46,1
815,46,2
816,46,3
817,46,4
818,46,5
819,46,6
820,46,7
821,46,8
822,46,16
823,46,17
824,46,18
825,46,19
826,46,20
827,46,21
828,46,22
829,46,23
830,47,0
831,47,1
832,47,2
833,47,3
834,47,4
835,47,5
836,47,6
837,47,7
838,47,8
839,47,16
840,47,17
841,47,18
842,47,19
843,47,20
844,47,21
845,47,22
846,47,23
847,48,0
848,48,1
849,48,2
850,48,3
851,48,4
852,48,5
853,48,6
854,48,7
855,48,8
856,48,17
857,48,18
858,48,19
859,48,20
860,48,21
861,48,22
862,48,23
863,49,0
864,49,1
865,49,2
866,49,3
867,49,4
868,49,5
869,49,6
870,49,7
871,49,8
872,49,17
873,49,18
874,49,19
875,49,20
876,49,21
877,49,22
878,49,23
879,50,0
880,50,1
881,50,2
882,50,3
883,50,4
884,50,5
885,50,6
886,50,7
887,50,8
888,50,16
889,50,17
890,50,18
891,50,19
892,50,20
893,50,21
894,50,22
895,50,23
896,51,0
897,51,1
898,51,2
899,51,3
900,51,4
901,51,5
902,51,6
903,51,7
904,51,8
905,51,17
906,51,18
907,51,19
908,51,20
909,51,21
910,51,22
911,51,23
912,52,0
913,52,1
914,52,2
915,52,3
916,52,4
917,52,5
918,52,6
919,52,7
920,52,17
921,52,18
922,52,19
923,52,20
924,52,21
925,52,22
926,52,23
927,53,0
928,53,1
929,53,2
930,53,3
931,53,4
932,53,5
933,53,6
934,53,7
935,53,17
936,53,18
937,53,19
938,53,20
939,53,21
940,53,22
941,53,23
942,54,0
943,54,1
944,54,2
945,54,3
946,54,4
947,54,5
948,54,6
949,54,7
950,54,8
951,54,17
952,54,18
953,54,19
954,54,20
955,54,21
956,54,22
957,54,23
958,55,0
959,55,1
960,55,2
961,55,3
962,55,4
963,55,5
964,55,6
965,55,7
966,55,17
967,55,18
968,55,19
969,55,20
970,55,21
971,55,22
972,55,23
973,56,0
974,56,1
975,56,2
976,56,3
977,56,4
978,56,5
979,56,6
980,56,7
981,56,17
982,56,18
983,56,19
984,56,20
985,56,21
986,56,22
987,56,23
988,57,0
989,57,1
990,57,2
991,57,3
992,57,4
993,57,5
994,57,6
995,57,7
996,57,17
997,57,18
998,57,19
999,57,20
1000,57,21
1001,57,22
1002,57,23
1003,58,0
1004,58,1
1005,58,2
1006,58,3
1007,58,4
1008,58,5
1009,58,6
1010,58,7
1011,58,17
1012,58,18
1013,58,19
1014,58,20
1015,58,21
1016,58,22
1017,58,23
1018,59,0
1019,59,1
1020,59,2
1021,59,3
1022,59,4
1023,59,5
1024,59,6
1025,59,7
1026,59,17
1027,59,18
1028,59,19
1029,59,20
1030,59,21
1031,59,22
1032,59,23
1033,60,0
1034,60,1
1035,60,2
1036,60,3
1037,60,4
1038,60,5
1039,60,6
1040,60,7
1041,60,17
1042,60,18
1043,60,19
1044,60,20
1045,60,21
1046,60,22
1047,60,23
1048,61,0
1049,61,1
1050,61,2
1051,61,3
1052,61,4
1053,61,5
1054,61,6
1055,61,7
1056,61,17
1057,61,18
1058,61,19
1059,61,20
1060,61,21
1061,61,22
1062,61,23
1063,62,0
1064,62,1
1065,62,2
1066,62,3
1067,62,4
1068,62,5
1069,62,6
1070,62,7
1071,62,17
1072,62,18
1073,62,19
1074,62,20
1075,62,21
1076,62,22
1077,62,23
1078,63,0
1079,63,1
1080,63,2
1081,63,3
1082,63,4
1083,63,5
1084,63,6
1085,63,7
1086,63,17
1087,63,18
1088,63,19
1089,63,20
1090,63,21
1091,63,22
1092,63,23
1093,64,0
1094,64,1
1095,64,2
1096,64,3
1097,64,4
1098,64,5
1099,64,6
1100,64,7
1101,64,17
1102,64,18
1103,64,19
1104,64,20
1105,64,21
1106,64,22
1107,64,23
1108,65,0
1109,65,1
1110,65,2
1111,65,3
1112,65,4
1113,65,5
1114,65,6
1115,65,7
1116,65,17
1117,65,18
1118,65,19
1119,65,20
1120,65,21
1121,65,22
1122,65,23
1123,66,0
1124,66,1
1125,66,2
1126,66,3
1127,66,4
1128,66,5
1129,66,6
1130,66,7
1131,66,17
1132,66,18
1133,66,19
1134,66,20
1135,66,21
1136,66,22
1137,66,23
1138,67,0
1139,67,1
1140,67,2
1141,67,3
1142,67,4
1143,67,5
1144,67,6
1145,67,7
1146,67,17
1147,67,18
1148,67,19
1149,67,20
1150,67,21
1151,67,22
1152,67,23
1153,68,0
1154,68,1
1155,68,2
1156,68,3
1157,68,4
1158,68,5
1159,68,6
1160,68,7
1161,68,17
1162,68,18
1163,68,19
1164,68,20
1165,68,21
1166,68,22
1167,68,23
1168,69,0
1169,69,1
1170,69,2
1171,69,3
1172,69,4
1173,69,5
1174,69,6
1175,69,7
1176,69,17
1177,69,18
1178,69,19
1179,69,20
1180,69,21
1181,69,22
1182,69,23
1183,70,0
1184,70,1
1185,70,2
1186,70,3
1187,70,4
1188,70,5
1189,70,6
1190,70,7
1191,70,17
1192,70,18
1193,70,19
1194,70,20
1195,70,21
1196,70,22
1197,70,23
1198,71,0
1199,71,1
1200,71,2
1201,71,3
1202,71,4
1203,71,5
1204,71,6
1205,71,7
1206,71,17
1207,71,18
1208,71,19
1209,71,20
1210,71,21
1211,71,22
1212,71,23
1213,72,0
1214,72,1
1215,72,2
1216,72,3
1217,72,4
1218,72,5
1219,72,6
1220,72,7
1221,72,17
1222,72,18
1223,72,19
1224,72,20
1225,72,21
1226,72,22
1227,72,23
1228,73,0
1229,73,1
1230,73,2
1231,73,3
1232,73,4
1233,73,5
1234,73,6
1235,73,7
1236,73,17
1237,73,18
1238,73,19
1239,73,20
1240,73,21
1241,73,22
1242,73,23
1243,74,0
1244,74,1
1245,74,2
1246,74,3
1247,74,4
1248,74,5
1249,74,6
1250,74,7
1251,74,17
1252,74,18
1253,74,19
1254,74,20
1255,74,21
1256,74,22
1257,74,23
1258,75,0
1259,75,1
1260,75,2
1261,75,3
1262,75,4
1263,75,5
1264,75,6
1265,75,7
1266,75,17
1267,75,18
1268,75,19
1269,75,20
1270,75,21
1271,75,22
1272,75,23
1273,76,0
1274,76,1
1275,76,2
1276,76,3
1277,76,4
1278,76,5
1279,76,6
1280,76,7
1281,76,17
1282,76,18
1283,76,19
1284,76,20
1285,76,21
1286,76,22
1287,76,23
1288,77,0
1289,77,1
1290,77,2
1291,77,3
1292,77,4
1293,77,5
1294,77,6
1295,77,7
1296,77,17
1297,77,18
1298,77,19
1299,77,20
1300,77,21
1301,77,22
1302,77,23
1303,78,0
1304,78,1
1305,78,2
1306,78,3
1307,78,4
1308,78,5
1309,78,6
1310,78,7
1311,78,18
1312,78,19
1313,78,20
1314,78,21
1315,78,22
1316,78,23
1317,79,0
1318,79,1
1319,79,2
1320,79,3
1321,79,4
1322,79,5
1323,79,6
1324,79,7
1325,79,17
1326,79,18
1327,79,19
1328,79,20
1329,79,21
1330,79,22
1331,79,23
1332,80,0
1333,80,1
1334,80,2
1335,80,3
1336,80,4
1337,80,5
1338,80,6
1339,80,7
1340,80,17
1341,80,18
1342,80,19
1343,80,20
1344,80,21
1345,80,22
1346,80,23
1347,81,0
1348,81,1
1349,81,2
1350,81,3
1351,81,4
1352,81,5
1353,81,6
1354,81,7
1355,81,18
1356,81,19
1357,81,20
1358,81,21
1359,81,22
1360,81,23
1361,82,0
1362,82,1
1363,82,2
1364,82,3
1365,82,4
1366,82,5
1367,82,6
1368,82,7
1369,82,17
1370,82,18
1371,82,19
1372,82,20
1373,82,21
1374,82,22
1375,82,23
1376,83,0
1377,83,1
1378,83,2
1379,83,3
1380,83,4
1381,83,5
1382,83,6
1383,83,7
1384,83,18
1385,83,19
1386,83,20
1387,83,21
1388,83,22
1389,83,23
1390,84,0
1391,84,1
1392,84,2
1393,84,3
1394,84,4
1395,84,5
1396,84,6
1397,84,18
1398,84,19
1399,84,20
1400,84,21
1401,84,22
1402,84,23
1403,85,0
1404,85,1
1405,85,2
1406,85,3
1407,85,4
1408,85,5
1409,85,6
1410,85,18
1411,85,19
1412,85,20
1413,85,21
1414,85,22
1415,85,23
1416,86,0
1417,86,1
1418,86,2
1419,86,3
1420,86,4
1421,86,5
1422,86,6
1423,86,7
1424,86,18
1425,86,19
1426,86,20
1427,86,21
1428,86,22
1429,86,23
1430,87,0
1431,87,1
1432,87,2
1433,87,3
1434,87,4
1435,87,5
1436,87,6
1437,87,18
1438,87,19
1439,87,20
1440,87,21
1441,87,22
1442,87,23
1443,88,0
1444,88,1
1445,88,2
1446,88,3
1447,88,4
1448,88,5
1449,88,6
1450,88,18
1451,88,19
1452,88,20
1453,88,21
1454,88,22
1455,88,23
1456,89,0
1457,89,1
1458,89,2
1459,89,3
1460,89,4
1461,89,5
1462,89,6
1463,89,18
1464,89,19
1465,89,20
1466,89,21
1467,89,22
1468,89,23
1469,90,0
1470,90,1
1471,90,2
1472,90,3
1473,90,4
1474,90,5
1475,90,6
1476,90,18
1477,90,19
1478,90,20
1479,90,21
1480,90,22
1481,90,23
1482,91,0
1483,91,1
1484,91,2
1485,91,3
1486,91,4
1487,91,5
1488,91,6
1489,91,18
1490,91,19
1491,91,20
1492,91,21
1493,91,22
1494,91,23
1495,92,0
1496,92,1
1497,92,2
1498,92,3
1499,92,4
1500,92,5
1501,92,6
1502,92,18
1503,92,19
1504,92,20
1505,92,21
1506,92,22
1507,92,23
1508,93,0
1509,93,1
1510,93,2
1511,93,3
1512,93,4
1513,93,5
1514,93,6
1515,93,18
1516,93,19
1517,93,20
1518,93,21
1519,93,22
1520,93,23
1521,94,0
1522,94,1
1523,94,2
1524,94,3
1525,94,4
1526,94,5
1527,94,6
1528,94,18
1529,94,19
1530,94,20
1531,94,21
1532,94,22
1533,94,23
1534,95,0
1535,95,1
1536,95,2
1537,95,3
1538,95,4
1539,95,5
1540,95,6
1541,95,18
1542,95,19
1543,95,20
1544,95,21
1545,95,22
1546,95,23
1547,96,0
1548,96,1
1549,96,2
1550,96,3
1551,96,4
1552,96,5
1553,96,6
1554,96,18
1555,96,19
1556,96,20
1557,96,21
1558,96,22
1559,96,23
1560,97,0
1561,97,1
1562,97,2
1563,97,3
1564,97,4
1565,97,5
1566,97,6
1567,97,18
1568,97,19
1569,97,20
1570,97,21
1571,97,22
1572,97,23
1573,98,0
1574,98,1
1575,98,2
1576,98,3
1577,98,4
1578,98,5
1579,98,6
1580,98,18
1581,98,19
1582,98,20
1583,98,21
1584,98,22
1585,98,23
1586,99,0
1587,99,1
1588,99,2
1589,99,3
1590,99,4
1591,99,5
1592,99,6
1593,99,18
1594,99,19
1595,99,20
1596,99,21
1597,99,22
1598,99,23
1599,100,0
1600,100,1
1601,100,2
1602,100,3
1603,100,4
1604,100,5
1605,100,6
1606,100,18
1607,100,19
1608,100,20
1609,100,21
1610,100,22
1611,100,23
1612,101,0
1613,101,1
1614,101,2
1615,101,3
1616,101,4
1617,101,5
1618,101,6
1619,101,18
1620,101,19
1621,101,20
1622,101,21
1623,101,22
1624,101,23
1625,102,0
1626,102,1
1627,102,2
1628,102,3
1629,102,4
1630,102,5
1631,102,6
1632,102,18
1633,102,19
1634,102,20
1635,102,21
1636,102,22
1637,102,23
1638,103,0
1639,103,1
1640,103,2
1641,103,3
1642,103,4
1643,103,5
1644,103,6
1645,103,18
1646,103,19
1647,103,20
1648,103,21
1649,103,22
1650,103,23
1651,104,0
1652,104,1
1653,104,2
1654,104,3
1655,104,4
1656,104,5
1657,104,6
1658,104,18
1659,104,19
1660,104,20
1661,104,21
1662,104,22
1663,104,23
1664,105,0
1665,105,1
1666,105,2
1667,105,3
1668,105,4
1669,105,5
1670,105,6
1671,105,18
1672,105,19
1673,105,20
1674,105,21
1675,105,22
1676,105,23
1677,106,0
1678,106,1
1679,106,2
1680,106,3
1681,106,4
1682,106,5
1683,106,6
1684,106,18
1685,106,19
1686,106,20
1687,106,21
1688,106,22
1689,106,23
1690,107,0
1691,107,1
1692,107,2
1693,107,3
1694,107,4
1695,107,5
1696,107,6
1697,107,18
1698,107,19
1699,107,20
1700,107,21
1701,107,22
1702,107,23
1703,108,0
1704,108,1
1705,108,2
1706,108,3
1707,108,4
1708,108,5
1709,108,6
1710,108,18
1711,108,19
1712,108,20
1713,108,21
1714,108,22
1715,108,23
1716,109,0
1717,109,1
1718,109,2
1719,109,3
1720,109,4
1721,109,5
1722,109,6
1723,109,18
1724,109,19
1725,109,20
1726,109,21
1727,109,22
1728,109,23
1729,110,0
1730,110,1
1731,110,2
1732,110,3
1733,110,4
1734,110,5
1735,110,6
1736,110,18
1737,110,19
1738,110,20
1739,110,21
1740,110,22
1741,110,23
1742,111,0
1743,111,1
1744,111,2
1745,111,3
1746,111,4
1747,111,5
1748,111,6
1749,111,18
1750,111,19
1751,111,20
1752,111,21
1753,111,22
1754,111,23
1755,112,0
1756,112,1
1757,112,2
1758,112,3
1759,112,4
1760,112,5
1761,112,6
1762,112,18
1763,112,19
1764,112,20
1765,112,21
1766,112,22
1767,112,23
1768,113,0
1769,113,1
1770,113,2
1771,113,3
1772,113,4
1773,113,5
1774,113,6
1775,113,19
1776,113,20
1777,113,21
1778,113,22
1779,113,23
1780,114,0
1781,114,1
1782,114,2
1783,114,3
1784,114,4
1785,114,5
1786,114,6
1787,114,18
1788,114,19
1789,114,20
1790,114,21
1791,114,22
1792,114,23
1793,115,0
1794,115,1
1795,115,2
1796,115,3
1797,115,4
1798,115,5
1799,115,6
1800,115,18
1801,115,19
1802,115,20
1803,115,21
1804,115,22
1805,115,23
1806,116,0
1807,116,1
1808,116,2
1809,116,3
1810,116,4
1811,116,5
1812,116,6
1813,116,19
1814,116,20
1815,116,21
1816,116,22
1817,116,23
1818,117,0
1819,117,1
1820,117,2
1821,117,3
1822,117,4
1823,117,5
1824,117,6
1825,117,19
1826,117,20
1827,117,21
1828,117,22
1829,117,23
1830,118,0
1831,118,1
1832,118,2
1833,118,3
1834,118,4
1835,118,5
1836,118,19
1837,118,20
1838,118,21
1839,118,22
1840,118,23
1841,119,0
1842,119,1
1843,119,2
1844,119,3
1845,119,4
1846,119,5
1847,119,19
1848,119,20
1849,119,21
1850,119,22
1851,119,23
1852,120,0
1853,120,1
1854,120,2
1855,120,3
1856,120,4
1857,120,5
1858,120,19
1859,120,20
1860,120,21
1861,120,22
1862,120,23
1863,121,0
1864,121,1
1865,121,2
1866,121,3
1867,121,4
1868,121,5
1869,121,19
1870,121,20
1871,121,21
1872,121,22
1873,121,23
1874,122,0
1875,122,1
1876,122,2
1877,122,3
1878,122,4
1879,122,5
1880,122,19
1881,122,20
1882,122,21
1883,122,22
1884,122,23
1885,123,0
1886,123,1
1887,123,2
1888,123,3
1889,123,4
1890,123,5
1891,123,19
1892,123,20
1893,123,21
1894,123,22
1895,123,23
1896,124,0
1897,124,1
1898,124,2
1899,124,3
1900,124,4
1901,124,5
1902,124,19
1903,124,20
1904,124,21
1905,124,22
1906,124,23
1907,125,0
1908,125,1
1909,125,2
1910,125,3
1911,125,4
1912,125,5
1913,125,19
1914,125,20
1915,125,21
1916,125,22
1917,125,23
1918,126,0
1919,126,1
1920,126,2
1921,126,3
1922,126,4
1923,126,5
1924,126,19
1925,126,20
1926,126,21
1927,126,22
1928,126,23
1929,127,0
1930,127,1
1931,127,2
1932,127,3
1933,127,4
1934,127,5
1935,127,19
1936,127,20
1937,127,21
1938,127,22
1939,127,23
1940,128,0
1941,128,1
1942,128,2
1943,128,3
1944,128,4
1945,128,5
1946,128,19
1947,128,20
1948,128,21
1949,128,22
1950,128,23
1951,129,0
1952,129,1
1953,129,2
1954,129,3
1955,129,4
1956,129,5
1957,129,19
1958,129,20
1959,129,21
1960,129,22
1961,129,23
1962,130,0
1963,130,1
1964,130,2
1965,130,3
1966,130,4
1967,130,5
1968,130,19
1969,130,20
1970,130,21
1971,130,22
1972,130,23
1973,131,0
1974,131,1
1975,131,2
1976,131,3
1977,131,4
1978,131,5
1979,131,19
1980,131,20
1981,131,21
1982,131,22
1983,131,23
1984,132,0
1985,132,1
1986,132,2
1987,132,3
1988,132,4
1989,132,5
1990,132,19
1991,132,20
1992,132,21
1993,132,22
1994,132,23
1995,133,0
1996,133,1
1997,133,2
1998,133,3
1999,133,4
2000,133,5
2001,133,19
2002,133,20
2003,133,21
2004,133,22
2005,133,23
2006,134,0
2007,134,1
2008,134,2
2009,134,3
2010,134,4
2011,134,5
2012,134,19
2013,134,20
2014,134,21
2015,134,22
2016,134,23
2017,135,0
2018,135,1
2019,135,2
2020,135,3
2021,135,4
2022,135,5
2023,135,19
2024,135,20
2025,135,21
2026,135,22
2027,135,23
2028,136,0
2029,136,1
2030,136,2
2031,136,3
2032,136,4
2033,136,5
2034,136,19
2035,136,20
2036,136,21
2037,136,22
2038,136,23
2039,137,0
2040,137,1
2041,137,2
2042,137,3
2043,137,4
2044,137,5
2045,137,19
2046,137,20
2047,137,21
2048,137,22
2049,137,23
2050,138,0
2051,138,1
2052,138,2
2053,138,3
2054,138,4
2055,138,5
2056,138,19
2057,138,20
2058,138,21
2059,138,22
2060,138,23
2061,139,0
2062,139,1
2063,139,2
2064,139,3
2065,139,4
2066,139,5
2067,139,19
2068,139,20
2069,139,21
2070,139,22
2071,139,23
2072,140,0
2073,140,1
2074,140,2
2075,140,3
2076,140,4
2077,140,5
2078,140,19
2079,140,20
2080,140,21
2081,140,22
2082,140,23
2083,141,0
2084,141,1
2085,141,2
2086,141,3
2087,141,4
2088,141,5
2089,141,19
2090,141,20
2091,141,21
2092,141,22
2093,141,23
2094,142,0
2095,142,1
2096,142,2
2097,142,3
2098,142,4
2099,142,5
2100,142,19
2101,142,20
2102,142,21
2103,142,22
2104,142,23
2105,143,0
2106,143,1
2107,143,2
2108,143,3
2109,143,4
2110,143,5
2111,143,19
2112,143,20
2113,143,21
2114,143,22
2115,143,23
2116,144,0
2117,144,1
2118,144,2
2119,144,3
2120,144,4
2121,144,5
2122,144,19
2123,144,20
2124,144,21
2125,144,22
2126,144,23
2127,145,0
2128,145,1
2129,145,2
2130,145,3
2131,145,4
2132,145,5
2133,145,19
2134,145,20
2135,145,21
2136,145,22
2137,145,23
2138,146,0
2139,146,1
2140,146,2
2141,146,3
2142,146,4
2143,146,5
2144,146,19
2145,146,20
2146,146,21
2147,146,22
2148,146,23
2149,147,0
2150,147,1
2151,147,2
2152,147,3
2153,147,4
2154,147,5
2155,147,19
2156,147,20
2157,147,21
2158,147,22
2159,147,23
2160,148,0
2161,148,1
2162,148,2
2163,148,3
2164,148,4
2165,148,5
2166,148,19
2167,148,20
2168,148,21
2169,148,22
2170,148,23
2171,149,0
2172,149,1
2173,149,2
2174,149,3
2175,149,4
2176,149,5
2177,149,19
2178,149,20
2179,149,21
2180,149,22
2181,149,23
2182,150,0
2183,150,1
2184,150,2
2185,150,3
2186,150,4
2187,150,5
2188,150,19
2189,150,20
2190,150,21
2191,150,22
2192,150,23
2193,151,0
2194,151,1
2195,151,2
2196,151,3
2197,151,4
2198,151,5
2199,151,19
2200,151,20
2201,151,21
2202,151,22
2203,151,23
2204,152,0
2205,152,1
2206,152,2
2207,152,3
2208,152,4
2209,152,5
2210,152,19
2211,152,20
2212,152,21
2213,152,22
2214,152,23
2215,153,0
2216,153,1
2217,153,2
2218,153,3
2219,153,4
2220,153,5
2221,153,19
2222,153,20
2223,153,21
2224,153,22
2225,153,23
2226,154,0
2227,154,1
2228,154,2
2229,154,3
2230,154,4
2231,154,5
2232,154,19
2233,154,20
2234,154,21
2235,154,22
2236,154,23
2237,155,0
2238,155,1
2239,155,2
2240,155,3
2241,155,4
2242,155,5
2243,155,19
2244,155,20
2245,155,21
2246,155,22
2247,155,23
2248,156,0
2249,156,1
2250,156,2
2251,156,3
2252,156,4
2253,156,5
2254,156,19
2255,156,20
2256,156,21
2257,156,22
2258,156,23
2259,157,0
2260,157,1
2261,157,2
2262,157,3
2263,157,4
2264,157,5
2265,157,19
2266,157,20
2267,157,21
2268,157,22
2269,157,23
2270,158,0
2271,158,1
2272,158,2
2273,158,3
2274,158,4
2275,158,5
2276,158,19
2277,158,20
2278,158,21
2279,158,22
2280,158,23
2281,159,0
2282,159,1
2283,159,2
2284,159,3
2285,159,4
2286,159,5
2287,159,19
2288,159,20
2289,159,21
2290,159,22
2291,159,23
2292,160,0
2293,160,1
2294,160,2
2295,160,3
2296,160,4
2297,160,5
2298,160,19
2299,160,20
2300,160,21
2301,160,22
2302,160,23
2303,161,0
2304,161,1
2305,161,2
2306,161,3
2307,161,4
2308,161,5
2309,161,19
2310,161,20
2311,161,21
2312,161,22
2313,161,23
2314,162,0
2315,162,1
2316,162,2
2317,162,3
2318,162,4
2319,162,5
2320,162,19
2321,162,20
2322,162,21
2323,162,22
2324,162,23
2325,163,0
2326,163,1
2327,163,2
2328,163,3
2329,163,4
2330,163,5
2331,163,19
2332,163,20
2333,163,21
2334,163,22
2335,163,23
2336,164,0
2337,164,1
2338,164,2
2339,164,3
2340,164,4
2341,164,5
2342,164,19
2343,164,20
2344,164,21
2345,164,22
2346,164,23
2347,165,0
2348,165,1
2349,165,2
2350,165,3
2351,165,4
2352,165,5
2353,165,19
2354,165,20
2355,165,21
2356,165,22
2357,165,23
2358,166,0
2359,166,1
2360,166,2
2361,166,3
2362,166,4
2363,166,5
2364,166,19
2365,166,20
2366,166,21
2367,166,22
2368,166,23
2369,167,0
2370,167,1
2371,167,2
2372,167,3
2373,167,4
2374,167,5
2375,167,19
2376,167,20
2377,167,21
2378,167,22
2379,167,23
2380,168,0
2381,168,1
2382,168,2
2383,168,3
2384,168,4
2385,168,5
2386,168,19
2387,168,20
2388,168,21
2389,168,22
2390,168,23
2391,169,0
2392,169,1
2393,169,2
2394,169,3
2395,169,4
2396,169,5
2397,169,19
2398,169,20
2399,169,21
2400,169,22
2401,169,23
2402,170,0
2403,170,1
2404,170,2
2405,170,3
2406,170,4
2407,170,5
2408,170,19
2409,170,20
2410,170,21
2411,170,22
2412,170,23
2413,171,0
2414,171,1
2415,171,2
2416,171,3
2417,171,4
2418,171,5
2419,171,19
2420,171,20
2421,171,21
2422,171,22
2423,171,23
2424,172,0
2425,172,1
2426,172,2
2427,172,3
2428,172,4
2429,172,5
2430,172,19
2431,172,20
2432,172,21
2433,172,22
2434,172,23
2435,173,0
2436,173,1
2437,173,2
2438,173,3
2439,173,4
2440,173,5
2441,173,19
2442,173,20
2443,173,21
2444,173,22
2445,173,23
2446,174,0
2447,174,1
2448,174,2
2449,174,3
2450,174,4
2451,174,5
2452,174,19
2453,174,20
2454,174,21
2455,174,22
2456,174,23
2457,175,0
2458,175,1
2459,175,2
2460,175,3
2461,175,4
2462,175,5
2463,175,19
2464,175,20
2465,175,21
2466,175,22
2467,175,23
2468,176,0
2469,176,1
2470,176,2
2471,176,3
2472,176,4
2473,176,5
2474,176,19
2475,176,20
2476,176,21
2477,176,22
2478,176,23
2479,177,0
2480,177,1
2481,177,2
2482,177,3
2483,177,4
2484,177,5
2485,177,19
2486,177,20
2487,177,21
2488,177,22
2489,177,23
2490,178,0
2491,178,1
2492,178,2
2493,178,3
2494,178,4
2495,178,5
2496,178,19
2497,178,20
2498,178,21
2499,178,22
2500,178,23
2501,179,0
2502,179,1
2503,179,2
2504,179,3
2505,179,4
2506,179,5
2507,179,19
2508,179,20
2509,179,21
2510,179,22
2511,179,23
2512,180,0
2513,180,1
2514,180,2
2515,180,3
2516,180,4
2517,180,5
2518,180,19
2519,180,20
2520,180,21
2521,180,22
2522,180,23
2523,181,0
2524,181,1
2525,181,2
2526,181,3
2527,181,4
2528,181,5
2529,181,19
2530,181,20
2531,181,21
2532,181,22
2533,181,23
2534,182,0
2535,182,1
2536,182,2
2537,182,3
2538,182,4
2539,182,5
2540,182,19
2541,182,20
2542,182,21
2543,182,22
2544,182,23
2545,183,0
2546,183,1
2547,183,2
2548,183,3
2549,183,4
2550,183,5
2551,183,19
2552,183,20
2553,183,21
2554,183,22
2555,183,23
2556,184,0
2557,184,1
2558,184,2
2559,184,3
2560,184,4
2561,184,5
2562,184,19
2563,184,20
2564,184,21
2565,184,22
2566,184,23
2567,185,0
2568,185,1
2569,185,2
2570,185,3
2571,185,4
2572,185,5
2573,185,19
2574,185,20
2575,185,21
2576,185,22
2577,185,23
2578,186,0
2579,186,1
2580,186,2
2581,186,3
2582,186,4
2583,186,5
2584,186,19
2585,186,20
2586,186,21
2587,186,22
2588,186,23
2589,187,0
2590,187,1
2591,187,2
2592,187,3
2593,187,4
2594,187,5
2595,187,19
2596,187,20
2597,187,21
2598,187,22
2599,187,23
2600,188,0
2601,188,1
2602,188,2
2603,188,3
2604,188,4
2605,188,5
2606,188,19
2607,188,20
2608,188,21
2609,188,22
2610,188,23
2611,189,0
2612,189,1
2613,189,2
2614,189,3
2615,189,4
2616,189,5
2617,189,19
2618,189,20
2619,189,21
2620,189,22
2621,189,23
2622,190,0
2623,190,1
2624,190,2
2625,190,3
2626,190,4
2627,190,5
2628,190,19
2629,190,20
2630,190,21
2631,190,22
2632,190,23
2633,191,0
2634,191,1
2635,191,2
2636,191,3
2637,191,4
2638,191,5
2639,191,19
2640,191,20
2641,191,21
2642,191,22
2643,191,23
2644,192,0
2645,192,1
2646,192,2
2647,192,3
2648,192,4
2649,192,5
2650,192,19
2651,192,20
2652,192,21
2653,192,22
2654,192,23
2655,193,0
2656,193,1
2657,193,2
2658,193,3
2659,193,4
2660,193,5
2661,193,19
2662,193,20
2663,193,21
2664,193,22
2665,193,23
2666,194,0
2667,194,1
2668,194,2
2669,194,3
2670,194,4
2671,194,5
2672,194,19
2673,194,20
2674,194,21
2675,194,22
2676,194,23
2677,195,0
2678,195,1
2679,195,2
2680,195,3
2681,195,4
2682,195,5
2683,195,19
2684,195,20
2685,195,21
2686,195,22
2687,195,23
2688,196,0
2689,196,1
2690,196,2
2691,196,3
2692,196,4
2693,196,5
2694,196,19
2695,196,20
2696,196,21
2697,196,22
2698,196,23
2699,197,0
2700,197,1
2701,197,2
2702,197,3
2703,197,4
2704,197,5
2705,197,19
2706,197,20
2707,197,21
2708,197,22
2709,197,23
2710,198,0
2711,198,1
2712,198,2
2713,198,3
2714,198,4
2715,198,5
2716,198,19
2717,198,20
2718,198,21
2719,198,22
2720,198,23
2721,199,0
2722,199,1
2723,199,2
2724,199,3
2725,199,4
2726,199,5
2727,199,19
2728,199,20
2729,199,21
2730,199,22
2731,199,23
2732,200,0
2733,200,1
2734,200,2
2735,200,3
2736,200,4
2737,200,5
2738,200,19
2739,200,20
2740,200,21
2741,200,22
2742,200,23
2743,201,0
2744,201,1
2745,201,2
2746,201,3
2747,201,4
2748,201,5
2749,201,19
2750,201,20
2751,201,21
2752,201,22
2753,201,23
2754,202,0
2755,202,1
2756,202,2
2757,202,3
2758,202,4
2759,202,5
2760,202,19
2761,202,20
2762,202,21
2763,202,22
2764,202,23
2765,203,0
2766,203,1
2767,203,2
2768,203,3
2769,203,4
2770,203,5
2771,203,19
2772,203,20
2773,203,21
2774,203,22
2775,203,23
2776,204,0
2777,204,1
2778,204,2
2779,204,3
2780,204,4
2781,204,5
2782,204,19
2783,204,20
2784,204,21
2785,204,22
2786,204,23
2787,205,0
2788,205,1
2789,205,2
2790,205,3
2791,205,4
2792,205,5
2793,205,19
2794,205,20
2795,205,21
2796,205,22
2797,205,23
2798,206,0
2799,206,1
2800,206,2
2801,206,3
2802,206,4
2803,206,5
2804,206,19
2805,206,20
2806,206,21
2807,206,22
2808,206,23
2809,207,0
2810,207,1
2811,207,2
2812,207,3
2813,207,4
2814,207,5
2815,207,19
2816,207,20
2817,207,21
2818,207,22
2819,207,23
2820,208,0
2821,208,1
2822,208,2
2823,208,3
2824,208,4
2825,208,5
2826,208,19
2827,208,20
2828,208,21
2829,208,22
2830,208,23
2831,209,0
2832,209,1
2833,209,2
2834,209,3
2835,209,4
2836,209,5
2837,209,19
2838,209,20
2839,209,21
2840,209,22
2841,209,23
2842,210,0
2843,210,1
2844,210,2
2845,210,3
2846,210,4
2847,210,5
2848,210,19
2849,210,20
2850,210,21
2851,210,22
2852,210,23
2853,211,0
2854,211,1
2855,211,2
2856,211,3
2857,211,4
2858,211,5
2859,211,19
2860,211,20
2861,211,21
2862,211,22
2863,211,23
2864,212,0
2865,212,1
2866,212,2
2867,212,3
2868,212,4
2869,212,5
2870,212,19
2871,212,20
2872,212,21
2873,212,22
2874,212,23
2875,213,0
2876,213,1
2877,213,2
2878,213,3
2879,213,4
2880,213,5
2881,213,19
2882,213,20
2883,213,21
2884,213,22
2885,213,23
2886,214,0
2887,214,1
2888,214,2
2889,214,3
2890,214,4
2891,214,5
2892,214,19
2893,214,20
2894,214,21
2895,214,22
2896,214,23
2897,215,0
2898,215,1
2899,215,2
2900,215,3
2901,215,4
2902,215,5
2903,215,19
2904,215,20
2905,215,21
2906,215,22
2907,215,23
2908,216,0
2909,216,1
2910,216,2
2911,216,3
2912,216,4
2913,216,5
2914,216,19
2915,216,20
2916,216,21
2917,216,22
2918,216,23
2919,217,0
2920,217,1
2921,217,2
2922,217,3
2923,217,4
2924,217,5
2925,217,19
2926,217,20
2927,217,21
2928,217,22
2929,217,23
2930,218,0
2931,218,1
2932,218,2
2933,218,3
2934,218,4
2935,218,5
2936,218,19
2937,218,20
2938,218,21
2939,218,22
2940,218,23
2941,219,0
2942,219,1
2943,219,2
2944,219,3
2945,219,4
2946,219,5
2947,219,19
2948,219,20
2949,219,21
2950,219,22
2951,219,23
2952,220,0
2953,220,1
2954,220,2
2955,220,3
2956,220,4
2957,220,5
2958,220,19
2959,220,20
2960,220,21
2961,220,22
2962,220,23
2963,221,0
2964,221,1
2965,221,2
2966,221,3
2967,221,4
2968,221,5
2969,221,19
2970,221,20
2971,221,21
2972,221,22
2973,221,23
2974,222,0
2975,222,1
2976,222,2
2977,222,3
2978,222,4
2979,222,5
2980,222,19
2981,222,20
2982,222,21
2983,222,22
2984,222,23
2985,223,0
2986,223,1
2987,223,2
2988,223,3
2989,223,4
2990,223,5
2991,223,19
2992,223,20
2993,223,21
2994,223,22
2995,223,23
2996,224,0
2997,224,1
2998,224,2
2999,224,3
3000,224,4
3001,224,5
3002,224,19
3003,224,20
3004,224,21
3005,224,22
3006,224,23
3007,225,0
3008,225,1
3009,225,2
3010,225,3
3011,225,4
3012,225,5
3013,225,19
3014,225,20
3015,225,21
3016,225,22
3017,225,23
3018,226,0
3019,226,1
3020,226,2
3021,226,3
3022,226,4
3023,226,5
3024,226,19
3025,226,20
3026,226,21
3027,226,22
3028,226,23
3029,227,0
3030,227,1
3031,227,2
3032,227,3
3033,227,4
3034,227,5
3035,227,19
3036,227,20
3037,227,21
3038,227,22
3039,227,23
3040,228,0
3041,228,1
3042,228,2
3043,228,3
3044,228,4
3045,228,5
3046,228,19
3047,228,20
3048,228,21
3049,228,22
3050,228,23
3051,229,0
3052,229,1
3053,229,2
3054,229,3
3055,229,4
3056,229,5
3057,229,19
3058,229,20
3059,229,21
3060,229,22
3061,229,23
3062,230,0
3063,230,1
3064,230,2
3065,230,3
3066,230,4
3067,230,5
3068,230,6
3069,230,19
3070,230,20
3071,230,21
3072,230,22
3073,230,23
3074,231,0
3075,231,1
3076,231,2
3077,231,3
3078,231,4
3079,231,5
3080,231,6
3081,231,18
3082,231,19
3083,231,20
3084,231,21
3085,231,22
3086,231,23
3087,232,0
3088,232,1
3089,232,2
3090,232,3
3091,232,4
3092,232,5
3093,232,6
3094,232,19
3095,232,20
3096,232,21
3097,232,22
3098,232,23
3099,233,0
3100,233,1
3101,233,2
3102,233,3
3103,233,4
3104,233,5
3105,233,6
3106,233,19
3107,233,20
3108,233,21
3109,233,22
3110,233,23
3111,234,0
3112,234,1
3113,234,2
3114,234,3
3115,234,4
3116,234,5
3117,234,6
3118,234,18
3119,234,19
3120,234,20
3121,234,21
3122,234,22
3123,234,23
3124,235,0
3125,235,1
3126,235,2
3127,235,3
3128,235,4
3129,235,5
3130,235,6
3131,235,18
3132,235,19
3133,235,20
3134,235,21
3135,235,22
3136,235,23
3137,236,0
3138,236,1
3139,236,2
3140,236,3
3141,236,4
3142,236,5
3143,236,6
3144,236,18
3145,236,19
3146,236,20
3147,236,21
3148,236,22
3149,236,23
3150,237,0
3151,237,1
3152,237,2
3153,237,3
3154,237,4
3155,237,5
3156,237,6
3157,237,18
3158,237,19
3159,237,20
3160,237,21
3161,237,22
3162,237,23
3163,238,0
3164,238,1
3165,238,2
3166,238,3
3167,238,4
3168,238,5
3169,238,6
3170,238,18
3171,238,19
3172,238,20
3173,238,21
3174,238,22
3175,238,23
3176,239,0
3177,239,1
3178,239,2
3179,239,3
3180,239,4
3181,239,5
3182,239,6
3183,239,18
3184,239,19
3185,239,20
3186,239,21
3187,239,22
3188,239,23
3189,240,0
3190,240,1
3191,240,2
3192,240,3
3193,240,4
3194,240,5
3195,240,6
3196,240,18
3197,240,19
3198,240,20
3199,240,21
3200,240,22
3201,240,23
3202,241,0
3203,241,1
3204,241,2
3205,241,3
3206,241,4
3207,241,5
3208,241,6
3209,241,18
3210,241,19
3211,241,20
3212,241,21
3213,241,22
3214,241,23
3215,242,0
3216,242,1
3217,242,2
3218,242,3
3219,242,4
3220,242,5
3221,242,6
3222,242,18
3223,242,19
3224,242,20
3225,242,21
3226,242,22
3227,242,23
3228,243,0
3229,243,1
3230,243,2
3231,243,3
3232,243,4
3233,243,5
3234,243,6
3235,243,18
3236,243,19
3237,243,20
3238,243,21
3239,243,22
3240,243,23
3241,244,0
3242,244,1
3243,244,2
3244,244,3
3245,244,4
3246,244,5
3247,244,6
3248,244,18
3249,244,19
3250,244,20
3251,244,21
3252,244,22
3253,244,23
3254,245,0
3255,245,1
3256,245,2
3257,245,3
3258,245,4
3259,245,5
3260,245,6
3261,245,18
3262,245,19
3263,245,20
3264,245,21
3265,245,22
3266,245,23
3267,246,0
3268,246,1
3269,246,2
3270,246,3
3271,246,4
3272,246,5
3273,246,6
3274,246,18
3275,246,19
3276,246,20
3277,246,21
3278,246,22
3279,246,23
3280,247,0
3281,247,1
3282,247,2
3283,247,3
3284,247,4
3285,247,5
3286,247,6
3287,247,18
3288,247,19
3289,247,20
3290,247,21
3291,247,22
3292,247,23
3293,248,0
3294,248,1
3295,248,2
3296,248,3
3297,248,4
3298,248,5
3299,248,6
3300,248,18
3301,248,19
3302,248,20
3303,248,21
3304,248,22
3305,248,23
3306,249,0
3307,249,1
3308,249,2
3309,249,3
3310,249,4
3311,249,5
3312,249,6
3313,249,18
3314,249,19
3315,249,20
3316,249,21
3317,249,22
3318,249,23
3319,250,0
3320,250,1
3321,250,2
3322,250,3
3323,250,4
3324,250,5
3325,250,6
3326,250,18
3327,250,19
3328,250,20
3329,250,21
3330,250,22
3331,250,23
3332,251,0
3333,251,1
3334,251,2
3335,251,3
3336,251,4
3337,251,5
3338,251,6
3339,251,18
3340,251,19
3341,251,20
3342,251,21
3343,251,22
3344,251,23
3345,252,0
3346,252,1
3347,252,2
3348,252,3
3349,252,4
3350,252,5
3351,252,6
3352,252,18
3353,252,19
3354,252,20
3355,252,21
3356,252,22
3357,252,23
3358,253,0
3359,253,1
3360,253,2
3361,253,3
3362,253,4
3363,253,5
3364,253,6
3365,253,18
3366,253,19
3367,253,20
3368,253,21
3369,253,22
3370,253,23
3371,254,0
3372,254,1
3373,254,2
3374,254,3
3375,254,4
3376,254,5
3377,254,6
3378,254,18
3379,254,19
3380,254,20
3381,254,21
3382,254,22
3383,254,23
3384,255,0
3385,255,1
3386,255,2
3387,255,3
3388,255,4
3389,255,5
3390,255,6
3391,255,18
3392,255,19
3393,255,20
3394,255,21
3395,255,22
3396,255,23
3397,256,0
3398,256,1
3399,256,2
3400,256,3
3401,256,4
3402,256,5
3403,256,6
3404,256,18
3405,256,19
3406,256,20
3407,256,21
3408,256,22
3409,256,23
3410,257,0
3411,257,1
3412,257,2
3413,257,3
3414,257,4
3415,257,5
3416,257,6
3417,257,18
3418,257,19
3419,257,20
3420,257,21
3421,257,22
3422,257,23
3423,258,0
3424,258,1
3425,258,2
3426,258,3
3427,258,4
3428,258,5
3429,258,6
3430,258,18
3431,258,19
3432,258,20
3433,258,21
3434,258,22
3435,258,23
3436,259,0
3437,259,1
3438,259,2
3439,259,3
3440,259,4
3441,259,5
3442,259,6
3443,259,18
3444,259,19
3445,259,20
3446,259,21
3447,259,22
3448,259,23
3449,260,0
3450,260,1
3451,260,2
3452,260,3
3453,260,4
3454,260,5
3455,260,6
3456,260,18
3457,260,19
3458,260,20
3459,260,21
3460,260,22
3461,260,23
3462,261,0
3463,261,1
3464,261,2
3465,261,3
3466,261,4
3467,261,5
3468,261,6
3469,261,18
3470,261,19
3471,261,20
3472,261,21
3473,261,22
3474,261,23
3475,262,0
3476,262,1
3477,262,2
3478,262,3
3479,262,4
3480,262,5
3481,262,6
3482,262,18
3483,262,19
3484,262,20
3485,262,21
3486,262,22
3487,262,23
3488,263,0
3489,263,1
3490,263,2
3491,263,3
3492,263,4
3493,263,5
3494,263,6
3495,263,18
3496,263,19
3497,263,20
3498,263,21
3499,263,22
3500,263,23
3501,264,0
3502,264,1
3503,264,2
3504,264,3
3505,264,4
3506,264,5
3507,264,6
3508,264,7
3509,264,18
3510,264,19
3511,264,20
3512,264,21
3513,264,22
3514,264,23
3515,265,0
3516,265,1
3517,265,2
3518,265,3
3519,265,4
3520,265,5
3521,265,6
3522,265,18
3523,265,19
3524,265,20
3525,265,21
3526,265,22
3527,265,23
3528,266,0
3529,266,1
3530,266,2
3531,266,3
3532,266,4
3533,266,5
3534,266,6
3535,266,18
3536,266,19
3537,266,20
3538,266,21
3539,266,22
3540,266,23
3541,267,0
3542,267,1
3543,267,2
3544,267,3
3545,267,4
3546,267,5
3547,267,6
3548,267,7
3549,267,18
3550,267,19
3551,267,20
3552,267,21
3553,267,22
3554,267,23
3555,268,0
3556,268,1
3557,268,2
3558,268,3
3559,268,4
3560,268,5
3561,268,6
3562,268,7
3563,268,17
3564,268,18
3565,268,19
3566,268,20
3567,268,21
3568,268,22
3569,268,23
3570,269,0
3571,269,1
3572,269,2
3573,269,3
3574,269,4
3575,269,5
3576,269,6
3577,269,7
3578,269,17
3579,269,18
3580,269,19
3581,269,20
3582,269,21
3583,269,22
3584,269,23
3585,270,0
3586,270,1
3587,270,2
3588,270,3
3589,270,4
3590,270,5
3591,270,6
3592,270,7
3593,270,17
3594,270,18
3595,270,19
3596,270,20
3597,270,21
3598,270,22
3599,270,23
3600,271,0
3601,271,1
3602,271,2
3603,271,3
3604,271,4
3605,271,5
3606,271,6
3607,271,7
3608,271,17
3609,271,18
3610,271,19
3611,271,20
3612,271,21
3613,271,22
3614,271,23
3615,272,0
3616,272,1
3617,272,2
3618,272,3
3619,272,4
3620,272,5
3621,272,6
3622,272,7
3623,272,17
3624,272,18
3625,272,19
3626,272,20
3627,272,21
3628,272,22
3629,272,23
3630,273,0
3631,273,1
3632,273,2
3633,273,3
3634,273,4
3635,273,5
3636,273,6
3637,273,7
3638,273,17
3639,273,18
3640,273,19
3641,273,20
3642,273,21
3643,273,22
3644,273,23
3645,274,0
3646,274,1
3647,274,2
3648,274,3
3649,274,4
3650,274,5
3651,274,6
3652,274,7
3653,274,17
3654,274,18
3655,274,19
3656,274,20
3657,274,21
3658,274,22
3659,274,23
3660,275,0
3661,275,1
3662,275,2
3663,275,3
3664,275,4
3665,275,5
3666,275,6
3667,275,7
3668,275,17
3669,275,18
3670,275,19
3671,275,20
3672,275,21
3673,275,22
3674,275,23
3675,276,0
3676,276,1
3677,276,2
3678,276,3
3679,276,4
3680,276,5
3681,276,6
3682,276,7
3683,276,17
3684,276,18
3685,276,19
3686,276,20
3687,276,21
3688,276,22
3689,276,23
3690,277,0
3691,277,1
3692,277,2
3693,277,3
3694,277,4
3695,277,5
3696,277,6
3697,277,7
3698,277,17
3699,277,18
3700,277,19
3701,277,20
3702,277,21
3703,277,22
3704,277,23
3705,278,0
3706,278,1
3707,278,2
3708,278,3
3709,278,4
3710,278,5
3711,278,6
3712,278,7
3713,278,17
3714,278,18
3715,278,19
3716,278,20
3717,278,21
3718,278,22
3719,278,23
3720,279,0
3721,279,1
3722,279,2
3723,279,3
3724,279,4
3725,279,5
3726,279,6
3727,279,7
3728,279,17
3729,279,18
3730,279,19
3731,279,20
3732,279,21
3733,279,22
3734,279,23
3735,280,0
3736,280,1
3737,280,2
3738,280,3
3739,280,4
3740,280,5
3741,280,6
3742,280,7
3743,280,17
3744,280,18
3745,280,19
3746,280,20
3747,280,21
3748,280,22
3749,280,23
3750,281,0
3751,281,1
3752,281,2
3753,281,3
3754,281,4
3755,281,5
3756,281,6
3757,281,7
3758,281,17
3759,281,18
3760,281,19
3761,281,20
3762,281,21
3763,281,22
3764,281,23
3765,282,0
3766,282,1
3767,282,2
3768,282,3
3769,282,4
3770,282,5
3771,282,6
3772,282,7
3773,282,17
3774,282,18
3775,282,19
3776,282,20
3777,282,21
3778,282,22
3779,282,23
3780,283,0
3781,283,1
3782,283,2
3783,283,3
3784,283,4
3785,283,5
3786,283,6
3787,283,7
3788,283,17
3789,283,18
3790,283,19
3791,283,20
3792,283,21
3793,283,22
3794,283,23
3795,284,0
3796,284,1
3797,284,2
3798,284,3
3799,284,4
3800,284,5
3801,284,6
3802,284,7
3803,284,17
3804,284,18
3805,284,19
3806,284,20
3807,284,21
3808,284,22
3809,284,23
3810,285,0
3811,285,1
3812,285,2
3813,285,3
3814,285,4
3815,285,5
3816,285,6
3817,285,7
3818,285,17
3819,285,18
3820,285,19
3821,285,20
3822,285,21
3823,285,22
3824,285,23
3825,286,0
3826,286,1
3827,286,2
3828,286,3
3829,286,4
3830,286,5
3831,286,6
3832,286,7
3833,286,17
3834,286,18
3835,286,19
3836,286,20
3837,286,21
3838,286,22
3839,286,23
3840,287,0
3841,287,1
3842,287,2
3843,287,3
3844,287,4
3845,287,5
3846,287,6
3847,287,7
3848,287,17
3849,287,18
3850,287,19
3851,287,20
3852,287,21
3853,287,22
3854,287,23
3855,288,0
3856,288,1
3857,288,2
3858,288,3
3859,288,4
3860,288,5
3861,288,6
3862,288,7
3863,288,17
3864,288,18
3865,288,19
3866,288,20
3867,288,21
3868,288,22
3869,288,23
3870,289,0
3871,289,1
3872,289,2
3873,289,3
3874,289,4
3875,289,5
3876,289,6
3877,289,7
3878,289,17
3879,289,18
3880,289,19
3881,289,20
3882,289,21
3883,289,22
3884,289,23
3885,290,0
3886,290,1
3887,290,2
3888,290,3
3889,290,4
3890,290,5
3891,290,6
3892,290,7
3893,290,17
3894,290,18
3895,290,19
3896,290,20
3897,290,21
3898,290,22
3899,290,23
3900,291,0
3901,291,1
3902,291,2
3903,291,3
3904,291,4
3905,291,5
3906,291,6
3907,291,7
3908,291,17
3909,291,18
3910,291,19
3911,291,20
3912,291,21
3913,291,22
3914,291,23
3915,292,0
3916,292,1
3917,292,2
3918,292,3
3919,292,4
3920,292,5
3921,292,6
3922,292,7
3923,292,17
3924,292,18
3925,292,19
3926,292,20
3927,292,21
3928,292,22
3929,292,23
3930,293,0
3931,293,1
3932,293,2
3933,293,3
3934,293,4
3935,293,5
3936,293,6
3937,293,7
3938,293,8
3939,293,17
3940,293,18
3941,293,19
3942,293,20
3943,293,21
3944,293,22
3945,293,23
3946,294,0
3947,294,1
3948,294,2
3949,294,3
3950,294,4
3951,294,5
3952,294,6
3953,294,7
3954,294,8
3955,294,17
3956,294,18
3957,294,19
3958,294,20
3959,294,21
3960,294,22
3961,294,23
3962,295,0
3963,295,1
3964,295,2
3965,295,3
3966,295,4
3967,295,5
3968,295,6
3969,295,7
3970,295,8
3971,295,17
3972,295,18
3973,295,19
3974,295,20
3975,295,21
3976,295,22
3977,295,23
3978,296,0
3979,296,1
3980,296,2
3981,296,3
3982,296,4
3983,296,5
3984,296,6
3985,296,7
3986,296,8
3987,296,17
3988,296,18
3989,296,19
3990,296,20
3991,296,21
3992,296,22
3993,296,23
3994,297,0
3995,297,1
3996,297,2
3997,297,3
3998,297,4
3999,297,5
4000,297,6
4001,297,7
4002,297,8
4003,297,16
4004,297,17
4005,297,18
4006,297,19
4007,297,20
4008,297,21
4009,297,22
4010,297,23
4011,298,0
4012,298,1
4013,298,2
4014,298,3
4015,298,4
4016,298,5
4017,298,6
4018,298,7
4019,298,8
4020,298,16
4021,298,17
4022,298,18
4023,298,19
4024,298,20
4025,298,21
4026,298,22
4027,298,23
4028,299,0
4029,299,1
4030,299,2
4031,299,3
4032,299,4
4033,299,5
4034,299,6
4035,299,7
4036,299,8
4037,299,16
4038,299,17
4039,299,18
4040,299,19
4041,299,20
4042,299,21
4043,299,22
4044,299,23
4045,300,0
4046,300,1
4047,300,2
4048,300,3
4049,300,4
4050,300,5
4051,300,6
4052,300,7
4053,300,8
4054,300,16
4055,300,17
4056,300,18
4057,300,19
4058,300,20
4059,300,21
4060,300,22
4061,300,23
4062,301,0
4063,301,1
4064,301,2
4065,301,3
4066,301,4
4067,301,5
4068,301,6
4069,301,7
4070,301,8
4071,301,16
4072,301,17
4073,301,18
4074,301,19
4075,301,20
4076,301,21
4077,301,22
4078,301,23
4079,302,0
4080,302,1
4081,302,2
4082,302,3
4083,302,4
4084,302,5
4085,302,6
4086,302,7
4087,302,8
4088,302,16
4089,302,17
4090,302,18
4091,302,19
4092,302,20
4093,302,21
4094,302,22
4095,302,23
4096,303,0
4097,303,1
4098,303,2
4099,303,3
4100,303,4
4101,303,5
4102,303,6
4103,303,7
4104,303,8
4105,303,16
4106,303,17
4107,303,18
4108,303,19
4109,303,20
4110,303,21
4111,303,22
4112,303,23
4113,304,0
4114,304,1
4115,304,2
4116,304,3
4117,304,4
4118,304,5
4119,304,6
4120,304,7
4121,304,8
4122,304,16
4123,304,17
4124,304,18
4125,304,19
4126,304,20
4127,304,21
4128,304,22
4129,304,23
4130,305,0
4131,305,1
4132,305,2
4133,305,3
4134,305,4
4135,305,5
4136,305,6
4137,305,7
4138,305,8
4139,305,16
4140,305,17
4141,305,18
4142,305,19
4143,305,20
4144,305,21
4145,305,22
4146,305,23
4147,306,0
4148,306,1
4149,306,2
4150,306,3
4151,306,4
4152,306,5
4153,306,6
4154,306,7
4155,306,8
4156,306,16
4157,306,17
4158,306,18
4159,306,19
4160,306,20
4161,306,21
4162,306,22
4163,306,23
4164,307,0
4165,307,1
4166,307,2
4167,307,3
4168,307,4
4169,307,5
4170,307,6
4171,307,7
4172,307,8
4173,307,16
4174,307,17
4175,307,18
4176,307,19
4177,307,20
4178,307,21
4179,307,22
4180,307,23
4181,308,0
4182,308,1
4183,308,2
4184,308,3
4185,308,4
4186,308,5
4187,308,6
4188,308,7
4189,308,8
4190,308,16
4191,308,17
4192,308,18
4193,308,19
4194,308,20
4195,308,21
4196,308,22
4197,308,23
4198,309,0
4199,309,1
4200,309,2
4201,309,3
4202,309,4
4203,309,5
4204,309,6
4205,309,7
4206,309,8
4207,309,16
4208,309,17
4209,309,18
4210,309,19
4211,309,20
4212,309,21
4213,309,22
4214,309,23
4215,310,0
4216,310,1
4217,310,2
4218,310,3
4219,310,4
4220,310,5
4221,310,6
4222,310,7
4223,310,8
4224,310,16
4225,310,17
4226,310,18
4227,310,19
4228,310,20
4229,310,21
4230,310,22
4231,310,23
4232,311,0
4233,311,1
4234,311,2
4235,311,3
4236,311,4
4237,311,5
4238,311,6
4239,311,7
4240,311,8
4241,311,16
4242,311,17
4243,311,18
4244,311,19
4245,311,20
4246,311,21
4247,311,22
4248,311,23
4249,312,0
4250,312,1
4251,312,2
4252,312,3
4253,312,4
4254,312,5
4255,312,6
4256,312,7
4257,312,8
4258,312,16
4259,312,17
4260,312,18
4261,312,19
4262,312,20
4263,312,21
4264,312,22
4265,312,23
4266,313,0
4267,313,1
4268,313,2
4269,313,3
4270,313,4
4271,313,5
4272,313,6
4273,313,7
4274,313,8
4275,313,16
4276,313,17
4277,313,18
4278,313,19
4279,313,20
4280,313,21
4281,313,22
4282,313,23
4283,314,0
4284,314,1
4285,314,2
4286,314,3
4287,314,4
4288,314,5
4289,314,6
4290,314,7
4291,314,8
4292,314,16
4293,314,17
4294,314,18
4295,314,19
4296,314,20
4297,314,21
4298,314,22
4299,314,23
4300,315,0
4301,315,1
4302,315,2
4303,315,3
4304,315,4
4305,315,5
4306,315,6
4307,315,7
4308,315,8
4309,315,16
4310,315,17
4311,315,18
4312,315,19
4313,315,20
4314,315,21
4315,315,22
4316,315,23
4317,316,0
4318,316,1
4319,316,2
4320,316,3
4321,316,4
4322,316,5
4323,316,6
4324,316,7
4325,316,8
4326,316,16
4327,316,17
4328,316,18
4329,316,19
4330,316,20
4331,316,21
4332,316,22
4333,316,23
4334,317,0
4335,317,1
4336,317,2
4337,317,3
4338,317,4
4339,317,5
4340,317,6
4341,317,7
4342,317,8
4343,317,16
4344,317,17
4345,317,18
4346,317,19
4347,317,20
4348,317,21
4349,317,22
4350,317,23
4351,318,0
4352,318,1
4353,318,2
4354,318,3
4355,318,4
4356,318,5
4357,318,6
4358,318,7
4359,318,8
4360,318,16
4361,318,17
4362,318,18
4363,318,19
4364,318,20
4365,318,21
4366,318,22
4367,318,23
4368,319,0
4369,319,1
4370,319,2
4371,319,3
4372,319,4
4373,319,5
4374,319,6
4375,319,7
4376,319,8
4377,319,16
4378,319,17
4379,319,18
4380,319,19
4381,319,20
4382,319,21
4383,319,22
4384,319,23
4385,320,0
4386,320,1
4387,320,2
4388,320,3
4389,320,4
4390,320,5
4391,320,6
4392,320,7
4393,320,8
4394,320,9
4395,320,16
4396,320,17
4397,320,18
4398,320,19
4399,320,20
4400,320,21
4401,320,22
4402,320,23
4403,321,0
4404,321,1
4405,321,2
4406,321,3
4407,321,4
4408,321,5
4409,321,6
4410,321,7
4411,321,8
4412,321,9
4413,321,15
4414,321,16
4415,321,17
4416,321,18
4417,321,19
4418,321,20
4419,321,21
4420,321,22
4421,321,23
4422,322,0
4423,322,1
4424,322,2
4425,322,3
4426,322,4
4427,322,5
4428,322,6
4429,322,7
4430,322,8
4431,322,9
4432,322,16
4433,322,17
4434,322,18
4435,322,19
4436,322,20
4437,322,21
4438,322,22
4439,322,23
4440,323,0
4441,323,1
4442,323,2
4443,323,3
4444,323,4
4445,323,5
4446,323,6
4447,323,7
4448,323,8
4449,323,9
4450,323,16
4451,323,17
4452,323,18
4453,323,19
4454,323,20
4455,323,21
4456,323,22
4457,323,23
4458,324,0
4459,324,1
4460,324,2
4461,324,3
4462,324,4
4463,324,5
4464,324,6
4465,324,7
4466,324,8
4467,324,9
4468,324,16
4469,324,17
4470,324,18
4471,324,19
4472,324,20
4473,324,21
4474,324,22
4475,324,23
4476,325,0
4477,325,1
4478,325,2
4479,325,3
4480,325,4
4481,325,5
4482,325,6
4483,325,7
4484,325,8
4485,325,9
4486,325,16
4487,325,17
4488,325,18
4489,325,19
4490,325,20
4491,325,21
4492,325,22
4493,325,23
4494,326,0
4495,326,1
4496,326,2
4497,326,3
4498,326,4
4499,326,5
4500,326,6
4501,326,7
4502,326,8
4503,326,9
4504,326,16
4505,326,17
4506,326,18
4507,326,19
4508,326,20
4509,326,21
4510,326,22
4511,326,23
4512,327,0
4513,327,1
4514,327,2
4515,327,3
4516,327,4
4517,327,5
4518,327,6
4519,327,7
4520,327,8
4521,327,9
4522,327,16
4523,327,17
4524,327,18
4525,327,19
4526,327,20
4527,327,21
4528,327,22
4529,327,23
4530,328,0
4531,328,1
4532,328,2
4533,328,3
4534,328,4
4535,328,5
4536,328,6
4537,328,7
4538,328,8
4539,328,9
4540,328,15
4541,328,16
4542,328,17
4543,328,18
4544,328,19
4545,328,20
4546,328,21
4547,328,22
4548,328,23
4549,329,0
4550,329,1
4551,329,2
4552,329,3
4553,329,4
4554,329,5
4555,329,6
4556,329,7
4557,329,8
4558,329,9
4559,329,16
4560,329,17
4561,329,18
4562,329,19
4563,329,20
4564,329,21
4565,329,22
4566,329,23
4567,330,0
4568,330,1
4569,330,2
4570,330,3
4571,330,4
4572,330,5
4573,330,6
4574,330,7
4575,330,8
4576,330,9
4577,330,15
4578,330,16
4579,330,17
4580,330,18
4581,330,19
4582,330,20
4583,330,21
4584,330,22
4585,330,23
4586,331,0
4587,331,1
4588,331,2
4589,331,3
4590,331,4
4591,331,5
4592,331,6
4593,331,7
4594,331,8
4595,331,9
4596,331,15
4597,331,16
4598,331,17
4599,331,18
4600,331,19
4601,331,20
4602,331,21
4603,331,22
4604,331,23
4605,332,0
4606,332,1
4607,332,2
4608,332,3
4609,332,4
4610,332,5
4611,332,6
4612,332,7
4613,332,8
4614,332,9
4615,332,15
4616,332,16
4617,332,17
4618,332,18
4619,332,19
4620,332,20
4621,332,21
4622,332,22
4623,332,23
4624,333,0
4625,333,1
4626,333,2
4627,333,3
4628,333,4
4629,333,5
4630,333,6
4631,333,7
4632,333,8
4633,333,9
4634,333,15
4635,333,16
4636,333,17
4637,333,18
4638,333,19
4639,333,20
4640,333,21
4641,333,22
4642,333,23
4643,334,0
4644,334,1
4645,334,2
4646,334,3
4647,334,4
4648,334,5
4649,334,6
4650,334,7
4651,334,8
4652,334,9
4653,334,15
4654,334,16
4655,334,17
4656,334,18
4657,334,19
4658,334,20
4659,334,21
4660,334,22
4661,334,23
4662,335,0
4663,335,1
4664,335,2
4665,335,3
4666,335,4
4667,335,5
4668,335,6
4669,335,7
4670,335,8
4671,335,9
4672,335,15
4673,335,16
4674,335,17
4675,335,18
4676,335,19
4677,335,20
4678,335,21
4679,335,22
4680,335,23
4681,336,0
4682,336,1
4683,336,2
4684,336,3
4685,336,4
4686,336,5
4687,336,6
4688,336,7
4689,336,8
4690,336,9
4691,336,15
4692,336,16
4693,336,17
4694,336,18
4695,336,19
4696,336,20
4697,336,21
4698,336,22
4699,336,23
4700,337,0
4701,337,1
4702,337,2
4703,337,3
4704,337,4
4705,337,5
4706,337,6
4707,337,7
4708,337,8
4709,337,9
4710,337,15
4711,337,16
4712,337,17
4713,337,18
4714,337,19
4715,337,20
4716,337,21
4717,337,22
4718,337,23
4719,338,0
4720,338,1
4721,338,2
4722,338,3
4723,338,4
4724,338,5
4725,338,6
4726,338,7
4727,338,8
4728,338,9
4729,338,15
4730,338,16
4731,338,17
4732,338,18
4733,338,19
4734,338,20
4735,338,21
4736,338,22
4737,338,23
4738,339,0
4739,339,1
4740,339,2
4741,339,3
4742,339,4
4743,339,5
4744,339,6
4745,339,7
4746,339,8
4747,339,9
4748,339,15
4749,339,16
4750,339,17
4751,339,18
4752,339,19
4753,339,20
4754,339,21
4755,339,22
4756,339,23
4757,340,0
4758,340,1
4759,340,2
4760,340,3
4761,340,4
4762,340,5
4763,340,6
4764,340,7
4765,340,8
4766,340,9
4767,340,15
4768,340,16
4769,340,17
4770,340,18
4771,340,19
4772,340,20
4773,340,21
4774,340,22
4775,340,23
4776,341,0
4777,341,1
4778,341,2
4779,341,3
4780,341,4
4781,341,5
4782,341,6
4783,341,7
4784,341,8
4785,341,9
4786,341,15
4787,341,16
4788,341,17
4789,341,18
4790,341,19
4791,341,20
4792,341,21
4793,341,22
4794,341,23
4795,342,0
4796,342,1
4797,342,2
4798,342,3
4799,342,4
4800,342,5
4801,342,6
4802,342,7
4803,342,8
4804,342,9
4805,342,15
4806,342,16
4807,342,17
4808,342,18
4809,342,19
4810,342,20
4811,342,21
4812,342,22
4813,342,23
4814,343,0
4815,343,1
4816,343,2
4817,343,3
4818,343,4
4819,343,5
4820,343,6
4821,343,7
4822,343,8
4823,343,9
4824,343,15
4825,343,16
4826,343,17
4827,343,18
4828,343,19
4829,343,20
4830,343,21
4831,343,22
4832,343,23
4833,344,0
4834,344,1
4835,344,2
4836,344,3
4837,344,4
4838,344,5
4839,344,6
4840,344,7
4841,344,8
4842,344,9
4843,344,15
4844,344,16
4845,344,17
4846,344,18
4847,344,19
4848,344,20
4849,344,21
4850,344,22
4851,344,23
4852,345,0
4853,345,1
4854,345,2
4855,345,3
4856,345,4
4857,345,5
4858,345,6
4859,345,7
4860,345,8
4861,345,9
4862,345,15
4863,345,16
4864,345,17
4865,345,18
4866,345,19
4867,345,20
4868,345,21
4869,345,22
4870,345,23
4871,346,0
4872,346,1
4873,346,2
4874,346,3
4875,346,4
4876,346,5
4877,346,6
4878,346,7
4879,346,8
4880,346,9
4881,346,15
4882,346,16
4883,346,17
4884,346,18
4885,346,19
4886,346,20
4887,346,21
4888,346,22
4889,346,23
4890,347,0
4891,347,1
4892,347,2
4893,347,3
4894,347,4
4895,347,5
4896,347,6
4897,347,7
4898,347,8
4899,347,9
4900,347,15
4901,347,16
4902,347,17
4903,347,18
4904,347,19
4905,347,20
4906,347,21
4907,347,22
4908,347,23
4909,348,0
4910,348,1
4911,348,2
4912,348,3
4913,348,4
4914,348,5
4915,348,6
4916,348,7
4917,348,8
4918,348,9
4919,348,15
4920,348,16
4921,348,17
4922,348,18
4923,348,19
4924,348,20
4925,348,21
4926,348,22
4927,348,23
4928,349,0
4929,349,1
4930,349,2
4931,349,3
4932,349,4
4933,349,5
4934,349,6
4935,349,7
4936,349,8
4937,349,9
4938,349,15
4939,349,16
4940,349,17
4941,349,18
4942,349,19
4943,349,20
4944,349,21
4945,349,22
4946,349,23
4947,350,0
4948,350,1
4949,350,2
4950,350,3
4951,350,4
4952,350,5
4953,350,6
4954,350,7
4955,350,8
4956,350,9
4957,350,15
4958,350,16
4959,350,17
4960,350,18
4961,350,19
4962,350,20
4963,350,21
4964,350,22
4965,350,23
4966,351,0
4967,351,1
4968,351,2
4969,351,3
4970,351,4
4971,351,5
4972,351,6
4973,351,7
4974,351,8
4975,351,9
4976,351,15
4977,351,16
4978,351,17
4979,351,18
4980,351,19
4981,351,20
4982,351,21
4983,351,22
4984,351,23
4985,352,0
4986,352,1
4987,352,2
4988,352,3
4989,352,4
4990,352,5
4991,352,6
4992,352,7
4993,352,8
4994,352,9
4995,352,15
4996,352,16
4997,352,17
4998,352,18
4999,352,19
5000,352,20
5001,352,21
5002,352,22
5003,352,23
5004,353,0
5005,353,1
5006,353,2
5007,353,3
5008,353,4
5009,353,5
5010,353,6
5011,353,7
5012,353,8
5013,353,9
5014,353,15
5015,353,16
5016,353,17
5017,353,18
5018,353,19
5019,353,20
5020,353,21
5021,353,22
5022,353,23
5023,354,0
5024,354,1
5025,354,2
5026,354,3
5027,354,4
5028,354,5
5029,354,6
5030,354,7
5031,354,8
5032,354,9
5033,354,15
5034,354,16
5035,354,17
5036,354,18
5037,354,19
5038,354,20
5039,354,21
5040,354,22
5041,354,23
5042,355,0
5043,355,1
5044,355,2
5045,355,3
5046,355,4
5047,355,5
5048,355,6
5049,355,7
5050,355,8
5051,355,9
5052,355,15
5053,355,16
5054,355,17
5055,355,18
5056,355,19
5057,355,20
5058,355,21
5059,355,22
5060,355,23
5061,356,0
5062,356,1
5063,356,2
5064,356,3
5065,356,4
5066,356,5
5067,356,6
5068,356,7
5069,356,8
5070,356,9
5071,356,15
5072,356,16
5073,356,17
5074,356,18
5075,356,19
5076,356,20
5077,356,21
5078,356,22
5079,356,23
5080,357,0
5081,357,1
5082,357,2
5083,357,3
5084,357,4
5085,357,5
5086,357,6
5087,357,7
5088,357,8
5089,357,9
5090,357,15
5091,357,16
5092,357,17
5093,357,18
5094,357,19
5095,357,20
5096,357,21
5097,357,22
5098,357,23
5099,358,0
5100,358,1
5101,358,2
5102,358,3
5103,358,4
5104,358,5
5105,358,6
5106,358,7
5107,358,8
5108,358,9
5109,358,15
5110,358,16
5111,358,17
5112,358,18
5113,358,19
5114,358,20
5115,358,21
5116,358,22
5117,358,23
5118,359,0
5119,359,1
5120,359,2
5121,359,3
5122,359,4
5123,359,5
5124,359,6
5125,359,7
5126,359,8
5127,359,9
5128,359,15
5129,359,16
5130,359,17
5131,359,18
5132,359,19
5133,359,20
5134,359,21
5135,359,22
5136,359,23
5137,360,0
5138,360,1
5139,360,2
5140,360,3
5141,360,4
5142,360,5
5143,360,6
5144,360,7
5145,360,8
5146,360,9
5147,360,15
5148,360,16
5149,360,17
5150,360,18
5151,360,19
5152,360,20
5153,360,21
5154,360,22
5155,360,23
5156,361,0
5157,361,1
5158,361,2
5159,361,3
5160,361,4
5161,361,5
5162,361,6
5163,361,7
5164,361,8
5165,361,9
5166,361,15
5167,361,16
5168,361,17
5169,361,18
5170,361,19
5171,361,20
5172,361,21
5173,361,22
5174,361,23
5175,362,0
5176,362,1
5177,362,2
5178,362,3
5179,362,4
5180,362,5
5181,362,6
5182,362,7
5183,362,8
5184,362,9
5185,362,15
5186,362,16
5187,362,17
5188,362,18
5189,362,19
5190,362,20
5191,362,21
5192,362,22
5193,362,23
5194,363,0
5195,363,1
5196,363,2
5197,363,3
5198,363,4
5199,363,5
5200,363,6
5201,363,7
5202,363,8
5203,363,9
5204,363,15
5205,363,16
5206,363,17
5207,363,18
5208,363,19
5209,363,20
5210,363,21
5211,363,22
5212,363,23
5213,364,0
5214,364,1
5215,364,2
5216,364,3
5217,364,4
5218,364,5
5219,364,6
5220,364,7
5221,364,8
5222,364,9
5223,364,15
5224,364,16
5225,364,17
5226,364,18
5227,364,19
5228,364,20
5229,364,21
5230,364,22
5231,364,23
5232,365,0
5233,365,1
5234,365,2
5235,365,3
5236,365,4
5237,365,5
5238,365,6
5239,365,7
5240,365,8
5241,365,9
5242,365,15
5243,365,16
5244,365,17
5245,365,18
5246,365,19
5247,365,20
5248,365,21
5249,365,22
5250,365,23
