,day,hour
0,1,0
1,1,1
2,1,2
3,1,3
4,1,4
5,1,5
6,1,6
7,1,7
8,1,8
9,1,9
10,1,10
11,1,11
12,1,12
13,1,13
14,1,14
15,1,15
16,1,16
17,1,17
18,1,18
19,1,19
20,1,20
21,1,21
22,1,22
23,1,23
24,2,0
25,2,1
26,2,2
27,2,3
28,2,4
29,2,5
30,2,6
31,2,7
32,2,8
33,2,9
34,2,12
35,2,13
36,2,14
37,2,15
38,2,16
39,2,17
40,2,18
41,2,19
42,2,20
43,2,21
44,2,22
45,2,23
46,3,0
47,3,1
48,3,2
49,3,3
50,3,4
51,3,5
52,3,6
53,3,7
54,3,8
55,3,9
56,3,12
57,3,13
58,3,14
59,3,15
60,3,16
61,3,17
62,3,18
63,3,19
64,3,20
65,3,21
66,3,22
67,3,23
68,4,0
69,4,1
70,4,2
71,4,3
72,4,4
73,4,5
74,4,6
75,4,7
76,4,8
77,4,9
78,4,12
79,4,13
80,4,14
81,4,15
82,4,16
83,4,17
84,4,18
85,4,19
86,4,20
87,4,21
88,4,22
89,4,23
90,5,0
91,5,1
92,5,2
93,5,3
94,5,4
95,5,5
96,5,6
97,5,7
98,5,8
99,5,9
100,5,12
101,5,13
102,5,14
103,5,15
104,5,16
105,5,17
106,5,18
107,5,19
108,5,20
109,5,21
110,5,22
111,5,23
112,6,0
113,6,1
114,6,2
115,6,3
116,6,4
117,6,5
118,6,6
119,6,7
120,6,8
121,6,9
122,6,12
123,6,13
124,6,14
125,6,15
126,6,16
127,6,17
128,6,18
129,6,19
130,6,20
131,6,21
132,6,22
133,6,23
134,7,0
135,7,1
136,7,2
137,7,3
138,7,4
139,7,5
140,7,6
141,7,7
142,7,8
143,7,9
144,7,12
145,7,13
146,7,14
147,7,15
148,7,16
149,7,17
150,7,18
151,7,19
152,7,20
153,7,21
154,7,22
155,7,23
156,8,0
157,8,1
158,8,2
159,8,3
160,8,4
161,8,5
162,8,6
163,8,7
164,8,8
165,8,9
166,8,10
167,8,11
168,8,12
169,8,13
170,8,14
171,8,15
172,8,16
173,8,17
174,8,18
175,8,19
176,8,20
177,8,21
178,8,22
179,8,23
180,9,0
181,9,1
182,9,2
183,9,3
184,9,4
185,9,5
186,9,6
187,9,7
188,9,8
189,9,9
190,9,12
191,9,13
192,9,14
193,9,15
194,9,16
195,9,17
196,9,18
197,9,19
198,9,20
199,9,21
200,9,22
201,9,23
202,10,0
203,10,1
204,10,2
205,10,3
206,10,4
207,10,5
208,10,6
209,10,7
210,10,8
211,10,9
212,10,12
213,10,13
214,10,14
215,10,15
216,10,16
217,10,17
218,10,18
219,10,19
220,10,20
221,10,21
222,10,22
223,10,23
224,11,0
225,11,1
226,11,2
227,11,3
228,11,4
229,11,5
230,11,6
231,11,7
232,11,8
233,11,9
234,11,10
235,11,11
236,11,12
237,11,13
238,11,14
239,11,15
240,11,16
241,11,17
242,11,18
243,11,19
244,11,20
245,11,21
246,11,22
247,11,23
248,12,0
249,12,1
250,12,2
251,12,3
252,12,4
253,12,5
254,12,6
255,12,7
256,12,8
257,12,9
258,12,12
259,12,13
260,12,14
261,12,15
262,12,16
263,12,17
264,12,18
265,12,19
266,12,20
267,12,21
268,12,22
269,12,23
270,13,0
271,13,1
272,13,2
273,13,3
274,13,4
275,13,5
276,13,6
277,13,7
278,13,8
279,13,9
280,13,12
281,13,13
282,13,14
283,13,15
284,13,16
285,13,17
286,13,18
287,13,19
288,13,20
289,13,21
290,13,22
291,13,23
292,14,0
293,14,1
294,14,2
295,14,3
296,14,4
297,14,5
298,14,6
299,14,7
300,14,8
301,14,9
302,14,12
303,14,13
304,14,14
305,14,15
306,14,16
307,14,17
308,14,18
309,14,19
310,14,20
311,14,21
312,14,22
313,14,23
314,15,0
315,15,1
316,15,2
317,15,3
318,15,4
319,15,5
320,15,6
321,15,7
322,15,8
323,15,9
324,15,13
325,15,14
326,15,15
327,15,16
328,15,17
329,15,18
330,15,19
331,15,20
332,15,21
333,15,22
334,15,23
335,16,0
336,16,1
337,16,2
338,16,3
339,16,4
340,16,5
341,16,6
342,16,7
343,16,8
344,16,13
345,16,14
346,16,15
347,16,16
348,16,17
349,16,18
350,16,19
351,16,20
352,16,21
353,16,22
354,16,23
355,17,0
356,17,1
357,17,2
358,17,3
359,17,4
360,17,5
361,17,6
362,17,7
363,17,8
364,17,13
365,17,14
366,17,15
367,17,16
368,17,17
369,17,18
370,17,19
371,17,20
372,17,21
373,17,22
374,17,23
375,18,0
376,18,1
377,18,2
378,18,3
379,18,4
380,18,5
381,18,6
382,18,7
383,18,8
384,18,9
385,18,12
386,18,13
387,18,14
388,18,15
389,18,16
390,18,17
391,18,18
392,18,19
393,18,20
394,18,21
395,18,22
396,18,23
397,19,0
398,19,1
399,19,2
400,19,3
401,19,4
402,19,5
403,19,6
404,19,7
405,19,8
406,19,13
407,19,14
408,19,15
409,19,16
410,19,17
411,19,18
412,19,19
413,19,20
414,19,21
415,19,22
416,19,23
417,20,0
418,20,1
419,20,2
420,20,3
421,20,4
422,20,5
423,20,6
424,20,7
425,20,8
426,20,13
427,20,14
428,20,15
429,20,16
430,20,17
431,20,18
432,20,19
433,20,20
434,20,21
435,20,22
436,20,23
437,21,0
438,21,1
439,21,2
440,21,3
441,21,4
442,21,5
443,21,6
444,21,7
445,21,8
446,21,13
447,21,14
448,21,15
449,21,16
450,21,17
451,21,18
452,21,19
453,21,20
454,21,21
455,21,22
456,21,23
457,22,0
458,22,1
459,22,2
460,22,3
461,22,4
462,22,5
463,22,6
464,22,7
465,22,8
466,22,13
467,22,14
468,22,15
469,22,16
470,22,17
471,22,18
472,22,19
473,22,20
474,22,21
475,22,22
476,22,23
477,23,0
478,23,1
479,23,2
480,23,3
481,23,4
482,23,5
483,23,6
484,23,7
485,23,8
486,23,13
487,23,14
488,23,15
489,23,16
490,23,17
491,23,18
492,23,19
493,23,20
494,23,21
495,23,22
496,23,23
497,24,0
498,24,1
499,24,2
500,24,3
501,24,4
502,24,5
503,24,6
504,24,7
505,24,8
506,24,13
507,24,14
508,24,15
509,24,16
510,24,17
511,24,18
512,24,19
513,24,20
514,24,21
515,24,22
516,24,23
517,25,0
518,25,1
519,25,2
520,25,3
521,25,4
522,25,5
523,25,6
524,25,7
525,25,8
526,25,13
527,25,14
528,25,15
529,25,16
530,25,17
531,25,18
532,25,19
533,25,20
534,25,21
535,25,22
536,25,23
537,26,0
538,26,1
539,26,2
540,26,3
541,26,4
542,26,5
543,26,6
544,26,7
545,26,8
546,26,13
547,26,14
548,26,15
549,26,16
550,26,17
551,26,18
552,26,19
553,26,20
554,26,21
555,26,22
556,26,23
557,27,0
558,27,1
559,27,2
560,27,3
561,27,4
562,27,5
563,27,6
564,27,7
565,27,8
566,27,13
567,27,14
568,27,15
569,27,16
570,27,17
571,27,18
572,27,19
573,27,20
574,27,21
575,27,22
576,27,23
577,28,0
578,28,1
579,28,2
580,28,3
581,28,4
582,28,5
583,28,6
584,28,7
585,28,8
586,28,13
587,28,14
588,28,15
589,28,16
590,28,17
591,28,18
592,28,19
593,28,20
594,28,21
595,28,22
596,28,23
597,29,0
598,29,1
599,29,2
600,29,3
601,29,4
602,29,5
603,29,6
604,29,7
605,29,8
606,29,13
607,29,14
608,29,15
609,29,16
610,29,17
611,29,18
612,29,19
613,29,20
614,29,21
615,29,22
616,29,23
617,30,0
618,30,1
619,30,2
620,30,3
621,30,4
622,30,5
623,30,6
624,30,7
625,30,8
626,30,13
627,30,14
628,30,15
629,30,16
630,30,17
631,30,18
632,30,19
633,30,20
634,30,21
635,30,22
636,30,23
637,31,0
638,31,1
639,31,2
640,31,3
641,31,4
642,31,5
643,31,6
644,31,7
645,31,14
646,31,15
647,31,16
648,31,17
649,31,18
650,31,19
651,31,20
652,31,21
653,31,22
654,31,23
655,32,0
656,32,1
657,32,2
658,32,3
659,32,4
660,32,5
661,32,6
662,32,7
663,32,14
664,32,15
665,32,16
666,32,17
667,32,18
668,32,19
669,32,20
670,32,21
671,32,22
672,32,23
673,33,0
674,33,1
675,33,2
676,33,3
677,33,4
678,33,5
679,33,6
680,33,7
681,33,8
682,33,13
683,33,14
684,33,15
685,33,16
686,33,17
687,33,18
688,33,19
689,33,20
690,33,21
691,33,22
692,33,23
693,34,0
694,34,1
695,34,2
696,34,3
697,34,4
698,34,5
699,34,6
700,34,7
701,34,14
702,34,15
703,34,16
704,34,17
705,34,18
706,34,19
707,34,20
708,34,21
709,34,22
710,34,23
711,35,0
712,35,1
713,35,2
714,35,3
715,35,4
716,35,5
717,35,6
718,35,7
719,35,14
720,35,15
721,35,16
722,35,17
723,35,18
724,35,19
725,35,20
726,35,21
727,35,22
728,35,23
729,36,0
730,36,1
731,36,2
732,36,3
733,36,4
734,36,5
735,36,6
736,36,7
737,36,14
738,36,15
739,36,16
740,36,17
741,36,18
742,36,19
743,36,20
744,36,21
745,36,22
746,36,23
747,37,0
748,37,1
749,37,2
750,37,3
751,37,4
752,37,5
753,37,6
754,37,7
755,37,14
756,37,15
757,37,16
758,37,17
759,37,18
760,37,19
761,37,20
762,37,21
763,37,22
764,37,23
765,38,0
766,38,1
767,38,2
768,38,3
769,38,4
770,38,5
771,38,6
772,38,7
773,38,14
774,38,15
775,38,16
776,38,17
777,38,18
778,38,19
779,38,20
780,38,21
781,38,22
782,38,23
783,39,0
784,39,1
785,39,2
786,39,3
787,39,4
788,39,5
789,39,6
790,39,7
791,39,14
792,39,15
793,39,16
794,39,17
795,39,18
796,39,19
797,39,20
798,39,21
799,39,22
800,39,23
801,40,0
802,40,1
803,40,2
804,40,3
805,40,4
806,40,5
807,40,6
808,40,7
809,40,14
810,40,15
811,40,16
812,40,17
813,40,18
814,40,19
815,40,20
816,40,21
817,40,22
818,40,23
819,41,0
820,41,1
821,41,2
822,41,3
823,41,4
824,41,5
825,41,6
826,41,7
827,41,14
828,41,15
829,41,16
830,41,17
831,41,18
832,41,19
833,41,20
834,41,21
835,41,22
836,41,23
837,42,0
838,42,1
839,42,2
840,42,3
841,42,4
842,42,5
843,42,6
844,42,7
845,42,14
846,42,15
847,42,16
848,42,17
849,42,18
850,42,19
851,42,20
852,42,21
853,42,22
854,42,23
855,43,0
856,43,1
857,43,2
858,43,3
859,43,4
860,43,5
861,43,6
862,43,7
863,43,14
864,43,15
865,43,16
866,43,17
867,43,18
868,43,19
869,43,20
870,43,21
871,43,22
872,43,23
873,44,0
874,44,1
875,44,2
876,44,3
877,44,4
878,44,5
879,44,6
880,44,7
881,44,14
882,44,15
883,44,16
884,44,17
885,44,18
886,44,19
887,44,20
888,44,21
889,44,22
890,44,23
891,45,0
892,45,1
893,45,2
894,45,3
895,45,4
896,45,5
897,45,6
898,45,7
899,45,14
900,45,15
901,45,16
902,45,17
903,45,18
904,45,19
905,45,20
906,45,21
907,45,22
908,45,23
909,46,0
910,46,1
911,46,2
912,46,3
913,46,4
914,46,5
915,46,6
916,46,7
917,46,14
918,46,15
919,46,16
920,46,17
921,46,18
922,46,19
923,46,20
924,46,21
925,46,22
926,46,23
927,47,0
928,47,1
929,47,2
930,47,3
931,47,4
932,47,5
933,47,6
934,47,14
935,47,15
936,47,16
937,47,17
938,47,18
939,47,19
940,47,20
941,47,21
942,47,22
943,47,23
944,48,0
945,48,1
946,48,2
947,48,3
948,48,4
949,48,5
950,48,6
951,48,15
952,48,16
953,48,17
954,48,18
955,48,19
956,48,20
957,48,21
958,48,22
959,48,23
960,49,0
961,49,1
962,49,2
963,49,3
964,49,4
965,49,5
966,49,6
967,49,14
968,49,15
969,49,16
970,49,17
971,49,18
972,49,19
973,49,20
974,49,21
975,49,22
976,49,23
977,50,0
978,50,1
979,50,2
980,50,3
981,50,4
982,50,5
983,50,6
984,50,15
985,50,16
986,50,17
987,50,18
988,50,19
989,50,20
990,50,21
991,50,22
992,50,23
993,51,0
994,51,1
995,51,2
996,51,3
997,51,4
998,51,5
999,51,6
1000,51,15
1001,51,16
1002,51,17
1003,51,18
1004,51,19
1005,51,20
1006,51,21
1007,51,22
1008,51,23
1009,52,0
1010,52,1
1011,52,2
1012,52,3
1013,52,4
1014,52,5
1015,52,6
1016,52,15
1017,52,16
1018,52,17
1019,52,18
1020,52,19
1021,52,20
1022,52,21
1023,52,22
1024,52,23
1025,53,0
1026,53,1
1027,53,2
1028,53,3
1029,53,4
1030,53,5
1031,53,6
1032,53,15
1033,53,16
1034,53,17
1035,53,18
1036,53,19
1037,53,20
1038,53,21
1039,53,22
1040,53,23
1041,54,0
1042,54,1
1043,54,2
1044,54,3
1045,54,4
1046,54,5
1047,54,6
1048,54,15
1049,54,16
1050,54,17
1051,54,18
1052,54,19
1053,54,20
1054,54,21
1055,54,22
1056,54,23
1057,55,0
1058,55,1
1059,55,2
1060,55,3
1061,55,4
1062,55,5
1063,55,6
1064,55,15
1065,55,16
1066,55,17
1067,55,18
1068,55,19
1069,55,20
1070,55,21
1071,55,22
1072,55,23
1073,56,0
1074,56,1
1075,56,2
1076,56,3
1077,56,4
1078,56,5
1079,56,6
1080,56,15
1081,56,16
1082,56,17
1083,56,18
1084,56,19
1085,56,20
1086,56,21
1087,56,22
1088,56,23
1089,57,0
1090,57,1
1091,57,2
1092,57,3
1093,57,4
1094,57,5
1095,57,6
1096,57,15
1097,57,16
1098,57,17
1099,57,18
1100,57,19
1101,57,20
1102,57,21
1103,57,22
1104,57,23
1105,58,0
1106,58,1
1107,58,2
1108,58,3
1109,58,4
1110,58,5
1111,58,6
1112,58,15
1113,58,16
1114,58,17
1115,58,18
1116,58,19
1117,58,20
1118,58,21
1119,58,22
1120,58,23
1121,59,0
1122,59,1
1123,59,2
1124,59,3
1125,59,4
1126,59,5
1127,59,6
1128,59,15
1129,59,16
1130,59,17
1131,59,18
1132,59,19
1133,59,20
1134,59,21
1135,59,22
1136,59,23
1137,60,0
1138,60,1
1139,60,2
1140,60,3
1141,60,4
1142,60,5
1143,60,6
1144,60,15
1145,60,16
1146,60,17
1147,60,18
1148,60,19
1149,60,20
1150,60,21
1151,60,22
1152,60,23
1153,61,0
1154,61,1
1155,61,2
1156,61,3
1157,61,4
1158,61,5
1159,61,6
1160,61,15
1161,61,16
1162,61,17
1163,61,18
1164,61,19
1165,61,20
1166,61,21
1167,61,22
1168,61,23
1169,62,0
1170,62,1
1171,62,2
1172,62,3
1173,62,4
1174,62,5
1175,62,6
1176,62,15
1177,62,16
1178,62,17
1179,62,18
1180,62,19
1181,62,20
1182,62,21
1183,62,22
1184,62,23
1185,63,0
1186,63,1
1187,63,2
1188,63,3
1189,63,4
1190,63,5
1191,63,6
1192,63,15
1193,63,16
1194,63,17
1195,63,18
1196,63,19
1197,63,20
1198,63,21
1199,63,22
1200,63,23
1201,64,0
1202,64,1
1203,64,2
1204,64,3
1205,64,4
1206,64,5
1207,64,6
1208,64,15
1209,64,16
1210,64,17
1211,64,18
1212,64,19
1213,64,20
1214,64,21
1215,64,22
1216,64,23
1217,65,0
1218,65,1
1219,65,2
1220,65,3
1221,65,4
1222,65,5
1223,65,6
1224,65,15
1225,65,16
1226,65,17
1227,65,18
1228,65,19
1229,65,20
1230,65,21
1231,65,22
1232,65,23
1233,66,0
1234,66,1
1235,66,2
1236,66,3
1237,66,4
1238,66,5
1239,66,6
1240,66,15
1241,66,16
1242,66,17
1243,66,18
1244,66,19
1245,66,20
1246,66,21
1247,66,22
1248,66,23
1249,67,0
1250,67,1
1251,67,2
1252,67,3
1253,67,4
1254,67,5
1255,67,6
1256,67,15
1257,67,16
1258,67,17
1259,67,18
1260,67,19
1261,67,20
1262,67,21
1263,67,22
1264,67,23
1265,68,0
1266,68,1
1267,68,2
1268,68,3
1269,68,4
1270,68,5
1271,68,6
1272,68,15
1273,68,16
1274,68,17
1275,68,18
1276,68,19
1277,68,20
1278,68,21
1279,68,22
1280,68,23
1281,69,0
1282,69,1
1283,69,2
1284,69,3
1285,69,4
1286,69,5
1287,69,6
1288,69,15
1289,69,16
1290,69,17
1291,69,18
1292,69,19
1293,69,20
1294,69,21
1295,69,22
1296,69,23
1297,70,0
1298,70,1
1299,70,2
1300,70,3
1301,70,4
1302,70,5
1303,70,6
1304,70,16
1305,70,17
1306,70,18
1307,70,19
1308,70,20
1309,70,21
1310,70,22
1311,70,23
1312,71,0
1313,71,1
1314,71,2
1315,71,3
1316,71,4
1317,71,5
1318,71,16
1319,71,17
1320,71,18
1321,71,19
1322,71,20
1323,71,21
1324,71,22
1325,71,23
1326,72,0
1327,72,1
1328,72,2
1329,72,3
1330,72,4
1331,72,5
1332,72,16
1333,72,17
1334,72,18
1335,72,19
1336,72,20
1337,72,21
1338,72,22
1339,72,23
1340,73,0
1341,73,1
1342,73,2
1343,73,3
1344,73,4
1345,73,5
1346,73,16
1347,73,17
1348,73,18
1349,73,19
1350,73,20
1351,73,21
1352,73,22
1353,73,23
1354,74,0
1355,74,1
1356,74,2
1357,74,3
1358,74,4
1359,74,5
1360,74,16
1361,74,17
1362,74,18
1363,74,19
1364,74,20
1365,74,21
1366,74,22
1367,74,23
1368,75,0
1369,75,1
1370,75,2
1371,75,3
1372,75,4
1373,75,5
1374,75,16
1375,75,17
1376,75,18
1377,75,19
1378,75,20
1379,75,21
1380,75,22
1381,75,23
1382,76,0
1383,76,1
1384,76,2
1385,76,3
1386,76,4
1387,76,5
1388,76,16
1389,76,17
1390,76,18
1391,76,19
1392,76,20
1393,76,21
1394,76,22
1395,76,23
1396,77,0
1397,77,1
1398,77,2
1399,77,3
1400,77,4
1401,77,5
1402,77,16
1403,77,17
1404,77,18
1405,77,19
1406,77,20
1407,77,21
1408,77,22
1409,77,23
1410,78,0
1411,78,1
1412,78,2
1413,78,3
1414,78,4
1415,78,5
1416,78,16
1417,78,17
1418,78,18
1419,78,19
1420,78,20
1421,78,21
1422,78,22
1423,78,23
1424,79,0
1425,79,1
1426,79,2
1427,79,3
1428,79,4
1429,79,5
1430,79,16
1431,79,17
1432,79,18
1433,79,19
1434,79,20
1435,79,21
1436,79,22
1437,79,23
1438,80,0
1439,80,1
1440,80,2
1441,80,3
1442,80,4
1443,80,5
1444,80,16
1445,80,17
1446,80,18
1447,80,19
1448,80,20
1449,80,21
1450,80,22
1451,80,23
1452,81,0
1453,81,1
1454,81,2
1455,81,3
1456,81,4
1457,81,5
1458,81,16
1459,81,17
1460,81,18
1461,81,19
1462,81,20
1463,81,21
1464,81,22
1465,81,23
1466,82,0
1467,82,1
1468,82,2
1469,82,3
1470,82,4
1471,82,5
1472,82,16
1473,82,17
1474,82,18
1475,82,19
1476,82,20
1477,82,21
1478,82,22
1479,82,23
1480,83,0
1481,83,1
1482,83,2
1483,83,3
1484,83,4
1485,83,5
1486,83,16
1487,83,17
1488,83,18
1489,83,19
1490,83,20
1491,83,21
1492,83,22
1493,83,23
1494,84,0
1495,84,1
1496,84,2
1497,84,3
1498,84,4
1499,84,5
1500,84,16
1501,84,17
1502,84,18
1503,84,19
1504,84,20
1505,84,21
1506,84,22
1507,84,23
1508,85,0
1509,85,1
1510,85,2
1511,85,3
1512,85,4
1513,85,5
1514,85,16
1515,85,17
1516,85,18
1517,85,19
1518,85,20
1519,85,21
1520,85,22
1521,85,23
1522,86,0
1523,86,1
1524,86,2
1525,86,3
1526,86,4
1527,86,5
1528,86,16
1529,86,17
1530,86,18
1531,86,19
1532,86,20
1533,86,21
1534,86,22
1535,86,23
1536,87,0
1537,87,1
1538,87,2
1539,87,3
1540,87,4
1541,87,5
1542,87,16
1543,87,17
1544,87,18
1545,87,19
1546,87,20
1547,87,21
1548,87,22
1549,87,23
1550,88,0
1551,88,1
1552,88,2
1553,88,3
1554,88,4
1555,88,5
1556,88,16
1557,88,17
1558,88,18
1559,88,19
1560,88,20
1561,88,21
1562,88,22
1563,88,23
1564,89,0
1565,89,1
1566,89,2
1567,89,3
1568,89,4
1569,89,5
1570,89,16
1571,89,17
1572,89,18
1573,89,19
1574,89,20
1575,89,21
1576,89,22
1577,89,23
1578,90,0
1579,90,1
1580,90,2
1581,90,3
1582,90,4
1583,90,5
1584,90,16
1585,90,17
1586,90,18
1587,90,19
1588,90,20
1589,90,21
1590,90,22
1591,90,23
1592,91,0
1593,91,1
1594,91,2
1595,91,3
1596,91,4
1597,91,5
1598,91,16
1599,91,17
1600,91,18
1601,91,19
1602,91,20
1603,91,21
1604,91,22
1605,91,23
1606,92,0
1607,92,1
1608,92,2
1609,92,3
1610,92,4
1611,92,5
1612,92,16
1613,92,17
1614,92,18
1615,92,19
1616,92,20
1617,92,21
1618,92,22
1619,92,23
1620,93,0
1621,93,1
1622,93,2
1623,93,3
1624,93,4
1625,93,5
1626,93,17
1627,93,18
1628,93,19
1629,93,20
1630,93,21
1631,93,22
1632,93,23
1633,94,0
1634,94,1
1635,94,2
1636,94,3
1637,94,4
1638,94,17
1639,94,18
1640,94,19
1641,94,20
1642,94,21
1643,94,22
1644,94,23
1645,95,0
1646,95,1
1647,95,2
1648,95,3
1649,95,4
1650,95,16
1651,95,17
1652,95,18
1653,95,19
1654,95,20
1655,95,21
1656,95,22
1657,95,23
1658,96,0
1659,96,1
1660,96,2
1661,96,3
1662,96,4
1663,96,5
1664,96,17
1665,96,18
1666,96,19
1667,96,20
1668,96,21
1669,96,22
1670,96,23
1671,97,0
1672,97,1
1673,97,2
1674,97,3
1675,97,4
1676,97,5
1677,97,17
1678,97,18
1679,97,19
1680,97,20
1681,97,21
1682,97,22
1683,97,23
1684,98,0
1685,98,1
1686,98,2
1687,98,3
1688,98,4
1689,98,17
1690,98,18
1691,98,19
1692,98,20
1693,98,21
1694,98,22
1695,98,23
1696,99,0
1697,99,1
1698,99,2
1699,99,3
1700,99,4
1701,99,17
1702,99,18
1703,99,19
1704,99,20
1705,99,21
1706,99,22
1707,99,23
1708,100,0
1709,100,1
1710,100,2
1711,100,3
1712,100,4
1713,100,17
1714,100,18
1715,100,19
1716,100,20
1717,100,21
1718,100,22
1719,100,23
1720,101,0
1721,101,1
1722,101,2
1723,101,3
1724,101,4
1725,101,17
1726,101,18
1727,101,19
1728,101,20
1729,101,21
1730,101,22
1731,101,23
1732,102,0
1733,102,1
1734,102,2
1735,102,3
1736,102,4
1737,102,17
1738,102,18
1739,102,19
1740,102,20
1741,102,21
1742,102,22
1743,102,23
1744,103,0
1745,103,1
1746,103,2
1747,103,3
1748,103,4
1749,103,17
1750,103,18
1751,103,19
1752,103,20
1753,103,21
1754,103,22
1755,103,23
1756,104,0
1757,104,1
1758,104,2
1759,104,3
1760,104,4
1761,104,17
1762,104,18
1763,104,19
1764,104,20
1765,104,21
1766,104,22
1767,104,23
1768,105,0
1769,105,1
1770,105,2
1771,105,3
1772,105,4
1773,105,17
1774,105,18
1775,105,19
1776,105,20
1777,105,21
1778,105,22
1779,105,23
1780,106,0
1781,106,1
1782,106,2
1783,106,3
1784,106,4
1785,106,17
1786,106,18
1787,106,19
1788,106,20
1789,106,21
1790,106,22
1791,106,23
1792,107,0
1793,107,1
1794,107,2
1795,107,3
1796,107,4
1797,107,17
1798,107,18
1799,107,19
1800,107,20
1801,107,21
1802,107,22
1803,107,23
1804,108,0
1805,108,1
1806,108,2
1807,108,3
1808,108,4
1809,108,17
1810,108,18
1811,108,19
1812,108,20
1813,108,21
1814,108,22
1815,108,23
1816,109,0
1817,109,1
1818,109,2
1819,109,3
1820,109,4
1821,109,17
1822,109,18
1823,109,19
1824,109,20
1825,109,21
1826,109,22
1827,109,23
1828,110,0
1829,110,1
1830,110,2
1831,110,3
1832,110,4
1833,110,17
1834,110,18
1835,110,19
1836,110,20
1837,110,21
1838,110,22
1839,110,23
1840,111,0
1841,111,1
1842,111,2
1843,111,3
1844,111,4
1845,111,17
1846,111,18
1847,111,19
1848,111,20
1849,111,21
1850,111,22
1851,111,23
1852,112,0
1853,112,1
1854,112,2
1855,112,3
1856,112,4
1857,112,17
1858,112,18
1859,112,19
1860,112,20
1861,112,21
1862,112,22
1863,112,23
1864,113,0
1865,113,1
1866,113,2
1867,113,3
1868,113,4
1869,113,17
1870,113,18
1871,113,19
1872,113,20
1873,113,21
1874,113,22
1875,113,23
1876,114,0
1877,114,1
1878,114,2
1879,114,3
1880,114,4
1881,114,17
1882,114,18
1883,114,19
1884,114,20
1885,114,21
1886,114,22
1887,114,23
1888,115,0
1889,115,1
1890,115,2
1891,115,3
1892,115,4
1893,115,17
1894,115,18
1895,115,19
1896,115,20
1897,115,21
1898,115,22
1899,115,23
1900,116,0
1901,116,1
1902,116,2
1903,116,3
1904,116,4
1905,116,17
1906,116,18
1907,116,19
1908,116,20
1909,116,21
1910,116,22
1911,116,23
1912,117,0
1913,117,1
1914,117,2
1915,117,3
1916,117,4
1917,117,17
1918,117,18
1919,117,19
1920,117,20
1921,117,21
1922,117,22
1923,117,23
1924,118,0
1925,118,1
1926,118,2
1927,118,3
1928,118,4
1929,118,17
1930,118,18
1931,118,19
1932,118,20
1933,118,21
1934,118,22
1935,118,23
1936,119,0
1937,119,1
1938,119,2
1939,119,3
1940,119,4
1941,119,17
1942,119,18
1943,119,19
1944,119,20
1945,119,21
1946,119,22
1947,119,23
1948,120,0
1949,120,1
1950,120,2
1951,120,3
1952,120,4
1953,120,17
1954,120,18
1955,120,19
1956,120,20
1957,120,21
1958,120,22
1959,120,23
1960,121,0
1961,121,1
1962,121,2
1963,121,3
1964,121,4
1965,121,17
1966,121,18
1967,121,19
1968,121,20
1969,121,21
1970,121,22
1971,121,23
1972,122,0
1973,122,1
1974,122,2
1975,122,3
1976,122,4
1977,122,17
1978,122,18
1979,122,19
1980,122,20
1981,122,21
1982,122,22
1983,122,23
1984,123,0
1985,123,1
1986,123,2
1987,123,3
1988,123,4
1989,123,17
1990,123,18
1991,123,19
1992,123,20
1993,123,21
1994,123,22
1995,123,23
1996,124,0
1997,124,1
1998,124,2
1999,124,3
2000,124,4
2001,124,17
2002,124,18
2003,124,19
2004,124,20
2005,124,21
2006,124,22
2007,124,23
2008,125,0
2009,125,1
2010,125,2
2011,125,3
2012,125,4
2013,125,18
2014,125,19
2015,125,20
2016,125,21
2017,125,22
2018,125,23
2019,126,0
2020,126,1
2021,126,2
2022,126,3
2023,126,4
2024,126,18
2025,126,19
2026,126,20
2027,126,21
2028,126,22
2029,126,23
2030,127,0
2031,127,1
2032,127,2
2033,127,3
2034,127,4
2035,127,18
2036,127,19
2037,127,20
2038,127,21
2039,127,22
2040,127,23
2041,128,0
2042,128,1
2043,128,2
2044,128,3
2045,128,18
2046,128,19
2047,128,20
2048,128,21
2049,128,22
2050,128,23
2051,129,0
2052,129,1
2053,129,2
2054,129,3
2055,129,18
2056,129,19
2057,129,20
2058,129,21
2059,129,22
2060,129,23
2061,130,0
2062,130,1
2063,130,2
2064,130,3
2065,130,18
2066,130,19
2067,130,20
2068,130,21
2069,130,22
2070,130,23
2071,131,0
2072,131,1
2073,131,2
2074,131,3
2075,131,18
2076,131,19
2077,131,20
2078,131,21
2079,131,22
2080,131,23
2081,132,0
2082,132,1
2083,132,2
2084,132,3
2085,132,18
2086,132,19
2087,132,20
2088,132,21
2089,132,22
2090,132,23
2091,133,0
2092,133,1
2093,133,2
2094,133,3
2095,133,18
2096,133,19
2097,133,20
2098,133,21
2099,133,22
2100,133,23
2101,134,0
2102,134,1
2103,134,2
2104,134,3
2105,134,18
2106,134,19
2107,134,20
2108,134,21
2109,134,22
2110,134,23
2111,135,0
2112,135,1
2113,135,2
2114,135,3
2115,135,18
2116,135,19
2117,135,20
2118,135,21
2119,135,22
2120,135,23
2121,136,0
2122,136,1
2123,136,2
2124,136,3
2125,136,18
2126,136,19
2127,136,20
2128,136,21
2129,136,22
2130,136,23
2131,137,0
2132,137,1
2133,137,2
2134,137,3
2135,137,18
2136,137,19
2137,137,20
2138,137,21
2139,137,22
2140,137,23
2141,138,0
2142,138,1
2143,138,2
2144,138,3
2145,138,18
2146,138,19
2147,138,20
2148,138,21
2149,138,22
2150,138,23
2151,139,0
2152,139,1
2153,139,2
2154,139,3
2155,139,18
2156,139,19
2157,139,20
2158,139,21
2159,139,22
2160,139,23
2161,140,0
2162,140,1
2163,140,2
2164,140,3
2165,140,18
2166,140,19
2167,140,20
2168,140,21
2169,140,22
2170,140,23
2171,141,0
2172,141,1
2173,141,2
2174,141,3
2175,141,18
2176,141,19
2177,141,20
2178,141,21
2179,141,22
2180,141,23
2181,142,0
2182,142,1
2183,142,2
2184,142,3
2185,142,18
2186,142,19
2187,142,20
2188,142,21
2189,142,22
2190,142,23
2191,143,0
2192,143,1
2193,143,2
2194,143,3
2195,143,18
2196,143,19
2197,143,20
2198,143,21
2199,143,22
2200,143,23
2201,144,0
2202,144,1
2203,144,2
2204,144,3
2205,144,18
2206,144,19
2207,144,20
2208,144,21
2209,144,22
2210,144,23
2211,145,0
2212,145,1
2213,145,2
2214,145,3
2215,145,18
2216,145,19
2217,145,20
2218,145,21
2219,145,22
2220,145,23
2221,146,0
2222,146,1
2223,146,2
2224,146,3
2225,146,18
2226,146,19
2227,146,20
2228,146,21
2229,146,22
2230,146,23
2231,147,0
2232,147,1
2233,147,2
2234,147,3
2235,147,18
2236,147,19
2237,147,20
2238,147,21
2239,147,22
2240,147,23
2241,148,0
2242,148,1
2243,148,2
2244,148,3
2245,148,18
2246,148,19
2247,148,20
2248,148,21
2249,148,22
2250,148,23
2251,149,0
2252,149,1
2253,149,2
2254,149,3
2255,149,18
2256,149,19
2257,149,20
2258,149,21
2259,149,22
2260,149,23
2261,150,0
2262,150,1
2263,150,2
2264,150,3
2265,150,18
2266,150,19
2267,150,20
2268,150,21
2269,150,22
2270,150,23
2271,151,0
2272,151,1
2273,151,2
2274,151,3
2275,151,18
2276,151,19
2277,151,20
2278,151,21
2279,151,22
2280,151,23
2281,152,0
2282,152,1
2283,152,2
2284,152,3
2285,152,18
2286,152,19
2287,152,20
2288,152,21
2289,152,22
2290,152,23
2291,153,0
2292,153,1
2293,153,2
2294,153,3
2295,153,18
2296,153,19
2297,153,20
2298,153,21
2299,153,22
2300,153,23
2301,154,0
2302,154,1
2303,154,2
2304,154,3
2305,154,18
2306,154,19
2307,154,20
2308,154,21
2309,154,22
2310,154,23
2311,155,0
2312,155,1
2313,155,2
2314,155,3
2315,155,18
2316,155,19
2317,155,20
2318,155,21
2319,155,22
2320,155,23
2321,156,0
2322,156,1
2323,156,2
2324,156,3
2325,156,18
2326,156,19
2327,156,20
2328,156,21
2329,156,22
2330,156,23
2331,157,0
2332,157,1
2333,157,2
2334,157,3
2335,157,18
2336,157,19
2337,157,20
2338,157,21
2339,157,22
2340,157,23
2341,158,0
2342,158,1
2343,158,2
2344,158,3
2345,158,18
2346,158,19
2347,158,20
2348,158,21
2349,158,22
2350,158,23
2351,159,0
2352,159,1
2353,159,2
2354,159,3
2355,159,18
2356,159,19
2357,159,20
2358,159,21
2359,159,22
2360,159,23
2361,160,0
2362,160,1
2363,160,2
2364,160,3
2365,160,18
2366,160,19
2367,160,20
2368,160,21
2369,160,22
2370,160,23
2371,161,0
2372,161,1
2373,161,2
2374,161,3
2375,161,18
2376,161,19
2377,161,20
2378,161,21
2379,161,22
2380,161,23
2381,162,0
2382,162,1
2383,162,2
2384,162,3
2385,162,18
2386,162,19
2387,162,20
2388,162,21
2389,162,22
2390,162,23
2391,163,0
2392,163,1
2393,163,2
2394,163,3
2395,163,18
2396,163,19
2397,163,20
2398,163,21
2399,163,22
2400,163,23
2401,164,0
2402,164,1
2403,164,2
2404,164,3
2405,164,18
2406,164,19
2407,164,20
2408,164,21
2409,164,22
2410,164,23
2411,165,0
2412,165,1
2413,165,2
2414,165,3
2415,165,18
2416,165,19
2417,165,20
2418,165,21
2419,165,22
2420,165,23
2421,166,0
2422,166,1
2423,166,2
2424,166,3
2425,166,18
2426,166,19
2427,166,20
2428,166,21
2429,166,22
2430,166,23
2431,167,0
2432,167,1
2433,167,2
2434,167,3
2435,167,18
2436,167,19
2437,167,20
2438,167,21
2439,167,22
2440,167,23
2441,168,0
2442,168,1
2443,168,2
2444,168,3
2445,168,18
2446,168,19
2447,168,20
2448,168,21
2449,168,22
2450,168,23
2451,169,0
2452,169,1
2453,169,2
2454,169,3
2455,169,18
2456,169,19
2457,169,20
2458,169,21
2459,169,22
2460,169,23
2461,170,0
2462,170,1
2463,170,2
2464,170,3
2465,170,18
2466,170,19
2467,170,20
2468,170,21
2469,170,22
2470,170,23
2471,171,0
2472,171,1
2473,171,2
2474,171,3
2475,171,18
2476,171,19
2477,171,20
2478,171,21
2479,171,22
2480,171,23
2481,172,0
2482,172,1
2483,172,2
2484,172,3
2485,172,18
2486,172,19
2487,172,20
2488,172,21
2489,172,22
2490,172,23
2491,173,0
2492,173,1
2493,173,2
2494,173,3
2495,173,18
2496,173,19
2497,173,20
2498,173,21
2499,173,22
2500,173,23
2501,174,0
2502,174,1
2503,174,2
2504,174,3
2505,174,18
2506,174,19
2507,174,20
2508,174,21
2509,174,22
2510,174,23
2511,175,0
2512,175,1
2513,175,2
2514,175,3
2515,175,18
2516,175,19
2517,175,20
2518,175,21
2519,175,22
2520,175,23
2521,176,0
2522,176,1
2523,176,2
2524,176,3
2525,176,18
2526,176,19
2527,176,20
2528,176,21
2529,176,22
2530,176,23
2531,177,0
2532,177,1
2533,177,2
2534,177,3
2535,177,18
2536,177,19
2537,177,20
2538,177,21
2539,177,22
2540,177,23
2541,178,0
2542,178,1
2543,178,2
2544,178,3
2545,178,18
2546,178,19
2547,178,20
2548,178,21
2549,178,22
2550,178,23
2551,179,0
2552,179,1
2553,179,2
2554,179,3
2555,179,18
2556,179,19
2557,179,20
2558,179,21
2559,179,22
2560,179,23
2561,180,0
2562,180,1
2563,180,2
2564,180,3
2565,180,18
2566,180,19
2567,180,20
2568,180,21
2569,180,22
2570,180,23
2571,181,0
2572,181,1
2573,181,2
2574,181,3
2575,181,18
2576,181,19
2577,181,20
2578,181,21
2579,181,22
2580,181,23
2581,182,0
2582,182,1
2583,182,2
2584,182,3
2585,182,18
2586,182,19
2587,182,20
2588,182,21
2589,182,22
2590,182,23
2591,183,0
2592,183,1
2593,183,2
2594,183,3
2595,183,18
2596,183,19
2597,183,20
2598,183,21
2599,183,22
2600,183,23
2601,184,0
2602,184,1
2603,184,2
2604,184,3
2605,184,18
2606,184,19
2607,184,20
2608,184,21
2609,184,22
2610,184,23
2611,185,0
2612,185,1
2613,185,2
2614,185,3
2615,185,18
2616,185,19
2617,185,20
2618,185,21
2619,185,22
2620,185,23
2621,186,0
2622,186,1
2623,186,2
2624,186,3
2625,186,18
2626,186,19
2627,186,20
2628,186,21
2629,186,22
2630,186,23
2631,187,0
2632,187,1
2633,187,2
2634,187,3
2635,187,18
2636,187,19
2637,187,20
2638,187,21
2639,187,22
2640,187,23
2641,188,0
2642,188,1
2643,188,2
2644,188,3
2645,188,18
2646,188,19
2647,188,20
2648,188,21
2649,188,22
2650,188,23
2651,189,0
2652,189,1
2653,189,2
2654,189,3
2655,189,18
2656,189,19
2657,189,20
2658,189,21
2659,189,22
2660,189,23
2661,190,0
2662,190,1
2663,190,2
2664,190,3
2665,190,18
2666,190,19
2667,190,20
2668,190,21
2669,190,22
2670,190,23
2671,191,0
2672,191,1
2673,191,2
2674,191,3
2675,191,18
2676,191,19
2677,191,20
2678,191,21
2679,191,22
2680,191,23
2681,192,0
2682,192,1
2683,192,2
2684,192,3
2685,192,18
2686,192,19
2687,192,20
2688,192,21
2689,192,22
2690,192,23
2691,193,0
2692,193,1
2693,193,2
2694,193,3
2695,193,18
2696,193,19
2697,193,20
2698,193,21
2699,193,22
2700,193,23
2701,194,0
2702,194,1
2703,194,2
2704,194,3
2705,194,18
2706,194,19
2707,194,20
2708,194,21
2709,194,22
2710,194,23
2711,195,0
2712,195,1
2713,195,2
2714,195,3
2715,195,18
2716,195,19
2717,195,20
2718,195,21
2719,195,22
2720,195,23
2721,196,0
2722,196,1
2723,196,2
2724,196,3
2725,196,18
2726,196,19
2727,196,20
2728,196,21
2729,196,22
2730,196,23
2731,197,0
2732,197,1
2733,197,2
2734,197,3
2735,197,18
2736,197,19
2737,197,20
2738,197,21
2739,197,22
2740,197,23
2741,198,0
2742,198,1
2743,198,2
2744,198,3
2745,198,18
2746,198,19
2747,198,20
2748,198,21
2749,198,22
2750,198,23
2751,199,0
2752,199,1
2753,199,2
2754,199,3
2755,199,18
2756,199,19
2757,199,20
2758,199,21
2759,199,22
2760,199,23
2761,200,0
2762,200,1
2763,200,2
2764,200,3
2765,200,18
2766,200,19
2767,200,20
2768,200,21
2769,200,22
2770,200,23
2771,201,0
2772,201,1
2773,201,2
2774,201,3
2775,201,18
2776,201,19
2777,201,20
2778,201,21
2779,201,22
2780,201,23
2781,202,0
2782,202,1
2783,202,2
2784,202,3
2785,202,18
2786,202,19
2787,202,20
2788,202,21
2789,202,22
2790,202,23
2791,203,0
2792,203,1
2793,203,2
2794,203,3
2795,203,18
2796,203,19
2797,203,20
2798,203,21
2799,203,22
2800,203,23
2801,204,0
2802,204,1
2803,204,2
2804,204,3
2805,204,18
2806,204,19
2807,204,20
2808,204,21
2809,204,22
2810,204,23
2811,205,0
2812,205,1
2813,205,2
2814,205,3
2815,205,18
2816,205,19
2817,205,20
2818,205,21
2819,205,22
2820,205,23
2821,206,0
2822,206,1
2823,206,2
2824,206,3
2825,206,18
2826,206,19
2827,206,20
2828,206,21
2829,206,22
2830,206,23
2831,207,0
2832,207,1
2833,207,2
2834,207,3
2835,207,18
2836,207,19
2837,207,20
2838,207,21
2839,207,22
2840,207,23
2841,208,0
2842,208,1
2843,208,2
2844,208,3
2845,208,18
2846,208,19
2847,208,20
2848,208,21
2849,208,22
2850,208,23
2851,209,0
2852,209,1
2853,209,2
2854,209,3
2855,209,18
2856,209,19
2857,209,20
2858,209,21
2859,209,22
2860,209,23
2861,210,0
2862,210,1
2863,210,2
2864,210,3
2865,210,18
2866,210,19
2867,210,20
2868,210,21
2869,210,22
2870,210,23
2871,211,0
2872,211,1
2873,211,2
2874,211,3
2875,211,18
2876,211,19
2877,211,20
2878,211,21
2879,211,22
2880,211,23
2881,212,0
2882,212,1
2883,212,2
2884,212,3
2885,212,18
2886,212,19
2887,212,20
2888,212,21
2889,212,22
2890,212,23
2891,213,0
2892,213,1
2893,213,2
2894,213,3
2895,213,18
2896,213,19
2897,213,20
2898,213,21
2899,213,22
2900,213,23
2901,214,0
2902,214,1
2903,214,2
2904,214,3
2905,214,18
2906,214,19
2907,214,20
2908,214,21
2909,214,22
2910,214,23
2911,215,0
2912,215,1
2913,215,2
2914,215,3
2915,215,18
2916,215,19
2917,215,20
2918,215,21
2919,215,22
2920,215,23
2921,216,0
2922,216,1
2923,216,2
2924,216,3
2925,216,18
2926,216,19
2927,216,20
2928,216,21
2929,216,22
2930,216,23
2931,217,0
2932,217,1
2933,217,2
2934,217,3
2935,217,4
2936,217,18
2937,217,19
2938,217,20
2939,217,21
2940,217,22
2941,217,23
2942,218,0
2943,218,1
2944,218,2
2945,218,3
2946,218,4
2947,218,18
2948,218,19
2949,218,20
2950,218,21
2951,218,22
2952,218,23
2953,219,0
2954,219,1
2955,219,2
2956,219,3
2957,219,4
2958,219,18
2959,219,19
2960,219,20
2961,219,21
2962,219,22
2963,219,23
2964,220,0
2965,220,1
2966,220,2
2967,220,3
2968,220,4
2969,220,17
2970,220,18
2971,220,19
2972,220,20
2973,220,21
2974,220,22
2975,220,23
2976,221,0
2977,221,1
2978,221,2
2979,221,3
2980,221,4
2981,221,18
2982,221,19
2983,221,20
2984,221,21
2985,221,22
2986,221,23
2987,222,0
2988,222,1
2989,222,2
2990,222,3
2991,222,4
2992,222,17
2993,222,18
2994,222,19
2995,222,20
2996,222,21
2997,222,22
2998,222,23
2999,223,0
3000,223,1
3001,223,2
3002,223,3
3003,223,4
3004,223,17
3005,223,18
3006,223,19
3007,223,20
3008,223,21
3009,223,22
3010,223,23
3011,224,0
3012,224,1
3013,224,2
3014,224,3
3015,224,4
3016,224,17
3017,224,18
3018,224,19
3019,224,20
3020,224,21
3021,224,22
3022,224,23
3023,225,0
3024,225,1
3025,225,2
3026,225,3
3027,225,4
3028,225,17
3029,225,18
3030,225,19
3031,225,20
3032,225,21
3033,225,22
3034,225,23
3035,226,0
3036,226,1
3037,226,2
3038,226,3
3039,226,4
3040,226,17
3041,226,18
3042,226,19
3043,226,20
3044,226,21
3045,226,22
3046,226,23
3047,227,0
3048,227,1
3049,227,2
3050,227,3
3051,227,4
3052,227,17
3053,227,18
3054,227,19
3055,227,20
3056,227,21
3057,227,22
3058,227,23
3059,228,0
3060,228,1
3061,228,2
3062,228,3
3063,228,4
3064,228,17
3065,228,18
3066,228,19
3067,228,20
3068,228,21
3069,228,22
3070,228,23
3071,229,0
3072,229,1
3073,229,2
3074,229,3
3075,229,4
3076,229,17
3077,229,18
3078,229,19
3079,229,20
3080,229,21
3081,229,22
3082,229,23
3083,230,0
3084,230,1
3085,230,2
3086,230,3
3087,230,4
3088,230,17
3089,230,18
3090,230,19
3091,230,20
3092,230,21
3093,230,22
3094,230,23
3095,231,0
3096,231,1
3097,231,2
3098,231,3
3099,231,4
3100,231,17
3101,231,18
3102,231,19
3103,231,20
3104,231,21
3105,231,22
3106,231,23
3107,232,0
3108,232,1
3109,232,2
3110,232,3
3111,232,4
3112,232,17
3113,232,18
3114,232,19
3115,232,20
3116,232,21
3117,232,22
3118,232,23
3119,233,0
3120,233,1
3121,233,2
3122,233,3
3123,233,4
3124,233,17
3125,233,18
3126,233,19
3127,233,20
3128,233,21
3129,233,22
3130,233,23
3131,234,0
3132,234,1
3133,234,2
3134,234,3
3135,234,4
3136,234,17
3137,234,18
3138,234,19
3139,234,20
3140,234,21
3141,234,22
3142,234,23
3143,235,0
3144,235,1
3145,235,2
3146,235,3
3147,235,4
3148,235,17
3149,235,18
3150,235,19
3151,235,20
3152,235,21
3153,235,22
3154,235,23
3155,236,0
3156,236,1
3157,236,2
3158,236,3
3159,236,4
3160,236,17
3161,236,18
3162,236,19
3163,236,20
3164,236,21
3165,236,22
3166,236,23
3167,237,0
3168,237,1
3169,237,2
3170,237,3
3171,237,4
3172,237,17
3173,237,18
3174,237,19
3175,237,20
3176,237,21
3177,237,22
3178,237,23
3179,238,0
3180,238,1
3181,238,2
3182,238,3
3183,238,4
3184,238,17
3185,238,18
3186,238,19
3187,238,20
3188,238,21
3189,238,22
3190,238,23
3191,239,0
3192,239,1
3193,239,2
3194,239,3
3195,239,4
3196,239,17
3197,239,18
3198,239,19
3199,239,20
3200,239,21
3201,239,22
3202,239,23
3203,240,0
3204,240,1
3205,240,2
3206,240,3
3207,240,4
3208,240,17
3209,240,18
3210,240,19
3211,240,20
3212,240,21
3213,240,22
3214,240,23
3215,241,0
3216,241,1
3217,241,2
3218,241,3
3219,241,4
3220,241,17
3221,241,18
3222,241,19
3223,241,20
3224,241,21
3225,241,22
3226,241,23
3227,242,0
3228,242,1
3229,242,2
3230,242,3
3231,242,4
3232,242,17
3233,242,18
3234,242,19
3235,242,20
3236,242,21
3237,242,22
3238,242,23
3239,243,0
3240,243,1
3241,243,2
3242,243,3
3243,243,4
3244,243,17
3245,243,18
3246,243,19
3247,243,20
3248,243,21
3249,243,22
3250,243,23
3251,244,0
3252,244,1
3253,244,2
3254,244,3
3255,244,4
3256,244,17
3257,244,18
3258,244,19
3259,244,20
3260,244,21
3261,244,22
3262,244,23
3263,245,0
3264,245,1
3265,245,2
3266,245,3
3267,245,4
3268,245,17
3269,245,18
3270,245,19
3271,245,20
3272,245,21
3273,245,22
3274,245,23
3275,246,0
3276,246,1
3277,246,2
3278,246,3
3279,246,4
3280,246,17
3281,246,18
3282,246,19
3283,246,20
3284,246,21
3285,246,22
3286,246,23
3287,247,0
3288,247,1
3289,247,2
3290,247,3
3291,247,4
3292,247,17
3293,247,18
3294,247,19
3295,247,20
3296,247,21
3297,247,22
3298,247,23
3299,248,0
3300,248,1
3301,248,2
3302,248,3
3303,248,4
3304,248,17
3305,248,18
3306,248,19
3307,248,20
3308,248,21
3309,248,22
3310,248,23
3311,249,0
3312,249,1
3313,249,2
3314,249,3
3315,249,4
3316,249,17
3317,249,18
3318,249,19
3319,249,20
3320,249,21
3321,249,22
3322,249,23
3323,250,0
3324,250,1
3325,250,2
3326,250,3
3327,250,4
3328,250,17
3329,250,18
3330,250,19
3331,250,20
3332,250,21
3333,250,22
3334,250,23
3335,251,0
3336,251,1
3337,251,2
3338,251,3
3339,251,4
3340,251,5
3341,251,17
3342,251,18
3343,251,19
3344,251,20
3345,251,21
3346,251,22
3347,251,23
3348,252,0
3349,252,1
3350,252,2
3351,252,3
3352,252,4
3353,252,5
3354,252,17
3355,252,18
3356,252,19
3357,252,20
3358,252,21
3359,252,22
3360,252,23
3361,253,0
3362,253,1
3363,253,2
3364,253,3
3365,253,4
3366,253,5
3367,253,17
3368,253,18
3369,253,19
3370,253,20
3371,253,21
3372,253,22
3373,253,23
3374,254,0
3375,254,1
3376,254,2
3377,254,3
3378,254,4
3379,254,5
3380,254,16
3381,254,17
3382,254,18
3383,254,19
3384,254,20
3385,254,21
3386,254,22
3387,254,23
3388,255,0
3389,255,1
3390,255,2
3391,255,3
3392,255,4
3393,255,5
3394,255,16
3395,255,17
3396,255,18
3397,255,19
3398,255,20
3399,255,21
3400,255,22
3401,255,23
3402,256,0
3403,256,1
3404,256,2
3405,256,3
3406,256,4
3407,256,5
3408,256,16
3409,256,17
3410,256,18
3411,256,19
3412,256,20
3413,256,21
3414,256,22
3415,256,23
3416,257,0
3417,257,1
3418,257,2
3419,257,3
3420,257,4
3421,257,5
3422,257,16
3423,257,17
3424,257,18
3425,257,19
3426,257,20
3427,257,21
3428,257,22
3429,257,23
3430,258,0
3431,258,1
3432,258,2
3433,258,3
3434,258,4
3435,258,5
3436,258,16
3437,258,17
3438,258,18
3439,258,19
3440,258,20
3441,258,21
3442,258,22
3443,258,23
3444,259,0
3445,259,1
3446,259,2
3447,259,3
3448,259,4
3449,259,5
3450,259,16
3451,259,17
3452,259,18
3453,259,19
3454,259,20
3455,259,21
3456,259,22
3457,259,23
3458,260,0
3459,260,1
3460,260,2
3461,260,3
3462,260,4
3463,260,5
3464,260,16
3465,260,17
3466,260,18
3467,260,19
3468,260,20
3469,260,21
3470,260,22
3471,260,23
3472,261,0
3473,261,1
3474,261,2
3475,261,3
3476,261,4
3477,261,5
3478,261,16
3479,261,17
3480,261,18
3481,261,19
3482,261,20
3483,261,21
3484,261,22
3485,261,23
3486,262,0
3487,262,1
3488,262,2
3489,262,3
3490,262,4
3491,262,5
3492,262,16
3493,262,17
3494,262,18
3495,262,19
3496,262,20
3497,262,21
3498,262,22
3499,262,23
3500,263,0
3501,263,1
3502,263,2
3503,263,3
3504,263,4
3505,263,5
3506,263,16
3507,263,17
3508,263,18
3509,263,19
3510,263,20
3511,263,21
3512,263,22
3513,263,23
3514,264,0
3515,264,1
3516,264,2
3517,264,3
3518,264,4
3519,264,5
3520,264,16
3521,264,17
3522,264,18
3523,264,19
3524,264,20
3525,264,21
3526,264,22
3527,264,23
3528,265,0
3529,265,1
3530,265,2
3531,265,3
3532,265,4
3533,265,5
3534,265,16
3535,265,17
3536,265,18
3537,265,19
3538,265,20
3539,265,21
3540,265,22
3541,265,23
3542,266,0
3543,266,1
3544,266,2
3545,266,3
3546,266,4
3547,266,5
3548,266,16
3549,266,17
3550,266,18
3551,266,19
3552,266,20
3553,266,21
3554,266,22
3555,266,23
3556,267,0
3557,267,1
3558,267,2
3559,267,3
3560,267,4
3561,267,5
3562,267,16
3563,267,17
3564,267,18
3565,267,19
3566,267,20
3567,267,21
3568,267,22
3569,267,23
3570,268,0
3571,268,1
3572,268,2
3573,268,3
3574,268,4
3575,268,5
3576,268,16
3577,268,17
3578,268,18
3579,268,19
3580,268,20
3581,268,21
3582,268,22
3583,268,23
3584,269,0
3585,269,1
3586,269,2
3587,269,3
3588,269,4
3589,269,5
3590,269,16
3591,269,17
3592,269,18
3593,269,19
3594,269,20
3595,269,21
3596,269,22
3597,269,23
3598,270,0
3599,270,1
3600,270,2
3601,270,3
3602,270,4
3603,270,5
3604,270,16
3605,270,17
3606,270,18
3607,270,19
3608,270,20
3609,270,21
3610,270,22
3611,270,23
3612,271,0
3613,271,1
3614,271,2
3615,271,3
3616,271,4
3617,271,5
3618,271,16
3619,271,17
3620,271,18
3621,271,19
3622,271,20
3623,271,21
3624,271,22
3625,271,23
3626,272,0
3627,272,1
3628,272,2
3629,272,3
3630,272,4
3631,272,5
3632,272,16
3633,272,17
3634,272,18
3635,272,19
3636,272,20
3637,272,21
3638,272,22
3639,272,23
3640,273,0
3641,273,1
3642,273,2
3643,273,3
3644,273,4
3645,273,5
3646,273,6
3647,273,16
3648,273,17
3649,273,18
3650,273,19
3651,273,20
3652,273,21
3653,273,22
3654,273,23
3655,274,0
3656,274,1
3657,274,2
3658,274,3
3659,274,4
3660,274,5
3661,274,6
3662,274,16
3663,274,17
3664,274,18
3665,274,19
3666,274,20
3667,274,21
3668,274,22
3669,274,23
3670,275,0
3671,275,1
3672,275,2
3673,275,3
3674,275,4
3675,275,5
3676,275,6
3677,275,16
3678,275,17
3679,275,18
3680,275,19
3681,275,20
3682,275,21
3683,275,22
3684,275,23
3685,276,0
3686,276,1
3687,276,2
3688,276,3
3689,276,4
3690,276,5
3691,276,6
3692,276,16
3693,276,17
3694,276,18
3695,276,19
3696,276,20
3697,276,21
3698,276,22
3699,276,23
3700,277,0
3701,277,1
3702,277,2
3703,277,3
3704,277,4
3705,277,5
3706,277,6
3707,277,16
3708,277,17
3709,277,18
3710,277,19
3711,277,20
3712,277,21
3713,277,22
3714,277,23
3715,278,0
3716,278,1
3717,278,2
3718,278,3
3719,278,4
3720,278,5
3721,278,6
3722,278,16
3723,278,17
3724,278,18
3725,278,19
3726,278,20
3727,278,21
3728,278,22
3729,278,23
3730,279,0
3731,279,1
3732,279,2
3733,279,3
3734,279,4
3735,279,5
3736,279,6
3737,279,15
3738,279,16
3739,279,17
3740,279,18
3741,279,19
3742,279,20
3743,279,21
3744,279,22
3745,279,23
3746,280,0
3747,280,1
3748,280,2
3749,280,3
3750,280,4
3751,280,5
3752,280,6
3753,280,15
3754,280,16
3755,280,17
3756,280,18
3757,280,19
3758,280,20
3759,280,21
3760,280,22
3761,280,23
3762,281,0
3763,281,1
3764,281,2
3765,281,3
3766,281,4
3767,281,5
3768,281,6
3769,281,15
3770,281,16
3771,281,17
3772,281,18
3773,281,19
3774,281,20
3775,281,21
3776,281,22
3777,281,23
3778,282,0
3779,282,1
3780,282,2
3781,282,3
3782,282,4
3783,282,5
3784,282,6
3785,282,15
3786,282,16
3787,282,17
3788,282,18
3789,282,19
3790,282,20
3791,282,21
3792,282,22
3793,282,23
3794,283,0
3795,283,1
3796,283,2
3797,283,3
3798,283,4
3799,283,5
3800,283,6
3801,283,15
3802,283,16
3803,283,17
3804,283,18
3805,283,19
3806,283,20
3807,283,21
3808,283,22
3809,283,23
3810,284,0
3811,284,1
3812,284,2
3813,284,3
3814,284,4
3815,284,5
3816,284,6
3817,284,15
3818,284,16
3819,284,17
3820,284,18
3821,284,19
3822,284,20
3823,284,21
3824,284,22
3825,284,23
3826,285,0
3827,285,1
3828,285,2
3829,285,3
3830,285,4
3831,285,5
3832,285,6
3833,285,15
3834,285,16
3835,285,17
3836,285,18
3837,285,19
3838,285,20
3839,285,21
3840,285,22
3841,285,23
3842,286,0
3843,286,1
3844,286,2
3845,286,3
3846,286,4
3847,286,5
3848,286,6
3849,286,15
3850,286,16
3851,286,17
3852,286,18
3853,286,19
3854,286,20
3855,286,21
3856,286,22
3857,286,23
3858,287,0
3859,287,1
3860,287,2
3861,287,3
3862,287,4
3863,287,5
3864,287,6
3865,287,15
3866,287,16
3867,287,17
3868,287,18
3869,287,19
3870,287,20
3871,287,21
3872,287,22
3873,287,23
3874,288,0
3875,288,1
3876,288,2
3877,288,3
3878,288,4
3879,288,5
3880,288,6
3881,288,15
3882,288,16
3883,288,17
3884,288,18
3885,288,19
3886,288,20
3887,288,21
3888,288,22
3889,288,23
3890,289,0
3891,289,1
3892,289,2
3893,289,3
3894,289,4
3895,289,5
3896,289,6
3897,289,15
3898,289,16
3899,289,17
3900,289,18
3901,289,19
3902,289,20
3903,289,21
3904,289,22
3905,289,23
3906,290,0
3907,290,1
3908,290,2
3909,290,3
3910,290,4
3911,290,5
3912,290,6
3913,290,15
3914,290,16
3915,290,17
3916,290,18
3917,290,19
3918,290,20
3919,290,21
3920,290,22
3921,290,23
3922,291,0
3923,291,1
3924,291,2
3925,291,3
3926,291,4
3927,291,5
3928,291,6
3929,291,15
3930,291,16
3931,291,17
3932,291,18
3933,291,19
3934,291,20
3935,291,21
3936,291,22
3937,291,23
3938,292,0
3939,292,1
3940,292,2
3941,292,3
3942,292,4
3943,292,5
3944,292,6
3945,292,7
3946,292,15
3947,292,16
3948,292,17
3949,292,18
3950,292,19
3951,292,20
3952,292,21
3953,292,22
3954,292,23
3955,293,0
3956,293,1
3957,293,2
3958,293,3
3959,293,4
3960,293,5
3961,293,6
3962,293,7
3963,293,15
3964,293,16
3965,293,17
3966,293,18
3967,293,19
3968,293,20
3969,293,21
3970,293,22
3971,293,23
3972,294,0
3973,294,1
3974,294,2
3975,294,3
3976,294,4
3977,294,5
3978,294,6
3979,294,7
3980,294,15
3981,294,16
3982,294,17
3983,294,18
3984,294,19
3985,294,20
3986,294,21
3987,294,22
3988,294,23
3989,295,0
3990,295,1
3991,295,2
3992,295,3
3993,295,4
3994,295,5
3995,295,6
3996,295,7
3997,295,15
3998,295,16
3999,295,17
4000,295,18
4001,295,19
4002,295,20
4003,295,21
4004,295,22
4005,295,23
4006,296,0
4007,296,1
4008,296,2
4009,296,3
4010,296,4
4011,296,5
4012,296,6
4013,296,7
4014,296,15
4015,296,16
4016,296,17
4017,296,18
4018,296,19
4019,296,20
4020,296,21
4021,296,22
4022,296,23
4023,297,0
4024,297,1
4025,297,2
4026,297,3
4027,297,4
4028,297,5
4029,297,6
4030,297,7
4031,297,15
4032,297,16
4033,297,17
4034,297,18
4035,297,19
4036,297,20
4037,297,21
4038,297,22
4039,297,23
4040,298,0
4041,298,1
4042,298,2
4043,298,3
4044,298,4
4045,298,5
4046,298,6
4047,298,7
4048,298,15
4049,298,16
4050,298,17
4051,298,18
4052,298,19
4053,298,20
4054,298,21
4055,298,22
4056,298,23
4057,299,0
4058,299,1
4059,299,2
4060,299,3
4061,299,4
4062,299,5
4063,299,6
4064,299,7
4065,299,14
4066,299,15
4067,299,16
4068,299,17
4069,299,18
4070,299,19
4071,299,20
4072,299,21
4073,299,22
4074,299,23
4075,300,0
4076,300,1
4077,300,2
4078,300,3
4079,300,4
4080,300,5
4081,300,6
4082,300,7
4083,300,14
4084,300,15
4085,300,16
4086,300,17
4087,300,18
4088,300,19
4089,300,20
4090,300,21
4091,300,22
4092,300,23
4093,301,0
4094,301,1
4095,301,2
4096,301,3
4097,301,4
4098,301,5
4099,301,6
4100,301,7
4101,301,14
4102,301,15
4103,301,16
4104,301,17
4105,301,18
4106,301,19
4107,301,20
4108,301,21
4109,301,22
4110,301,23
4111,302,0
4112,302,1
4113,302,2
4114,302,3
4115,302,4
4116,302,5
4117,302,6
4118,302,7
4119,302,14
4120,302,15
4121,302,16
4122,302,17
4123,302,18
4124,302,19
4125,302,20
4126,302,21
4127,302,22
4128,302,23
4129,303,0
4130,303,1
4131,303,2
4132,303,3
4133,303,4
4134,303,5
4135,303,6
4136,303,7
4137,303,14
4138,303,15
4139,303,16
4140,303,17
4141,303,18
4142,303,19
4143,303,20
4144,303,21
4145,303,22
4146,303,23
4147,304,0
4148,304,1
4149,304,2
4150,304,3
4151,304,4
4152,304,5
4153,304,6
4154,304,7
4155,304,14
4156,304,15
4157,304,16
4158,304,17
4159,304,18
4160,304,19
4161,304,20
4162,304,21
4163,304,22
4164,304,23
4165,305,0
4166,305,1
4167,305,2
4168,305,3
4169,305,4
4170,305,5
4171,305,6
4172,305,7
4173,305,14
4174,305,15
4175,305,16
4176,305,17
4177,305,18
4178,305,19
4179,305,20
4180,305,21
4181,305,22
4182,305,23
4183,306,0
4184,306,1
4185,306,2
4186,306,3
4187,306,4
4188,306,5
4189,306,6
4190,306,7
4191,306,14
4192,306,15
4193,306,16
4194,306,17
4195,306,18
4196,306,19
4197,306,20
4198,306,21
4199,306,22
4200,306,23
4201,307,0
4202,307,1
4203,307,2
4204,307,3
4205,307,4
4206,307,5
4207,307,6
4208,307,7
4209,307,14
4210,307,15
4211,307,16
4212,307,17
4213,307,18
4214,307,19
4215,307,20
4216,307,21
4217,307,22
4218,307,23
4219,308,0
4220,308,1
4221,308,2
4222,308,3
4223,308,4
4224,308,5
4225,308,6
4226,308,7
4227,308,14
4228,308,15
4229,308,16
4230,308,17
4231,308,18
4232,308,19
4233,308,20
4234,308,21
4235,308,22
4236,308,23
4237,309,0
4238,309,1
4239,309,2
4240,309,3
4241,309,4
4242,309,5
4243,309,6
4244,309,7
4245,309,14
4246,309,15
4247,309,16
4248,309,17
4249,309,18
4250,309,19
4251,309,20
4252,309,21
4253,309,22
4254,309,23
4255,310,0
4256,310,1
4257,310,2
4258,310,3
4259,310,4
4260,310,5
4261,310,6
4262,310,7
4263,310,8
4264,310,14
4265,310,15
4266,310,16
4267,310,17
4268,310,18
4269,310,19
4270,310,20
4271,310,21
4272,310,22
4273,310,23
4274,311,0
4275,311,1
4276,311,2
4277,311,3
4278,311,4
4279,311,5
4280,311,6
4281,311,7
4282,311,8
4283,311,14
4284,311,15
4285,311,16
4286,311,17
4287,311,18
4288,311,19
4289,311,20
4290,311,21
4291,311,22
4292,311,23
4293,312,0
4294,312,1
4295,312,2
4296,312,3
4297,312,4
4298,312,5
4299,312,6
4300,312,7
4301,312,14
4302,312,15
4303,312,16
4304,312,17
4305,312,18
4306,312,19
4307,312,20
4308,312,21
4309,312,22
4310,312,23
4311,313,0
4312,313,1
4313,313,2
4314,313,3
4315,313,4
4316,313,5
4317,313,6
4318,313,7
4319,313,8
4320,313,14
4321,313,15
4322,313,16
4323,313,17
4324,313,18
4325,313,19
4326,313,20
4327,313,21
4328,313,22
4329,313,23
4330,314,0
4331,314,1
4332,314,2
4333,314,3
4334,314,4
4335,314,5
4336,314,6
4337,314,7
4338,314,8
4339,314,14
4340,314,15
4341,314,16
4342,314,17
4343,314,18
4344,314,19
4345,314,20
4346,314,21
4347,314,22
4348,314,23
4349,315,0
4350,315,1
4351,315,2
4352,315,3
4353,315,4
4354,315,5
4355,315,6
4356,315,7
4357,315,8
4358,315,14
4359,315,15
4360,315,16
4361,315,17
4362,315,18
4363,315,19
4364,315,20
4365,315,21
4366,315,22
4367,315,23
4368,316,0
4369,316,1
4370,316,2
4371,316,3
4372,316,4
4373,316,5
4374,316,6
4375,316,7
4376,316,8
4377,316,14
4378,316,15
4379,316,16
4380,316,17
4381,316,18
4382,316,19
4383,316,20
4384,316,21
4385,316,22
4386,316,23
4387,317,0
4388,317,1
4389,317,2
4390,317,3
4391,317,4
4392,317,5
4393,317,6
4394,317,7
4395,317,8
4396,317,13
4397,317,14
4398,317,15
4399,317,16
4400,317,17
4401,317,18
4402,317,19
4403,317,20
4404,317,21
4405,317,22
4406,317,23
4407,318,0
4408,318,1
4409,318,2
4410,318,3
4411,318,4
4412,318,5
4413,318,6
4414,318,7
4415,318,8
4416,318,13
4417,318,14
4418,318,15
4419,318,16
4420,318,17
4421,318,18
4422,318,19
4423,318,20
4424,318,21
4425,318,22
4426,318,23
4427,319,0
4428,319,1
4429,319,2
4430,319,3
4431,319,4
4432,319,5
4433,319,6
4434,319,7
4435,319,8
4436,319,13
4437,319,14
4438,319,15
4439,319,16
4440,319,17
4441,319,18
4442,319,19
4443,319,20
4444,319,21
4445,319,22
4446,319,23
4447,320,0
4448,320,1
4449,320,2
4450,320,3
4451,320,4
4452,320,5
4453,320,6
4454,320,7
4455,320,8
4456,320,13
4457,320,14
4458,320,15
4459,320,16
4460,320,17
4461,320,18
4462,320,19
4463,320,20
4464,320,21
4465,320,22
4466,320,23
4467,321,0
4468,321,1
4469,321,2
4470,321,3
4471,321,4
4472,321,5
4473,321,6
4474,321,7
4475,321,8
4476,321,13
4477,321,14
4478,321,15
4479,321,16
4480,321,17
4481,321,18
4482,321,19
4483,321,20
4484,321,21
4485,321,22
4486,321,23
4487,322,0
4488,322,1
4489,322,2
4490,322,3
4491,322,4
4492,322,5
4493,322,6
4494,322,7
4495,322,8
4496,322,13
4497,322,14
4498,322,15
4499,322,16
4500,322,17
4501,322,18
4502,322,19
4503,322,20
4504,322,21
4505,322,22
4506,322,23
4507,323,0
4508,323,1
4509,323,2
4510,323,3
4511,323,4
4512,323,5
4513,323,6
4514,323,7
4515,323,8
4516,323,13
4517,323,14
4518,323,15
4519,323,16
4520,323,17
4521,323,18
4522,323,19
4523,323,20
4524,323,21
4525,323,22
4526,323,23
4527,324,0
4528,324,1
4529,324,2
4530,324,3
4531,324,4
4532,324,5
4533,324,6
4534,324,7
4535,324,8
4536,324,13
4537,324,14
4538,324,15
4539,324,16
4540,324,17
4541,324,18
4542,324,19
4543,324,20
4544,324,21
4545,324,22
4546,324,23
4547,325,0
4548,325,1
4549,325,2
4550,325,3
4551,325,4
4552,325,5
4553,325,6
4554,325,7
4555,325,8
4556,325,13
4557,325,14
4558,325,15
4559,325,16
4560,325,17
4561,325,18
4562,325,19
4563,325,20
4564,325,21
4565,325,22
4566,325,23
4567,326,0
4568,326,1
4569,326,2
4570,326,3
4571,326,4
4572,326,5
4573,326,6
4574,326,7
4575,326,8
4576,326,13
4577,326,14
4578,326,15
4579,326,16
4580,326,17
4581,326,18
4582,326,19
4583,326,20
4584,326,21
4585,326,22
4586,326,23
4587,327,0
4588,327,1
4589,327,2
4590,327,3
4591,327,4
4592,327,5
4593,327,6
4594,327,7
4595,327,8
4596,327,9
4597,327,12
4598,327,13
4599,327,14
4600,327,15
4601,327,16
4602,327,17
4603,327,18
4604,327,19
4605,327,20
4606,327,21
4607,327,22
4608,327,23
4609,328,0
4610,328,1
4611,328,2
4612,328,3
4613,328,4
4614,328,5
4615,328,6
4616,328,7
4617,328,8
4618,328,9
4619,328,13
4620,328,14
4621,328,15
4622,328,16
4623,328,17
4624,328,18
4625,328,19
4626,328,20
4627,328,21
4628,328,22
4629,328,23
4630,329,0
4631,329,1
4632,329,2
4633,329,3
4634,329,4
4635,329,5
4636,329,6
4637,329,7
4638,329,8
4639,329,9
4640,329,12
4641,329,13
4642,329,14
4643,329,15
4644,329,16
4645,329,17
4646,329,18
4647,329,19
4648,329,20
4649,329,21
4650,329,22
4651,329,23
4652,330,0
4653,330,1
4654,330,2
4655,330,3
4656,330,4
4657,330,5
4658,330,6
4659,330,7
4660,330,8
4661,330,9
4662,330,12
4663,330,13
4664,330,14
4665,330,15
4666,330,16
4667,330,17
4668,330,18
4669,330,19
4670,330,20
4671,330,21
4672,330,22
4673,330,23
4674,331,0
4675,331,1
4676,331,2
4677,331,3
4678,331,4
4679,331,5
4680,331,6
4681,331,7
4682,331,8
4683,331,9
4684,331,12
4685,331,13
4686,331,14
4687,331,15
4688,331,16
4689,331,17
4690,331,18
4691,331,19
4692,331,20
4693,331,21
4694,331,22
4695,331,23
4696,332,0
4697,332,1
4698,332,2
4699,332,3
4700,332,4
4701,332,5
4702,332,6
4703,332,7
4704,332,8
4705,332,9
4706,332,12
4707,332,13
4708,332,14
4709,332,15
4710,332,16
4711,332,17
4712,332,18
4713,332,19
4714,332,20
4715,332,21
4716,332,22
4717,332,23
4718,333,0
4719,333,1
4720,333,2
4721,333,3
4722,333,4
4723,333,5
4724,333,6
4725,333,7
4726,333,8
4727,333,9
4728,333,12
4729,333,13
4730,333,14
4731,333,15
4732,333,16
4733,333,17
4734,333,18
4735,333,19
4736,333,20
4737,333,21
4738,333,22
4739,333,23
4740,334,0
4741,334,1
4742,334,2
4743,334,3
4744,334,4
4745,334,5
4746,334,6
4747,334,7
4748,334,8
4749,334,9
4750,334,12
4751,334,13
4752,334,14
4753,334,15
4754,334,16
4755,334,17
4756,334,18
4757,334,19
4758,334,20
4759,334,21
4760,334,22
4761,334,23
4762,335,0
4763,335,1
4764,335,2
4765,335,3
4766,335,4
4767,335,5
4768,335,6
4769,335,7
4770,335,8
4771,335,9
4772,335,12
4773,335,13
4774,335,14
4775,335,15
4776,335,16
4777,335,17
4778,335,18
4779,335,19
4780,335,20
4781,335,21
4782,335,22
4783,335,23
4784,336,0
4785,336,1
4786,336,2
4787,336,3
4788,336,4
4789,336,5
4790,336,6
4791,336,7
4792,336,8
4793,336,9
4794,336,12
4795,336,13
4796,336,14
4797,336,15
4798,336,16
4799,336,17
4800,336,18
4801,336,19
4802,336,20
4803,336,21
4804,336,22
4805,336,23
4806,337,0
4807,337,1
4808,337,2
4809,337,3
4810,337,4
4811,337,5
4812,337,6
4813,337,7
4814,337,8
4815,337,9
4816,337,12
4817,337,13
4818,337,14
4819,337,15
4820,337,16
4821,337,17
4822,337,18
4823,337,19
4824,337,20
4825,337,21
4826,337,22
4827,337,23
4828,338,0
4829,338,1
4830,338,2
4831,338,3
4832,338,4
4833,338,5
4834,338,6
4835,338,7
4836,338,8
4837,338,9
4838,338,12
4839,338,13
4840,338,14
4841,338,15
4842,338,16
4843,338,17
4844,338,18
4845,338,19
4846,338,20
4847,338,21
4848,338,22
4849,338,23
4850,339,0
4851,339,1
4852,339,2
4853,339,3
4854,339,4
4855,339,5
4856,339,6
4857,339,7
4858,339,8
4859,339,9
4860,339,10
4861,339,11
4862,339,12
4863,339,13
4864,339,14
4865,339,15
4866,339,16
4867,339,17
4868,339,18
4869,339,19
4870,339,20
4871,339,21
4872,339,22
4873,339,23
4874,340,0
4875,340,1
4876,340,2
4877,340,3
4878,340,4
4879,340,5
4880,340,6
4881,340,7
4882,340,8
4883,340,9
4884,340,10
4885,340,11
4886,340,12
4887,340,13
4888,340,14
4889,340,15
4890,340,16
4891,340,17
4892,340,18
4893,340,19
4894,340,20
4895,340,21
4896,340,22
4897,340,23
4898,341,0
4899,341,1
4900,341,2
4901,341,3
4902,341,4
4903,341,5
4904,341,6
4905,341,7
4906,341,8
4907,341,9
4908,341,12
4909,341,13
4910,341,14
4911,341,15
4912,341,16
4913,341,17
4914,341,18
4915,341,19
4916,341,20
4917,341,21
4918,341,22
4919,341,23
4920,342,0
4921,342,1
4922,342,2
4923,342,3
4924,342,4
4925,342,5
4926,342,6
4927,342,7
4928,342,8
4929,342,9
4930,342,12
4931,342,13
4932,342,14
4933,342,15
4934,342,16
4935,342,17
4936,342,18
4937,342,19
4938,342,20
4939,342,21
4940,342,22
4941,342,23
4942,343,0
4943,343,1
4944,343,2
4945,343,3
4946,343,4
4947,343,5
4948,343,6
4949,343,7
4950,343,8
4951,343,9
4952,343,12
4953,343,13
4954,343,14
4955,343,15
4956,343,16
4957,343,17
4958,343,18
4959,343,19
4960,343,20
4961,343,21
4962,343,22
4963,343,23
4964,344,0
4965,344,1
4966,344,2
4967,344,3
4968,344,4
4969,344,5
4970,344,6
4971,344,7
4972,344,8
4973,344,9
4974,344,10
4975,344,11
4976,344,12
4977,344,13
4978,344,14
4979,344,15
4980,344,16
4981,344,17
4982,344,18
4983,344,19
4984,344,20
4985,344,21
4986,344,22
4987,344,23
4988,345,0
4989,345,1
4990,345,2
4991,345,3
4992,345,4
4993,345,5
4994,345,6
4995,345,7
4996,345,8
4997,345,9
4998,345,10
4999,345,11
5000,345,12
5001,345,13
5002,345,14
5003,345,15
5004,345,16
5005,345,17
5006,345,18
5007,345,19
5008,345,20
5009,345,21
5010,345,22
5011,345,23
5012,346,0
5013,346,1
5014,346,2
5015,346,3
5016,346,4
5017,346,5
5018,346,6
5019,346,7
5020,346,8
5021,346,9
5022,346,10
5023,346,11
5024,346,12
5025,346,13
5026,346,14
5027,346,15
5028,346,16
5029,346,17
5030,346,18
5031,346,19
5032,346,20
5033,346,21
5034,346,22
5035,346,23
5036,347,0
5037,347,1
5038,347,2
5039,347,3
5040,347,4
5041,347,5
5042,347,6
5043,347,7
5044,347,8
5045,347,9
5046,347,12
5047,347,13
5048,347,14
5049,347,15
5050,347,16
5051,347,17
5052,347,18
5053,347,19
5054,347,20
5055,347,21
5056,347,22
5057,347,23
5058,348,0
5059,348,1
5060,348,2
5061,348,3
5062,348,4
5063,348,5
5064,348,6
5065,348,7
5066,348,8
5067,348,9
5068,348,12
5069,348,13
5070,348,14
5071,348,15
5072,348,16
5073,348,17
5074,348,18
5075,348,19
5076,348,20
5077,348,21
5078,348,22
5079,348,23
5080,349,0
5081,349,1
5082,349,2
5083,349,3
5084,349,4
5085,349,5
5086,349,6
5087,349,7
5088,349,8
5089,349,9
5090,349,12
5091,349,13
5092,349,14
5093,349,15
5094,349,16
5095,349,17
5096,349,18
5097,349,19
5098,349,20
5099,349,21
5100,349,22
5101,349,23
5102,350,0
5103,350,1
5104,350,2
5105,350,3
5106,350,4
5107,350,5
5108,350,6
5109,350,7
5110,350,8
5111,350,9
5112,350,12
5113,350,13
5114,350,14
5115,350,15
5116,350,16
5117,350,17
5118,350,18
5119,350,19
5120,350,20
5121,350,21
5122,350,22
5123,350,23
5124,351,0
5125,351,1
5126,351,2
5127,351,3
5128,351,4
5129,351,5
5130,351,6
5131,351,7
5132,351,8
5133,351,9
5134,351,10
5135,351,11
5136,351,12
5137,351,13
5138,351,14
5139,351,15
5140,351,16
5141,351,17
5142,351,18
5143,351,19
5144,351,20
5145,351,21
5146,351,22
5147,351,23
5148,352,0
5149,352,1
5150,352,2
5151,352,3
5152,352,4
5153,352,5
5154,352,6
5155,352,7
5156,352,8
5157,352,9
5158,352,10
5159,352,11
5160,352,12
5161,352,13
5162,352,14
5163,352,15
5164,352,16
5165,352,17
5166,352,18
5167,352,19
5168,352,20
5169,352,21
5170,352,22
5171,352,23
5172,353,0
5173,353,1
5174,353,2
5175,353,3
5176,353,4
5177,353,5
5178,353,6
5179,353,7
5180,353,8
5181,353,9
5182,353,10
5183,353,11
5184,353,12
5185,353,13
5186,353,14
5187,353,15
5188,353,16
5189,353,17
5190,353,18
5191,353,19
5192,353,20
5193,353,21
5194,353,22
5195,353,23
5196,354,0
5197,354,1
5198,354,2
5199,354,3
5200,354,4
5201,354,5
5202,354,6
5203,354,7
5204,354,8
5205,354,9
5206,354,12
5207,354,13
5208,354,14
5209,354,15
5210,354,16
5211,354,17
5212,354,18
5213,354,19
5214,354,20
5215,354,21
5216,354,22
5217,354,23
5218,355,0
5219,355,1
5220,355,2
5221,355,3
5222,355,4
5223,355,5
5224,355,6
5225,355,7
5226,355,8
5227,355,9
5228,355,12
5229,355,13
5230,355,14
5231,355,15
5232,355,16
5233,355,17
5234,355,18
5235,355,19
5236,355,20
5237,355,21
5238,355,22
5239,355,23
5240,356,0
5241,356,1
5242,356,2
5243,356,3
5244,356,4
5245,356,5
5246,356,6
5247,356,7
5248,356,8
5249,356,9
5250,356,12
5251,356,13
5252,356,14
5253,356,15
5254,356,16
5255,356,17
5256,356,18
5257,356,19
5258,356,20
5259,356,21
5260,356,22
5261,356,23
5262,357,0
5263,357,1
5264,357,2
5265,357,3
5266,357,4
5267,357,5
5268,357,6
5269,357,7
5270,357,8
5271,357,9
5272,357,10
5273,357,11
5274,357,12
5275,357,13
5276,357,14
5277,357,15
5278,357,16
5279,357,17
5280,357,18
5281,357,19
5282,357,20
5283,357,21
5284,357,22
5285,357,23
5286,358,0
5287,358,1
5288,358,2
5289,358,3
5290,358,4
5291,358,5
5292,358,6
5293,358,7
5294,358,8
5295,358,9
5296,358,10
5297,358,11
5298,358,12
5299,358,13
5300,358,14
5301,358,15
5302,358,16
5303,358,17
5304,358,18
5305,358,19
5306,358,20
5307,358,21
5308,358,22
5309,358,23
5310,359,0
5311,359,1
5312,359,2
5313,359,3
5314,359,4
5315,359,5
5316,359,6
5317,359,7
5318,359,8
5319,359,9
5320,359,10
5321,359,11
5322,359,12
5323,359,13
5324,359,14
5325,359,15
5326,359,16
5327,359,17
5328,359,18
5329,359,19
5330,359,20
5331,359,21
5332,359,22
5333,359,23
5334,360,0
5335,360,1
5336,360,2
5337,360,3
5338,360,4
5339,360,5
5340,360,6
5341,360,7
5342,360,8
5343,360,9
5344,360,10
5345,360,11
5346,360,12
5347,360,13
5348,360,14
5349,360,15
5350,360,16
5351,360,17
5352,360,18
5353,360,19
5354,360,20
5355,360,21
5356,360,22
5357,360,23
5358,361,0
5359,361,1
5360,361,2
5361,361,3
5362,361,4
5363,361,5
5364,361,6
5365,361,7
5366,361,8
5367,361,9
5368,361,10
5369,361,11
5370,361,12
5371,361,13
5372,361,14
5373,361,15
5374,361,16
5375,361,17
5376,361,18
5377,361,19
5378,361,20
5379,361,21
5380,361,22
5381,361,23
5382,362,0
5383,362,1
5384,362,2
5385,362,3
5386,362,4
5387,362,5
5388,362,6
5389,362,7
5390,362,8
5391,362,9
5392,362,10
5393,362,11
5394,362,12
5395,362,13
5396,362,14
5397,362,15
5398,362,16
5399,362,17
5400,362,18
5401,362,19
5402,362,20
5403,362,21
5404,362,22
5405,362,23
5406,363,0
5407,363,1
5408,363,2
5409,363,3
5410,363,4
5411,363,5
5412,363,6
5413,363,7
5414,363,8
5415,363,9
5416,363,10
5417,363,11
5418,363,12
5419,363,13
5420,363,14
5421,363,15
5422,363,16
5423,363,17
5424,363,18
5425,363,19
5426,363,20
5427,363,21
5428,363,22
5429,363,23
5430,364,0
5431,364,1
5432,364,2
5433,364,3
5434,364,4
5435,364,5
5436,364,6
5437,364,7
5438,364,8
5439,364,9
5440,364,12
5441,364,13
5442,364,14
5443,364,15
5444,364,16
5445,364,17
5446,364,18
5447,364,19
5448,364,20
5449,364,21
5450,364,22
5451,364,23
5452,365,0
5453,365,1
5454,365,2
5455,365,3
5456,365,4
5457,365,5
5458,365,6
5459,365,7
5460,365,8
5461,365,9
5462,365,12
5463,365,13
5464,365,14
5465,365,15
5466,365,16
5467,365,17
5468,365,18
5469,365,19
5470,365,20
5471,365,21
5472,365,22
5473,365,23
