,day,hour
0,1,0
1,1,1
2,1,2
3,1,3
4,1,4
5,1,5
6,1,6
7,1,15
8,1,16
9,1,17
10,1,18
11,1,19
12,1,20
13,1,21
14,1,22
15,1,23
16,2,0
17,2,1
18,2,2
19,2,3
20,2,4
21,2,5
22,2,6
23,2,15
24,2,16
25,2,17
26,2,18
27,2,19
28,2,20
29,2,21
30,2,22
31,2,23
32,3,0
33,3,1
34,3,2
35,3,3
36,3,4
37,3,5
38,3,6
39,3,15
40,3,16
41,3,17
42,3,18
43,3,19
44,3,20
45,3,21
46,3,22
47,3,23
48,4,0
49,4,1
50,4,2
51,4,3
52,4,4
53,4,5
54,4,6
55,4,15
56,4,16
57,4,17
58,4,18
59,4,19
60,4,20
61,4,21
62,4,22
63,4,23
64,5,0
65,5,1
66,5,2
67,5,3
68,5,4
69,5,5
70,5,6
71,5,15
72,5,16
73,5,17
74,5,18
75,5,19
76,5,20
77,5,21
78,5,22
79,5,23
80,6,0
81,6,1
82,6,2
83,6,3
84,6,4
85,6,5
86,6,6
87,6,15
88,6,16
89,6,17
90,6,18
91,6,19
92,6,20
93,6,21
94,6,22
95,6,23
96,7,0
97,7,1
98,7,2
99,7,3
100,7,4
101,7,5
102,7,6
103,7,15
104,7,16
105,7,17
106,7,18
107,7,19
108,7,20
109,7,21
110,7,22
111,7,23
112,8,0
113,8,1
114,8,2
115,8,3
116,8,4
117,8,5
118,8,6
119,8,15
120,8,16
121,8,17
122,8,18
123,8,19
124,8,20
125,8,21
126,8,22
127,8,23
128,9,0
129,9,1
130,9,2
131,9,3
132,9,4
133,9,5
134,9,6
135,9,15
136,9,16
137,9,17
138,9,18
139,9,19
140,9,20
141,9,21
142,9,22
143,9,23
144,10,0
145,10,1
146,10,2
147,10,3
148,10,4
149,10,5
150,10,6
151,10,15
152,10,16
153,10,17
154,10,18
155,10,19
156,10,20
157,10,21
158,10,22
159,10,23
160,11,0
161,11,1
162,11,2
163,11,3
164,11,4
165,11,5
166,11,6
167,11,15
168,11,16
169,11,17
170,11,18
171,11,19
172,11,20
173,11,21
174,11,22
175,11,23
176,12,0
177,12,1
178,12,2
179,12,3
180,12,4
181,12,5
182,12,6
183,12,15
184,12,16
185,12,17
186,12,18
187,12,19
188,12,20
189,12,21
190,12,22
191,12,23
192,13,0
193,13,1
194,13,2
195,13,3
196,13,4
197,13,5
198,13,6
199,13,15
200,13,16
201,13,17
202,13,18
203,13,19
204,13,20
205,13,21
206,13,22
207,13,23
208,14,0
209,14,1
210,14,2
211,14,3
212,14,4
213,14,5
214,14,6
215,14,15
216,14,16
217,14,17
218,14,18
219,14,19
220,14,20
221,14,21
222,14,22
223,14,23
224,15,0
225,15,1
226,15,2
227,15,3
228,15,4
229,15,5
230,15,6
231,15,15
232,15,16
233,15,17
234,15,18
235,15,19
236,15,20
237,15,21
238,15,22
239,15,23
240,16,0
241,16,1
242,16,2
243,16,3
244,16,4
245,16,5
246,16,6
247,16,15
248,16,16
249,16,17
250,16,18
251,16,19
252,16,20
253,16,21
254,16,22
255,16,23
256,17,0
257,17,1
258,17,2
259,17,3
260,17,4
261,17,5
262,17,6
263,17,15
264,17,16
265,17,17
266,17,18
267,17,19
268,17,20
269,17,21
270,17,22
271,17,23
272,18,0
273,18,1
274,18,2
275,18,3
276,18,4
277,18,5
278,18,6
279,18,15
280,18,16
281,18,17
282,18,18
283,18,19
284,18,20
285,18,21
286,18,22
287,18,23
288,19,0
289,19,1
290,19,2
291,19,3
292,19,4
293,19,5
294,19,6
295,19,15
296,19,16
297,19,17
298,19,18
299,19,19
300,19,20
301,19,21
302,19,22
303,19,23
304,20,0
305,20,1
306,20,2
307,20,3
308,20,4
309,20,5
310,20,6
311,20,15
312,20,16
313,20,17
314,20,18
315,20,19
316,20,20
317,20,21
318,20,22
319,20,23
320,21,0
321,21,1
322,21,2
323,21,3
324,21,4
325,21,5
326,21,6
327,21,15
328,21,16
329,21,17
330,21,18
331,21,19
332,21,20
333,21,21
334,21,22
335,21,23
336,22,0
337,22,1
338,22,2
339,22,3
340,22,4
341,22,5
342,22,6
343,22,15
344,22,16
345,22,17
346,22,18
347,22,19
348,22,20
349,22,21
350,22,22
351,22,23
352,23,0
353,23,1
354,23,2
355,23,3
356,23,4
357,23,5
358,23,6
359,23,15
360,23,16
361,23,17
362,23,18
363,23,19
364,23,20
365,23,21
366,23,22
367,23,23
368,24,0
369,24,1
370,24,2
371,24,3
372,24,4
373,24,5
374,24,6
375,24,15
376,24,16
377,24,17
378,24,18
379,24,19
380,24,20
381,24,21
382,24,22
383,24,23
384,25,0
385,25,1
386,25,2
387,25,3
388,25,4
389,25,5
390,25,6
391,25,15
392,25,16
393,25,17
394,25,18
395,25,19
396,25,20
397,25,21
398,25,22
399,25,23
400,26,0
401,26,1
402,26,2
403,26,3
404,26,4
405,26,5
406,26,6
407,26,15
408,26,16
409,26,17
410,26,18
411,26,19
412,26,20
413,26,21
414,26,22
415,26,23
416,27,0
417,27,1
418,27,2
419,27,3
420,27,4
421,27,5
422,27,6
423,27,15
424,27,16
425,27,17
426,27,18
427,27,19
428,27,20
429,27,21
430,27,22
431,27,23
432,28,0
433,28,1
434,28,2
435,28,3
436,28,4
437,28,5
438,28,6
439,28,15
440,28,16
441,28,17
442,28,18
443,28,19
444,28,20
445,28,21
446,28,22
447,28,23
448,29,0
449,29,1
450,29,2
451,29,3
452,29,4
453,29,5
454,29,6
455,29,15
456,29,16
457,29,17
458,29,18
459,29,19
460,29,20
461,29,21
462,29,22
463,29,23
464,30,0
465,30,1
466,30,2
467,30,3
468,30,4
469,30,5
470,30,6
471,30,15
472,30,16
473,30,17
474,30,18
475,30,19
476,30,20
477,30,21
478,30,22
479,30,23
480,31,0
481,31,1
482,31,2
483,31,3
484,31,4
485,31,5
486,31,6
487,31,15
488,31,16
489,31,17
490,31,18
491,31,19
492,31,20
493,31,21
494,31,22
495,31,23
496,32,0
497,32,1
498,32,2
499,32,3
500,32,4
501,32,5
502,32,6
503,32,15
504,32,16
505,32,17
506,32,18
507,32,19
508,32,20
509,32,21
510,32,22
511,32,23
512,33,0
513,33,1
514,33,2
515,33,3
516,33,4
517,33,5
518,33,6
519,33,15
520,33,16
521,33,17
522,33,18
523,33,19
524,33,20
525,33,21
526,33,22
527,33,23
528,34,0
529,34,1
530,34,2
531,34,3
532,34,4
533,34,5
534,34,6
535,34,15
536,34,16
537,34,17
538,34,18
539,34,19
540,34,20
541,34,21
542,34,22
543,34,23
544,35,0
545,35,1
546,35,2
547,35,3
548,35,4
549,35,5
550,35,6
551,35,15
552,35,16
553,35,17
554,35,18
555,35,19
556,35,20
557,35,21
558,35,22
559,35,23
560,36,0
561,36,1
562,36,2
563,36,3
564,36,4
565,36,5
566,36,6
567,36,15
568,36,16
569,36,17
570,36,18
571,36,19
572,36,20
573,36,21
574,36,22
575,36,23
576,37,0
577,37,1
578,37,2
579,37,3
580,37,4
581,37,5
582,37,6
583,37,15
584,37,16
585,37,17
586,37,18
587,37,19
588,37,20
589,37,21
590,37,22
591,37,23
592,38,0
593,38,1
594,38,2
595,38,3
596,38,4
597,38,5
598,38,6
599,38,15
600,38,16
601,38,17
602,38,18
603,38,19
604,38,20
605,38,21
606,38,22
607,38,23
608,39,0
609,39,1
610,39,2
611,39,3
612,39,4
613,39,5
614,39,6
615,39,15
616,39,16
617,39,17
618,39,18
619,39,19
620,39,20
621,39,21
622,39,22
623,39,23
624,40,0
625,40,1
626,40,2
627,40,3
628,40,4
629,40,5
630,40,6
631,40,15
632,40,16
633,40,17
634,40,18
635,40,19
636,40,20
637,40,21
638,40,22
639,40,23
640,41,0
641,41,1
642,41,2
643,41,3
644,41,4
645,41,5
646,41,6
647,41,15
648,41,16
649,41,17
650,41,18
651,41,19
652,41,20
653,41,21
654,41,22
655,41,23
656,42,0
657,42,1
658,42,2
659,42,3
660,42,4
661,42,5
662,42,6
663,42,15
664,42,16
665,42,17
666,42,18
667,42,19
668,42,20
669,42,21
670,42,22
671,42,23
672,43,0
673,43,1
674,43,2
675,43,3
676,43,4
677,43,5
678,43,6
679,43,15
680,43,16
681,43,17
682,43,18
683,43,19
684,43,20
685,43,21
686,43,22
687,43,23
688,44,0
689,44,1
690,44,2
691,44,3
692,44,4
693,44,5
694,44,6
695,44,15
696,44,16
697,44,17
698,44,18
699,44,19
700,44,20
701,44,21
702,44,22
703,44,23
704,45,0
705,45,1
706,45,2
707,45,3
708,45,4
709,45,5
710,45,15
711,45,16
712,45,17
713,45,18
714,45,19
715,45,20
716,45,21
717,45,22
718,45,23
719,46,0
720,46,1
721,46,2
722,46,3
723,46,4
724,46,5
725,46,15
726,46,16
727,46,17
728,46,18
729,46,19
730,46,20
731,46,21
732,46,22
733,46,23
734,47,0
735,47,1
736,47,2
737,47,3
738,47,4
739,47,5
740,47,15
741,47,16
742,47,17
743,47,18
744,47,19
745,47,20
746,47,21
747,47,22
748,47,23
749,48,0
750,48,1
751,48,2
752,48,3
753,48,4
754,48,5
755,48,15
756,48,16
757,48,17
758,48,18
759,48,19
760,48,20
761,48,21
762,48,22
763,48,23
764,49,0
765,49,1
766,49,2
767,49,3
768,49,4
769,49,5
770,49,16
771,49,17
772,49,18
773,49,19
774,49,20
775,49,21
776,49,22
777,49,23
778,50,0
779,50,1
780,50,2
781,50,3
782,50,4
783,50,5
784,50,16
785,50,17
786,50,18
787,50,19
788,50,20
789,50,21
790,50,22
791,50,23
792,51,0
793,51,1
794,51,2
795,51,3
796,51,4
797,51,5
798,51,16
799,51,17
800,51,18
801,51,19
802,51,20
803,51,21
804,51,22
805,51,23
806,52,0
807,52,1
808,52,2
809,52,3
810,52,4
811,52,5
812,52,16
813,52,17
814,52,18
815,52,19
816,52,20
817,52,21
818,52,22
819,52,23
820,53,0
821,53,1
822,53,2
823,53,3
824,53,4
825,53,5
826,53,15
827,53,16
828,53,17
829,53,18
830,53,19
831,53,20
832,53,21
833,53,22
834,53,23
835,54,0
836,54,1
837,54,2
838,54,3
839,54,4
840,54,5
841,54,16
842,54,17
843,54,18
844,54,19
845,54,20
846,54,21
847,54,22
848,54,23
849,55,0
850,55,1
851,55,2
852,55,3
853,55,4
854,55,5
855,55,16
856,55,17
857,55,18
858,55,19
859,55,20
860,55,21
861,55,22
862,55,23
863,56,0
864,56,1
865,56,2
866,56,3
867,56,4
868,56,5
869,56,16
870,56,17
871,56,18
872,56,19
873,56,20
874,56,21
875,56,22
876,56,23
877,57,0
878,57,1
879,57,2
880,57,3
881,57,4
882,57,5
883,57,16
884,57,17
885,57,18
886,57,19
887,57,20
888,57,21
889,57,22
890,57,23
891,58,0
892,58,1
893,58,2
894,58,3
895,58,4
896,58,5
897,58,16
898,58,17
899,58,18
900,58,19
901,58,20
902,58,21
903,58,22
904,58,23
905,59,0
906,59,1
907,59,2
908,59,3
909,59,4
910,59,5
911,59,16
912,59,17
913,59,18
914,59,19
915,59,20
916,59,21
917,59,22
918,59,23
919,60,0
920,60,1
921,60,2
922,60,3
923,60,4
924,60,5
925,60,16
926,60,17
927,60,18
928,60,19
929,60,20
930,60,21
931,60,22
932,60,23
933,61,0
934,61,1
935,61,2
936,61,3
937,61,4
938,61,5
939,61,16
940,61,17
941,61,18
942,61,19
943,61,20
944,61,21
945,61,22
946,61,23
947,62,0
948,62,1
949,62,2
950,62,3
951,62,4
952,62,5
953,62,16
954,62,17
955,62,18
956,62,19
957,62,20
958,62,21
959,62,22
960,62,23
961,63,0
962,63,1
963,63,2
964,63,3
965,63,4
966,63,5
967,63,16
968,63,17
969,63,18
970,63,19
971,63,20
972,63,21
973,63,22
974,63,23
975,64,0
976,64,1
977,64,2
978,64,3
979,64,4
980,64,5
981,64,16
982,64,17
983,64,18
984,64,19
985,64,20
986,64,21
987,64,22
988,64,23
989,65,0
990,65,1
991,65,2
992,65,3
993,65,4
994,65,5
995,65,16
996,65,17
997,65,18
998,65,19
999,65,20
1000,65,21
1001,65,22
1002,65,23
1003,66,0
1004,66,1
1005,66,2
1006,66,3
1007,66,4
1008,66,5
1009,66,16
1010,66,17
1011,66,18
1012,66,19
1013,66,20
1014,66,21
1015,66,22
1016,66,23
1017,67,0
1018,67,1
1019,67,2
1020,67,3
1021,67,4
1022,67,5
1023,67,16
1024,67,17
1025,67,18
1026,67,19
1027,67,20
1028,67,21
1029,67,22
1030,67,23
1031,68,0
1032,68,1
1033,68,2
1034,68,3
1035,68,4
1036,68,5
1037,68,16
1038,68,17
1039,68,18
1040,68,19
1041,68,20
1042,68,21
1043,68,22
1044,68,23
1045,69,0
1046,69,1
1047,69,2
1048,69,3
1049,69,4
1050,69,5
1051,69,16
1052,69,17
1053,69,18
1054,69,19
1055,69,20
1056,69,21
1057,69,22
1058,69,23
1059,70,0
1060,70,1
1061,70,2
1062,70,3
1063,70,4
1064,70,5
1065,70,16
1066,70,17
1067,70,18
1068,70,19
1069,70,20
1070,70,21
1071,70,22
1072,70,23
1073,71,0
1074,71,1
1075,71,2
1076,71,3
1077,71,4
1078,71,5
1079,71,16
1080,71,17
1081,71,18
1082,71,19
1083,71,20
1084,71,21
1085,71,22
1086,71,23
1087,72,0
1088,72,1
1089,72,2
1090,72,3
1091,72,4
1092,72,5
1093,72,16
1094,72,17
1095,72,18
1096,72,19
1097,72,20
1098,72,21
1099,72,22
1100,72,23
1101,73,0
1102,73,1
1103,73,2
1104,73,3
1105,73,4
1106,73,5
1107,73,16
1108,73,17
1109,73,18
1110,73,19
1111,73,20
1112,73,21
1113,73,22
1114,73,23
1115,74,0
1116,74,1
1117,74,2
1118,74,3
1119,74,4
1120,74,5
1121,74,16
1122,74,17
1123,74,18
1124,74,19
1125,74,20
1126,74,21
1127,74,22
1128,74,23
1129,75,0
1130,75,1
1131,75,2
1132,75,3
1133,75,4
1134,75,5
1135,75,16
1136,75,17
1137,75,18
1138,75,19
1139,75,20
1140,75,21
1141,75,22
1142,75,23
1143,76,0
1144,76,1
1145,76,2
1146,76,3
1147,76,4
1148,76,5
1149,76,16
1150,76,17
1151,76,18
1152,76,19
1153,76,20
1154,76,21
1155,76,22
1156,76,23
1157,77,0
1158,77,1
1159,77,2
1160,77,3
1161,77,4
1162,77,5
1163,77,16
1164,77,17
1165,77,18
1166,77,19
1167,77,20
1168,77,21
1169,77,22
1170,77,23
1171,78,0
1172,78,1
1173,78,2
1174,78,3
1175,78,4
1176,78,5
1177,78,16
1178,78,17
1179,78,18
1180,78,19
1181,78,20
1182,78,21
1183,78,22
1184,78,23
1185,79,0
1186,79,1
1187,79,2
1188,79,3
1189,79,4
1190,79,5
1191,79,16
1192,79,17
1193,79,18
1194,79,19
1195,79,20
1196,79,21
1197,79,22
1198,79,23
1199,80,0
1200,80,1
1201,80,2
1202,80,3
1203,80,4
1204,80,5
1205,80,16
1206,80,17
1207,80,18
1208,80,19
1209,80,20
1210,80,21
1211,80,22
1212,80,23
1213,81,0
1214,81,1
1215,81,2
1216,81,3
1217,81,4
1218,81,5
1219,81,16
1220,81,17
1221,81,18
1222,81,19
1223,81,20
1224,81,21
1225,81,22
1226,81,23
1227,82,0
1228,82,1
1229,82,2
1230,82,3
1231,82,4
1232,82,5
1233,82,16
1234,82,17
1235,82,18
1236,82,19
1237,82,20
1238,82,21
1239,82,22
1240,82,23
1241,83,0
1242,83,1
1243,83,2
1244,83,3
1245,83,4
1246,83,5
1247,83,16
1248,83,17
1249,83,18
1250,83,19
1251,83,20
1252,83,21
1253,83,22
1254,83,23
1255,84,0
1256,84,1
1257,84,2
1258,84,3
1259,84,4
1260,84,5
1261,84,16
1262,84,17
1263,84,18
1264,84,19
1265,84,20
1266,84,21
1267,84,22
1268,84,23
1269,85,0
1270,85,1
1271,85,2
1272,85,3
1273,85,4
1274,85,5
1275,85,16
1276,85,17
1277,85,18
1278,85,19
1279,85,20
1280,85,21
1281,85,22
1282,85,23
1283,86,0
1284,86,1
1285,86,2
1286,86,3
1287,86,4
1288,86,5
1289,86,16
1290,86,17
1291,86,18
1292,86,19
1293,86,20
1294,86,21
1295,86,22
1296,86,23
1297,87,0
1298,87,1
1299,87,2
1300,87,3
1301,87,4
1302,87,5
1303,87,16
1304,87,17
1305,87,18
1306,87,19
1307,87,20
1308,87,21
1309,87,22
1310,87,23
1311,88,0
1312,88,1
1313,88,2
1314,88,3
1315,88,4
1316,88,5
1317,88,16
1318,88,17
1319,88,18
1320,88,19
1321,88,20
1322,88,21
1323,88,22
1324,88,23
1325,89,0
1326,89,1
1327,89,2
1328,89,3
1329,89,4
1330,89,5
1331,89,16
1332,89,17
1333,89,18
1334,89,19
1335,89,20
1336,89,21
1337,89,22
1338,89,23
1339,90,0
1340,90,1
1341,90,2
1342,90,3
1343,90,4
1344,90,17
1345,90,18
1346,90,19
1347,90,20
1348,90,21
1349,90,22
1350,90,23
1351,91,0
1352,91,1
1353,91,2
1354,91,3
1355,91,4
1356,91,17
1357,91,18
1358,91,19
1359,91,20
1360,91,21
1361,91,22
1362,91,23
1363,92,0
1364,92,1
1365,92,2
1366,92,3
1367,92,4
1368,92,17
1369,92,18
1370,92,19
1371,92,20
1372,92,21
1373,92,22
1374,92,23
1375,93,0
1376,93,1
1377,93,2
1378,93,3
1379,93,4
1380,93,17
1381,93,18
1382,93,19
1383,93,20
1384,93,21
1385,93,22
1386,93,23
1387,94,0
1388,94,1
1389,94,2
1390,94,3
1391,94,4
1392,94,16
1393,94,17
1394,94,18
1395,94,19
1396,94,20
1397,94,21
1398,94,22
1399,94,23
1400,95,0
1401,95,1
1402,95,2
1403,95,3
1404,95,4
1405,95,17
1406,95,18
1407,95,19
1408,95,20
1409,95,21
1410,95,22
1411,95,23
1412,96,0
1413,96,1
1414,96,2
1415,96,3
1416,96,4
1417,96,17
1418,96,18
1419,96,19
1420,96,20
1421,96,21
1422,96,22
1423,96,23
1424,97,0
1425,97,1
1426,97,2
1427,97,3
1428,97,4
1429,97,17
1430,97,18
1431,97,19
1432,97,20
1433,97,21
1434,97,22
1435,97,23
1436,98,0
1437,98,1
1438,98,2
1439,98,3
1440,98,4
1441,98,17
1442,98,18
1443,98,19
1444,98,20
1445,98,21
1446,98,22
1447,98,23
1448,99,0
1449,99,1
1450,99,2
1451,99,3
1452,99,4
1453,99,17
1454,99,18
1455,99,19
1456,99,20
1457,99,21
1458,99,22
1459,99,23
1460,100,0
1461,100,1
1462,100,2
1463,100,3
1464,100,4
1465,100,17
1466,100,18
1467,100,19
1468,100,20
1469,100,21
1470,100,22
1471,100,23
1472,101,0
1473,101,1
1474,101,2
1475,101,3
1476,101,4
1477,101,17
1478,101,18
1479,101,19
1480,101,20
1481,101,21
1482,101,22
1483,101,23
1484,102,0
1485,102,1
1486,102,2
1487,102,3
1488,102,4
1489,102,17
1490,102,18
1491,102,19
1492,102,20
1493,102,21
1494,102,22
1495,102,23
1496,103,0
1497,103,1
1498,103,2
1499,103,3
1500,103,4
1501,103,17
1502,103,18
1503,103,19
1504,103,20
1505,103,21
1506,103,22
1507,103,23
1508,104,0
1509,104,1
1510,104,2
1511,104,3
1512,104,4
1513,104,17
1514,104,18
1515,104,19
1516,104,20
1517,104,21
1518,104,22
1519,104,23
1520,105,0
1521,105,1
1522,105,2
1523,105,3
1524,105,4
1525,105,17
1526,105,18
1527,105,19
1528,105,20
1529,105,21
1530,105,22
1531,105,23
1532,106,0
1533,106,1
1534,106,2
1535,106,3
1536,106,4
1537,106,17
1538,106,18
1539,106,19
1540,106,20
1541,106,21
1542,106,22
1543,106,23
1544,107,0
1545,107,1
1546,107,2
1547,107,3
1548,107,4
1549,107,17
1550,107,18
1551,107,19
1552,107,20
1553,107,21
1554,107,22
1555,107,23
1556,108,0
1557,108,1
1558,108,2
1559,108,3
1560,108,4
1561,108,17
1562,108,18
1563,108,19
1564,108,20
1565,108,21
1566,108,22
1567,108,23
1568,109,0
1569,109,1
1570,109,2
1571,109,3
1572,109,4
1573,109,17
1574,109,18
1575,109,19
1576,109,20
1577,109,21
1578,109,22
1579,109,23
1580,110,0
1581,110,1
1582,110,2
1583,110,3
1584,110,4
1585,110,17
1586,110,18
1587,110,19
1588,110,20
1589,110,21
1590,110,22
1591,110,23
1592,111,0
1593,111,1
1594,111,2
1595,111,3
1596,111,4
1597,111,17
1598,111,18
1599,111,19
1600,111,20
1601,111,21
1602,111,22
1603,111,23
1604,112,0
1605,112,1
1606,112,2
1607,112,3
1608,112,4
1609,112,17
1610,112,18
1611,112,19
1612,112,20
1613,112,21
1614,112,22
1615,112,23
1616,113,0
1617,113,1
1618,113,2
1619,113,3
1620,113,4
1621,113,17
1622,113,18
1623,113,19
1624,113,20
1625,113,21
1626,113,22
1627,113,23
1628,114,0
1629,114,1
1630,114,2
1631,114,3
1632,114,4
1633,114,17
1634,114,18
1635,114,19
1636,114,20
1637,114,21
1638,114,22
1639,114,23
1640,115,0
1641,115,1
1642,115,2
1643,115,3
1644,115,4
1645,115,17
1646,115,18
1647,115,19
1648,115,20
1649,115,21
1650,115,22
1651,115,23
1652,116,0
1653,116,1
1654,116,2
1655,116,3
1656,116,4
1657,116,17
1658,116,18
1659,116,19
1660,116,20
1661,116,21
1662,116,22
1663,116,23
1664,117,0
1665,117,1
1666,117,2
1667,117,3
1668,117,4
1669,117,17
1670,117,18
1671,117,19
1672,117,20
1673,117,21
1674,117,22
1675,117,23
1676,118,0
1677,118,1
1678,118,2
1679,118,3
1680,118,4
1681,118,17
1682,118,18
1683,118,19
1684,118,20
1685,118,21
1686,118,22
1687,118,23
1688,119,0
1689,119,1
1690,119,2
1691,119,3
1692,119,4
1693,119,17
1694,119,18
1695,119,19
1696,119,20
1697,119,21
1698,119,22
1699,119,23
1700,120,0
1701,120,1
1702,120,2
1703,120,3
1704,120,4
1705,120,17
1706,120,18
1707,120,19
1708,120,20
1709,120,21
1710,120,22
1711,120,23
1712,121,0
1713,121,1
1714,121,2
1715,121,3
1716,121,4
1717,121,17
1718,121,18
1719,121,19
1720,121,20
1721,121,21
1722,121,22
1723,121,23
1724,122,0
1725,122,1
1726,122,2
1727,122,3
1728,122,4
1729,122,17
1730,122,18
1731,122,19
1732,122,20
1733,122,21
1734,122,22
1735,122,23
1736,123,0
1737,123,1
1738,123,2
1739,123,3
1740,123,4
1741,123,17
1742,123,18
1743,123,19
1744,123,20
1745,123,21
1746,123,22
1747,123,23
1748,124,0
1749,124,1
1750,124,2
1751,124,3
1752,124,4
1753,124,17
1754,124,18
1755,124,19
1756,124,20
1757,124,21
1758,124,22
1759,124,23
1760,125,0
1761,125,1
1762,125,2
1763,125,3
1764,125,4
1765,125,17
1766,125,18
1767,125,19
1768,125,20
1769,125,21
1770,125,22
1771,125,23
1772,126,0
1773,126,1
1774,126,2
1775,126,3
1776,126,4
1777,126,17
1778,126,18
1779,126,19
1780,126,20
1781,126,21
1782,126,22
1783,126,23
1784,127,0
1785,127,1
1786,127,2
1787,127,3
1788,127,4
1789,127,17
1790,127,18
1791,127,19
1792,127,20
1793,127,21
1794,127,22
1795,127,23
1796,128,0
1797,128,1
1798,128,2
1799,128,3
1800,128,4
1801,128,17
1802,128,18
1803,128,19
1804,128,20
1805,128,21
1806,128,22
1807,128,23
1808,129,0
1809,129,1
1810,129,2
1811,129,3
1812,129,4
1813,129,17
1814,129,18
1815,129,19
1816,129,20
1817,129,21
1818,129,22
1819,129,23
1820,130,0
1821,130,1
1822,130,2
1823,130,3
1824,130,4
1825,130,17
1826,130,18
1827,130,19
1828,130,20
1829,130,21
1830,130,22
1831,130,23
1832,131,0
1833,131,1
1834,131,2
1835,131,3
1836,131,4
1837,131,17
1838,131,18
1839,131,19
1840,131,20
1841,131,21
1842,131,22
1843,131,23
1844,132,0
1845,132,1
1846,132,2
1847,132,3
1848,132,4
1849,132,17
1850,132,18
1851,132,19
1852,132,20
1853,132,21
1854,132,22
1855,132,23
1856,133,0
1857,133,1
1858,133,2
1859,133,3
1860,133,4
1861,133,17
1862,133,18
1863,133,19
1864,133,20
1865,133,21
1866,133,22
1867,133,23
1868,134,0
1869,134,1
1870,134,2
1871,134,3
1872,134,4
1873,134,17
1874,134,18
1875,134,19
1876,134,20
1877,134,21
1878,134,22
1879,134,23
1880,135,0
1881,135,1
1882,135,2
1883,135,3
1884,135,4
1885,135,17
1886,135,18
1887,135,19
1888,135,20
1889,135,21
1890,135,22
1891,135,23
1892,136,0
1893,136,1
1894,136,2
1895,136,3
1896,136,4
1897,136,17
1898,136,18
1899,136,19
1900,136,20
1901,136,21
1902,136,22
1903,136,23
1904,137,0
1905,137,1
1906,137,2
1907,137,3
1908,137,4
1909,137,17
1910,137,18
1911,137,19
1912,137,20
1913,137,21
1914,137,22
1915,137,23
1916,138,0
1917,138,1
1918,138,2
1919,138,3
1920,138,4
1921,138,17
1922,138,18
1923,138,19
1924,138,20
1925,138,21
1926,138,22
1927,138,23
1928,139,0
1929,139,1
1930,139,2
1931,139,3
1932,139,4
1933,139,17
1934,139,18
1935,139,19
1936,139,20
1937,139,21
1938,139,22
1939,139,23
1940,140,0
1941,140,1
1942,140,2
1943,140,3
1944,140,4
1945,140,17
1946,140,18
1947,140,19
1948,140,20
1949,140,21
1950,140,22
1951,140,23
1952,141,0
1953,141,1
1954,141,2
1955,141,3
1956,141,4
1957,141,17
1958,141,18
1959,141,19
1960,141,20
1961,141,21
1962,141,22
1963,141,23
1964,142,0
1965,142,1
1966,142,2
1967,142,3
1968,142,4
1969,142,17
1970,142,18
1971,142,19
1972,142,20
1973,142,21
1974,142,22
1975,142,23
1976,143,0
1977,143,1
1978,143,2
1979,143,3
1980,143,4
1981,143,17
1982,143,18
1983,143,19
1984,143,20
1985,143,21
1986,143,22
1987,143,23
1988,144,0
1989,144,1
1990,144,2
1991,144,3
1992,144,4
1993,144,17
1994,144,18
1995,144,19
1996,144,20
1997,144,21
1998,144,22
1999,144,23
2000,145,0
2001,145,1
2002,145,2
2003,145,3
2004,145,4
2005,145,17
2006,145,18
2007,145,19
2008,145,20
2009,145,21
2010,145,22
2011,145,23
2012,146,0
2013,146,1
2014,146,2
2015,146,3
2016,146,4
2017,146,17
2018,146,18
2019,146,19
2020,146,20
2021,146,21
2022,146,22
2023,146,23
2024,147,0
2025,147,1
2026,147,2
2027,147,3
2028,147,17
2029,147,18
2030,147,19
2031,147,20
2032,147,21
2033,147,22
2034,147,23
2035,148,0
2036,148,1
2037,148,2
2038,148,3
2039,148,17
2040,148,18
2041,148,19
2042,148,20
2043,148,21
2044,148,22
2045,148,23
2046,149,0
2047,149,1
2048,149,2
2049,149,3
2050,149,17
2051,149,18
2052,149,19
2053,149,20
2054,149,21
2055,149,22
2056,149,23
2057,150,0
2058,150,1
2059,150,2
2060,150,3
2061,150,4
2062,150,17
2063,150,18
2064,150,19
2065,150,20
2066,150,21
2067,150,22
2068,150,23
2069,151,0
2070,151,1
2071,151,2
2072,151,3
2073,151,17
2074,151,18
2075,151,19
2076,151,20
2077,151,21
2078,151,22
2079,151,23
2080,152,0
2081,152,1
2082,152,2
2083,152,3
2084,152,17
2085,152,18
2086,152,19
2087,152,20
2088,152,21
2089,152,22
2090,152,23
2091,153,0
2092,153,1
2093,153,2
2094,153,3
2095,153,4
2096,153,17
2097,153,18
2098,153,19
2099,153,20
2100,153,21
2101,153,22
2102,153,23
2103,154,0
2104,154,1
2105,154,2
2106,154,3
2107,154,17
2108,154,18
2109,154,19
2110,154,20
2111,154,21
2112,154,22
2113,154,23
2114,155,0
2115,155,1
2116,155,2
2117,155,3
2118,155,17
2119,155,18
2120,155,19
2121,155,20
2122,155,21
2123,155,22
2124,155,23
2125,156,0
2126,156,1
2127,156,2
2128,156,3
2129,156,17
2130,156,18
2131,156,19
2132,156,20
2133,156,21
2134,156,22
2135,156,23
2136,157,0
2137,157,1
2138,157,2
2139,157,3
2140,157,4
2141,157,17
2142,157,18
2143,157,19
2144,157,20
2145,157,21
2146,157,22
2147,157,23
2148,158,0
2149,158,1
2150,158,2
2151,158,3
2152,158,18
2153,158,19
2154,158,20
2155,158,21
2156,158,22
2157,158,23
2158,159,0
2159,159,1
2160,159,2
2161,159,3
2162,159,18
2163,159,19
2164,159,20
2165,159,21
2166,159,22
2167,159,23
2168,160,0
2169,160,1
2170,160,2
2171,160,3
2172,160,18
2173,160,19
2174,160,20
2175,160,21
2176,160,22
2177,160,23
2178,161,0
2179,161,1
2180,161,2
2181,161,3
2182,161,18
2183,161,19
2184,161,20
2185,161,21
2186,161,22
2187,161,23
2188,162,0
2189,162,1
2190,162,2
2191,162,3
2192,162,18
2193,162,19
2194,162,20
2195,162,21
2196,162,22
2197,162,23
2198,163,0
2199,163,1
2200,163,2
2201,163,3
2202,163,18
2203,163,19
2204,163,20
2205,163,21
2206,163,22
2207,163,23
2208,164,0
2209,164,1
2210,164,2
2211,164,3
2212,164,17
2213,164,18
2214,164,19
2215,164,20
2216,164,21
2217,164,22
2218,164,23
2219,165,0
2220,165,1
2221,165,2
2222,165,3
2223,165,18
2224,165,19
2225,165,20
2226,165,21
2227,165,22
2228,165,23
2229,166,0
2230,166,1
2231,166,2
2232,166,3
2233,166,18
2234,166,19
2235,166,20
2236,166,21
2237,166,22
2238,166,23
2239,167,0
2240,167,1
2241,167,2
2242,167,3
2243,167,18
2244,167,19
2245,167,20
2246,167,21
2247,167,22
2248,167,23
2249,168,0
2250,168,1
2251,168,2
2252,168,3
2253,168,18
2254,168,19
2255,168,20
2256,168,21
2257,168,22
2258,168,23
2259,169,0
2260,169,1
2261,169,2
2262,169,3
2263,169,18
2264,169,19
2265,169,20
2266,169,21
2267,169,22
2268,169,23
2269,170,0
2270,170,1
2271,170,2
2272,170,3
2273,170,18
2274,170,19
2275,170,20
2276,170,21
2277,170,22
2278,170,23
2279,171,0
2280,171,1
2281,171,2
2282,171,3
2283,171,18
2284,171,19
2285,171,20
2286,171,21
2287,171,22
2288,171,23
2289,172,0
2290,172,1
2291,172,2
2292,172,3
2293,172,18
2294,172,19
2295,172,20
2296,172,21
2297,172,22
2298,172,23
2299,173,0
2300,173,1
2301,173,2
2302,173,3
2303,173,18
2304,173,19
2305,173,20
2306,173,21
2307,173,22
2308,173,23
2309,174,0
2310,174,1
2311,174,2
2312,174,3
2313,174,18
2314,174,19
2315,174,20
2316,174,21
2317,174,22
2318,174,23
2319,175,0
2320,175,1
2321,175,2
2322,175,3
2323,175,18
2324,175,19
2325,175,20
2326,175,21
2327,175,22
2328,175,23
2329,176,0
2330,176,1
2331,176,2
2332,176,3
2333,176,18
2334,176,19
2335,176,20
2336,176,21
2337,176,22
2338,176,23
2339,177,0
2340,177,1
2341,177,2
2342,177,3
2343,177,18
2344,177,19
2345,177,20
2346,177,21
2347,177,22
2348,177,23
2349,178,0
2350,178,1
2351,178,2
2352,178,3
2353,178,18
2354,178,19
2355,178,20
2356,178,21
2357,178,22
2358,178,23
2359,179,0
2360,179,1
2361,179,2
2362,179,3
2363,179,18
2364,179,19
2365,179,20
2366,179,21
2367,179,22
2368,179,23
2369,180,0
2370,180,1
2371,180,2
2372,180,3
2373,180,18
2374,180,19
2375,180,20
2376,180,21
2377,180,22
2378,180,23
2379,181,0
2380,181,1
2381,181,2
2382,181,3
2383,181,18
2384,181,19
2385,181,20
2386,181,21
2387,181,22
2388,181,23
2389,182,0
2390,182,1
2391,182,2
2392,182,3
2393,182,18
2394,182,19
2395,182,20
2396,182,21
2397,182,22
2398,182,23
2399,183,0
2400,183,1
2401,183,2
2402,183,3
2403,183,18
2404,183,19
2405,183,20
2406,183,21
2407,183,22
2408,183,23
2409,184,0
2410,184,1
2411,184,2
2412,184,3
2413,184,18
2414,184,19
2415,184,20
2416,184,21
2417,184,22
2418,184,23
2419,185,0
2420,185,1
2421,185,2
2422,185,3
2423,185,18
2424,185,19
2425,185,20
2426,185,21
2427,185,22
2428,185,23
2429,186,0
2430,186,1
2431,186,2
2432,186,3
2433,186,18
2434,186,19
2435,186,20
2436,186,21
2437,186,22
2438,186,23
2439,187,0
2440,187,1
2441,187,2
2442,187,3
2443,187,18
2444,187,19
2445,187,20
2446,187,21
2447,187,22
2448,187,23
2449,188,0
2450,188,1
2451,188,2
2452,188,3
2453,188,18
2454,188,19
2455,188,20
2456,188,21
2457,188,22
2458,188,23
2459,189,0
2460,189,1
2461,189,2
2462,189,3
2463,189,18
2464,189,19
2465,189,20
2466,189,21
2467,189,22
2468,189,23
2469,190,0
2470,190,1
2471,190,2
2472,190,3
2473,190,18
2474,190,19
2475,190,20
2476,190,21
2477,190,22
2478,190,23
2479,191,0
2480,191,1
2481,191,2
2482,191,3
2483,191,18
2484,191,19
2485,191,20
2486,191,21
2487,191,22
2488,191,23
2489,192,0
2490,192,1
2491,192,2
2492,192,3
2493,192,18
2494,192,19
2495,192,20
2496,192,21
2497,192,22
2498,192,23
2499,193,0
2500,193,1
2501,193,2
2502,193,3
2503,193,18
2504,193,19
2505,193,20
2506,193,21
2507,193,22
2508,193,23
2509,194,0
2510,194,1
2511,194,2
2512,194,3
2513,194,17
2514,194,18
2515,194,19
2516,194,20
2517,194,21
2518,194,22
2519,194,23
2520,195,0
2521,195,1
2522,195,2
2523,195,3
2524,195,17
2525,195,18
2526,195,19
2527,195,20
2528,195,21
2529,195,22
2530,195,23
2531,196,0
2532,196,1
2533,196,2
2534,196,3
2535,196,4
2536,196,17
2537,196,18
2538,196,19
2539,196,20
2540,196,21
2541,196,22
2542,196,23
2543,197,0
2544,197,1
2545,197,2
2546,197,3
2547,197,18
2548,197,19
2549,197,20
2550,197,21
2551,197,22
2552,197,23
2553,198,0
2554,198,1
2555,198,2
2556,198,3
2557,198,4
2558,198,17
2559,198,18
2560,198,19
2561,198,20
2562,198,21
2563,198,22
2564,198,23
2565,199,0
2566,199,1
2567,199,2
2568,199,3
2569,199,4
2570,199,17
2571,199,18
2572,199,19
2573,199,20
2574,199,21
2575,199,22
2576,199,23
2577,200,0
2578,200,1
2579,200,2
2580,200,3
2581,200,4
2582,200,17
2583,200,18
2584,200,19
2585,200,20
2586,200,21
2587,200,22
2588,200,23
2589,201,0
2590,201,1
2591,201,2
2592,201,3
2593,201,4
2594,201,18
2595,201,19
2596,201,20
2597,201,21
2598,201,22
2599,201,23
2600,202,0
2601,202,1
2602,202,2
2603,202,3
2604,202,4
2605,202,17
2606,202,18
2607,202,19
2608,202,20
2609,202,21
2610,202,22
2611,202,23
2612,203,0
2613,203,1
2614,203,2
2615,203,3
2616,203,4
2617,203,17
2618,203,18
2619,203,19
2620,203,20
2621,203,21
2622,203,22
2623,203,23
2624,204,0
2625,204,1
2626,204,2
2627,204,3
2628,204,4
2629,204,17
2630,204,18
2631,204,19
2632,204,20
2633,204,21
2634,204,22
2635,204,23
2636,205,0
2637,205,1
2638,205,2
2639,205,3
2640,205,4
2641,205,17
2642,205,18
2643,205,19
2644,205,20
2645,205,21
2646,205,22
2647,205,23
2648,206,0
2649,206,1
2650,206,2
2651,206,3
2652,206,4
2653,206,17
2654,206,18
2655,206,19
2656,206,20
2657,206,21
2658,206,22
2659,206,23
2660,207,0
2661,207,1
2662,207,2
2663,207,3
2664,207,4
2665,207,17
2666,207,18
2667,207,19
2668,207,20
2669,207,21
2670,207,22
2671,207,23
2672,208,0
2673,208,1
2674,208,2
2675,208,3
2676,208,4
2677,208,17
2678,208,18
2679,208,19
2680,208,20
2681,208,21
2682,208,22
2683,208,23
2684,209,0
2685,209,1
2686,209,2
2687,209,3
2688,209,4
2689,209,17
2690,209,18
2691,209,19
2692,209,20
2693,209,21
2694,209,22
2695,209,23
2696,210,0
2697,210,1
2698,210,2
2699,210,3
2700,210,4
2701,210,17
2702,210,18
2703,210,19
2704,210,20
2705,210,21
2706,210,22
2707,210,23
2708,211,0
2709,211,1
2710,211,2
2711,211,3
2712,211,4
2713,211,17
2714,211,18
2715,211,19
2716,211,20
2717,211,21
2718,211,22
2719,211,23
2720,212,0
2721,212,1
2722,212,2
2723,212,3
2724,212,4
2725,212,17
2726,212,18
2727,212,19
2728,212,20
2729,212,21
2730,212,22
2731,212,23
2732,213,0
2733,213,1
2734,213,2
2735,213,3
2736,213,4
2737,213,17
2738,213,18
2739,213,19
2740,213,20
2741,213,21
2742,213,22
2743,213,23
2744,214,0
2745,214,1
2746,214,2
2747,214,3
2748,214,4
2749,214,17
2750,214,18
2751,214,19
2752,214,20
2753,214,21
2754,214,22
2755,214,23
2756,215,0
2757,215,1
2758,215,2
2759,215,3
2760,215,4
2761,215,17
2762,215,18
2763,215,19
2764,215,20
2765,215,21
2766,215,22
2767,215,23
2768,216,0
2769,216,1
2770,216,2
2771,216,3
2772,216,4
2773,216,17
2774,216,18
2775,216,19
2776,216,20
2777,216,21
2778,216,22
2779,216,23
2780,217,0
2781,217,1
2782,217,2
2783,217,3
2784,217,4
2785,217,17
2786,217,18
2787,217,19
2788,217,20
2789,217,21
2790,217,22
2791,217,23
2792,218,0
2793,218,1
2794,218,2
2795,218,3
2796,218,4
2797,218,17
2798,218,18
2799,218,19
2800,218,20
2801,218,21
2802,218,22
2803,218,23
2804,219,0
2805,219,1
2806,219,2
2807,219,3
2808,219,4
2809,219,17
2810,219,18
2811,219,19
2812,219,20
2813,219,21
2814,219,22
2815,219,23
2816,220,0
2817,220,1
2818,220,2
2819,220,3
2820,220,4
2821,220,17
2822,220,18
2823,220,19
2824,220,20
2825,220,21
2826,220,22
2827,220,23
2828,221,0
2829,221,1
2830,221,2
2831,221,3
2832,221,4
2833,221,17
2834,221,18
2835,221,19
2836,221,20
2837,221,21
2838,221,22
2839,221,23
2840,222,0
2841,222,1
2842,222,2
2843,222,3
2844,222,4
2845,222,17
2846,222,18
2847,222,19
2848,222,20
2849,222,21
2850,222,22
2851,222,23
2852,223,0
2853,223,1
2854,223,2
2855,223,3
2856,223,4
2857,223,17
2858,223,18
2859,223,19
2860,223,20
2861,223,21
2862,223,22
2863,223,23
2864,224,0
2865,224,1
2866,224,2
2867,224,3
2868,224,4
2869,224,17
2870,224,18
2871,224,19
2872,224,20
2873,224,21
2874,224,22
2875,224,23
2876,225,0
2877,225,1
2878,225,2
2879,225,3
2880,225,4
2881,225,17
2882,225,18
2883,225,19
2884,225,20
2885,225,21
2886,225,22
2887,225,23
2888,226,0
2889,226,1
2890,226,2
2891,226,3
2892,226,4
2893,226,17
2894,226,18
2895,226,19
2896,226,20
2897,226,21
2898,226,22
2899,226,23
2900,227,0
2901,227,1
2902,227,2
2903,227,3
2904,227,4
2905,227,17
2906,227,18
2907,227,19
2908,227,20
2909,227,21
2910,227,22
2911,227,23
2912,228,0
2913,228,1
2914,228,2
2915,228,3
2916,228,4
2917,228,17
2918,228,18
2919,228,19
2920,228,20
2921,228,21
2922,228,22
2923,228,23
2924,229,0
2925,229,1
2926,229,2
2927,229,3
2928,229,4
2929,229,17
2930,229,18
2931,229,19
2932,229,20
2933,229,21
2934,229,22
2935,229,23
2936,230,0
2937,230,1
2938,230,2
2939,230,3
2940,230,4
2941,230,17
2942,230,18
2943,230,19
2944,230,20
2945,230,21
2946,230,22
2947,230,23
2948,231,0
2949,231,1
2950,231,2
2951,231,3
2952,231,4
2953,231,17
2954,231,18
2955,231,19
2956,231,20
2957,231,21
2958,231,22
2959,231,23
2960,232,0
2961,232,1
2962,232,2
2963,232,3
2964,232,4
2965,232,17
2966,232,18
2967,232,19
2968,232,20
2969,232,21
2970,232,22
2971,232,23
2972,233,0
2973,233,1
2974,233,2
2975,233,3
2976,233,4
2977,233,17
2978,233,18
2979,233,19
2980,233,20
2981,233,21
2982,233,22
2983,233,23
2984,234,0
2985,234,1
2986,234,2
2987,234,3
2988,234,4
2989,234,17
2990,234,18
2991,234,19
2992,234,20
2993,234,21
2994,234,22
2995,234,23
2996,235,0
2997,235,1
2998,235,2
2999,235,3
3000,235,4
3001,235,17
3002,235,18
3003,235,19
3004,235,20
3005,235,21
3006,235,22
3007,235,23
3008,236,0
3009,236,1
3010,236,2
3011,236,3
3012,236,4
3013,236,17
3014,236,18
3015,236,19
3016,236,20
3017,236,21
3018,236,22
3019,236,23
3020,237,0
3021,237,1
3022,237,2
3023,237,3
3024,237,4
3025,237,17
3026,237,18
3027,237,19
3028,237,20
3029,237,21
3030,237,22
3031,237,23
3032,238,0
3033,238,1
3034,238,2
3035,238,3
3036,238,4
3037,238,17
3038,238,18
3039,238,19
3040,238,20
3041,238,21
3042,238,22
3043,238,23
3044,239,0
3045,239,1
3046,239,2
3047,239,3
3048,239,4
3049,239,17
3050,239,18
3051,239,19
3052,239,20
3053,239,21
3054,239,22
3055,239,23
3056,240,0
3057,240,1
3058,240,2
3059,240,3
3060,240,4
3061,240,17
3062,240,18
3063,240,19
3064,240,20
3065,240,21
3066,240,22
3067,240,23
3068,241,0
3069,241,1
3070,241,2
3071,241,3
3072,241,4
3073,241,17
3074,241,18
3075,241,19
3076,241,20
3077,241,21
3078,241,22
3079,241,23
3080,242,0
3081,242,1
3082,242,2
3083,242,3
3084,242,4
3085,242,17
3086,242,18
3087,242,19
3088,242,20
3089,242,21
3090,242,22
3091,242,23
3092,243,0
3093,243,1
3094,243,2
3095,243,3
3096,243,4
3097,243,17
3098,243,18
3099,243,19
3100,243,20
3101,243,21
3102,243,22
3103,243,23
3104,244,0
3105,244,1
3106,244,2
3107,244,3
3108,244,4
3109,244,17
3110,244,18
3111,244,19
3112,244,20
3113,244,21
3114,244,22
3115,244,23
3116,245,0
3117,245,1
3118,245,2
3119,245,3
3120,245,4
3121,245,17
3122,245,18
3123,245,19
3124,245,20
3125,245,21
3126,245,22
3127,245,23
3128,246,0
3129,246,1
3130,246,2
3131,246,3
3132,246,4
3133,246,17
3134,246,18
3135,246,19
3136,246,20
3137,246,21
3138,246,22
3139,246,23
3140,247,0
3141,247,1
3142,247,2
3143,247,3
3144,247,4
3145,247,17
3146,247,18
3147,247,19
3148,247,20
3149,247,21
3150,247,22
3151,247,23
3152,248,0
3153,248,1
3154,248,2
3155,248,3
3156,248,4
3157,248,17
3158,248,18
3159,248,19
3160,248,20
3161,248,21
3162,248,22
3163,248,23
3164,249,0
3165,249,1
3166,249,2
3167,249,3
3168,249,4
3169,249,17
3170,249,18
3171,249,19
3172,249,20
3173,249,21
3174,249,22
3175,249,23
3176,250,0
3177,250,1
3178,250,2
3179,250,3
3180,250,4
3181,250,17
3182,250,18
3183,250,19
3184,250,20
3185,250,21
3186,250,22
3187,250,23
3188,251,0
3189,251,1
3190,251,2
3191,251,3
3192,251,4
3193,251,17
3194,251,18
3195,251,19
3196,251,20
3197,251,21
3198,251,22
3199,251,23
3200,252,0
3201,252,1
3202,252,2
3203,252,3
3204,252,4
3205,252,17
3206,252,18
3207,252,19
3208,252,20
3209,252,21
3210,252,22
3211,252,23
3212,253,0
3213,253,1
3214,253,2
3215,253,3
3216,253,4
3217,253,17
3218,253,18
3219,253,19
3220,253,20
3221,253,21
3222,253,22
3223,253,23
3224,254,0
3225,254,1
3226,254,2
3227,254,3
3228,254,4
3229,254,17
3230,254,18
3231,254,19
3232,254,20
3233,254,21
3234,254,22
3235,254,23
3236,255,0
3237,255,1
3238,255,2
3239,255,3
3240,255,4
3241,255,17
3242,255,18
3243,255,19
3244,255,20
3245,255,21
3246,255,22
3247,255,23
3248,256,0
3249,256,1
3250,256,2
3251,256,3
3252,256,4
3253,256,16
3254,256,17
3255,256,18
3256,256,19
3257,256,20
3258,256,21
3259,256,22
3260,256,23
3261,257,0
3262,257,1
3263,257,2
3264,257,3
3265,257,4
3266,257,16
3267,257,17
3268,257,18
3269,257,19
3270,257,20
3271,257,21
3272,257,22
3273,257,23
3274,258,0
3275,258,1
3276,258,2
3277,258,3
3278,258,4
3279,258,16
3280,258,17
3281,258,18
3282,258,19
3283,258,20
3284,258,21
3285,258,22
3286,258,23
3287,259,0
3288,259,1
3289,259,2
3290,259,3
3291,259,4
3292,259,5
3293,259,16
3294,259,17
3295,259,18
3296,259,19
3297,259,20
3298,259,21
3299,259,22
3300,259,23
3301,260,0
3302,260,1
3303,260,2
3304,260,3
3305,260,4
3306,260,5
3307,260,16
3308,260,17
3309,260,18
3310,260,19
3311,260,20
3312,260,21
3313,260,22
3314,260,23
3315,261,0
3316,261,1
3317,261,2
3318,261,3
3319,261,4
3320,261,5
3321,261,16
3322,261,17
3323,261,18
3324,261,19
3325,261,20
3326,261,21
3327,261,22
3328,261,23
3329,262,0
3330,262,1
3331,262,2
3332,262,3
3333,262,4
3334,262,5
3335,262,16
3336,262,17
3337,262,18
3338,262,19
3339,262,20
3340,262,21
3341,262,22
3342,262,23
3343,263,0
3344,263,1
3345,263,2
3346,263,3
3347,263,4
3348,263,5
3349,263,16
3350,263,17
3351,263,18
3352,263,19
3353,263,20
3354,263,21
3355,263,22
3356,263,23
3357,264,0
3358,264,1
3359,264,2
3360,264,3
3361,264,4
3362,264,5
3363,264,16
3364,264,17
3365,264,18
3366,264,19
3367,264,20
3368,264,21
3369,264,22
3370,264,23
3371,265,0
3372,265,1
3373,265,2
3374,265,3
3375,265,4
3376,265,5
3377,265,16
3378,265,17
3379,265,18
3380,265,19
3381,265,20
3382,265,21
3383,265,22
3384,265,23
3385,266,0
3386,266,1
3387,266,2
3388,266,3
3389,266,4
3390,266,5
3391,266,16
3392,266,17
3393,266,18
3394,266,19
3395,266,20
3396,266,21
3397,266,22
3398,266,23
3399,267,0
3400,267,1
3401,267,2
3402,267,3
3403,267,4
3404,267,5
3405,267,16
3406,267,17
3407,267,18
3408,267,19
3409,267,20
3410,267,21
3411,267,22
3412,267,23
3413,268,0
3414,268,1
3415,268,2
3416,268,3
3417,268,4
3418,268,5
3419,268,16
3420,268,17
3421,268,18
3422,268,19
3423,268,20
3424,268,21
3425,268,22
3426,268,23
3427,269,0
3428,269,1
3429,269,2
3430,269,3
3431,269,4
3432,269,5
3433,269,16
3434,269,17
3435,269,18
3436,269,19
3437,269,20
3438,269,21
3439,269,22
3440,269,23
3441,270,0
3442,270,1
3443,270,2
3444,270,3
3445,270,4
3446,270,5
3447,270,16
3448,270,17
3449,270,18
3450,270,19
3451,270,20
3452,270,21
3453,270,22
3454,270,23
3455,271,0
3456,271,1
3457,271,2
3458,271,3
3459,271,4
3460,271,5
3461,271,16
3462,271,17
3463,271,18
3464,271,19
3465,271,20
3466,271,21
3467,271,22
3468,271,23
3469,272,0
3470,272,1
3471,272,2
3472,272,3
3473,272,4
3474,272,5
3475,272,16
3476,272,17
3477,272,18
3478,272,19
3479,272,20
3480,272,21
3481,272,22
3482,272,23
3483,273,0
3484,273,1
3485,273,2
3486,273,3
3487,273,4
3488,273,5
3489,273,16
3490,273,17
3491,273,18
3492,273,19
3493,273,20
3494,273,21
3495,273,22
3496,273,23
3497,274,0
3498,274,1
3499,274,2
3500,274,3
3501,274,4
3502,274,5
3503,274,16
3504,274,17
3505,274,18
3506,274,19
3507,274,20
3508,274,21
3509,274,22
3510,274,23
3511,275,0
3512,275,1
3513,275,2
3514,275,3
3515,275,4
3516,275,5
3517,275,16
3518,275,17
3519,275,18
3520,275,19
3521,275,20
3522,275,21
3523,275,22
3524,275,23
3525,276,0
3526,276,1
3527,276,2
3528,276,3
3529,276,4
3530,276,5
3531,276,16
3532,276,17
3533,276,18
3534,276,19
3535,276,20
3536,276,21
3537,276,22
3538,276,23
3539,277,0
3540,277,1
3541,277,2
3542,277,3
3543,277,4
3544,277,5
3545,277,16
3546,277,17
3547,277,18
3548,277,19
3549,277,20
3550,277,21
3551,277,22
3552,277,23
3553,278,0
3554,278,1
3555,278,2
3556,278,3
3557,278,4
3558,278,5
3559,278,16
3560,278,17
3561,278,18
3562,278,19
3563,278,20
3564,278,21
3565,278,22
3566,278,23
3567,279,0
3568,279,1
3569,279,2
3570,279,3
3571,279,4
3572,279,5
3573,279,16
3574,279,17
3575,279,18
3576,279,19
3577,279,20
3578,279,21
3579,279,22
3580,279,23
3581,280,0
3582,280,1
3583,280,2
3584,280,3
3585,280,4
3586,280,5
3587,280,16
3588,280,17
3589,280,18
3590,280,19
3591,280,20
3592,280,21
3593,280,22
3594,280,23
3595,281,0
3596,281,1
3597,281,2
3598,281,3
3599,281,4
3600,281,5
3601,281,16
3602,281,17
3603,281,18
3604,281,19
3605,281,20
3606,281,21
3607,281,22
3608,281,23
3609,282,0
3610,282,1
3611,282,2
3612,282,3
3613,282,4
3614,282,5
3615,282,16
3616,282,17
3617,282,18
3618,282,19
3619,282,20
3620,282,21
3621,282,22
3622,282,23
3623,283,0
3624,283,1
3625,283,2
3626,283,3
3627,283,4
3628,283,5
3629,283,16
3630,283,17
3631,283,18
3632,283,19
3633,283,20
3634,283,21
3635,283,22
3636,283,23
3637,284,0
3638,284,1
3639,284,2
3640,284,3
3641,284,4
3642,284,5
3643,284,16
3644,284,17
3645,284,18
3646,284,19
3647,284,20
3648,284,21
3649,284,22
3650,284,23
3651,285,0
3652,285,1
3653,285,2
3654,285,3
3655,285,4
3656,285,5
3657,285,16
3658,285,17
3659,285,18
3660,285,19
3661,285,20
3662,285,21
3663,285,22
3664,285,23
3665,286,0
3666,286,1
3667,286,2
3668,286,3
3669,286,4
3670,286,5
3671,286,16
3672,286,17
3673,286,18
3674,286,19
3675,286,20
3676,286,21
3677,286,22
3678,286,23
3679,287,0
3680,287,1
3681,287,2
3682,287,3
3683,287,4
3684,287,5
3685,287,16
3686,287,17
3687,287,18
3688,287,19
3689,287,20
3690,287,21
3691,287,22
3692,287,23
3693,288,0
3694,288,1
3695,288,2
3696,288,3
3697,288,4
3698,288,5
3699,288,16
3700,288,17
3701,288,18
3702,288,19
3703,288,20
3704,288,21
3705,288,22
3706,288,23
3707,289,0
3708,289,1
3709,289,2
3710,289,3
3711,289,4
3712,289,5
3713,289,16
3714,289,17
3715,289,18
3716,289,19
3717,289,20
3718,289,21
3719,289,22
3720,289,23
3721,290,0
3722,290,1
3723,290,2
3724,290,3
3725,290,4
3726,290,5
3727,290,16
3728,290,17
3729,290,18
3730,290,19
3731,290,20
3732,290,21
3733,290,22
3734,290,23
3735,291,0
3736,291,1
3737,291,2
3738,291,3
3739,291,4
3740,291,5
3741,291,16
3742,291,17
3743,291,18
3744,291,19
3745,291,20
3746,291,21
3747,291,22
3748,291,23
3749,292,0
3750,292,1
3751,292,2
3752,292,3
3753,292,4
3754,292,5
3755,292,16
3756,292,17
3757,292,18
3758,292,19
3759,292,20
3760,292,21
3761,292,22
3762,292,23
3763,293,0
3764,293,1
3765,293,2
3766,293,3
3767,293,4
3768,293,5
3769,293,16
3770,293,17
3771,293,18
3772,293,19
3773,293,20
3774,293,21
3775,293,22
3776,293,23
3777,294,0
3778,294,1
3779,294,2
3780,294,3
3781,294,4
3782,294,5
3783,294,16
3784,294,17
3785,294,18
3786,294,19
3787,294,20
3788,294,21
3789,294,22
3790,294,23
3791,295,0
3792,295,1
3793,295,2
3794,295,3
3795,295,4
3796,295,5
3797,295,6
3798,295,16
3799,295,17
3800,295,18
3801,295,19
3802,295,20
3803,295,21
3804,295,22
3805,295,23
3806,296,0
3807,296,1
3808,296,2
3809,296,3
3810,296,4
3811,296,5
3812,296,16
3813,296,17
3814,296,18
3815,296,19
3816,296,20
3817,296,21
3818,296,22
3819,296,23
3820,297,0
3821,297,1
3822,297,2
3823,297,3
3824,297,4
3825,297,5
3826,297,6
3827,297,16
3828,297,17
3829,297,18
3830,297,19
3831,297,20
3832,297,21
3833,297,22
3834,297,23
3835,298,0
3836,298,1
3837,298,2
3838,298,3
3839,298,4
3840,298,5
3841,298,16
3842,298,17
3843,298,18
3844,298,19
3845,298,20
3846,298,21
3847,298,22
3848,298,23
3849,299,0
3850,299,1
3851,299,2
3852,299,3
3853,299,4
3854,299,5
3855,299,6
3856,299,16
3857,299,17
3858,299,18
3859,299,19
3860,299,20
3861,299,21
3862,299,22
3863,299,23
3864,300,0
3865,300,1
3866,300,2
3867,300,3
3868,300,4
3869,300,5
3870,300,6
3871,300,16
3872,300,17
3873,300,18
3874,300,19
3875,300,20
3876,300,21
3877,300,22
3878,300,23
3879,301,0
3880,301,1
3881,301,2
3882,301,3
3883,301,4
3884,301,5
3885,301,16
3886,301,17
3887,301,18
3888,301,19
3889,301,20
3890,301,21
3891,301,22
3892,301,23
3893,302,0
3894,302,1
3895,302,2
3896,302,3
3897,302,4
3898,302,5
3899,302,6
3900,302,15
3901,302,16
3902,302,17
3903,302,18
3904,302,19
3905,302,20
3906,302,21
3907,302,22
3908,302,23
3909,303,0
3910,303,1
3911,303,2
3912,303,3
3913,303,4
3914,303,5
3915,303,6
3916,303,15
3917,303,16
3918,303,17
3919,303,18
3920,303,19
3921,303,20
3922,303,21
3923,303,22
3924,303,23
3925,304,0
3926,304,1
3927,304,2
3928,304,3
3929,304,4
3930,304,5
3931,304,6
3932,304,15
3933,304,16
3934,304,17
3935,304,18
3936,304,19
3937,304,20
3938,304,21
3939,304,22
3940,304,23
3941,305,0
3942,305,1
3943,305,2
3944,305,3
3945,305,4
3946,305,5
3947,305,6
3948,305,15
3949,305,16
3950,305,17
3951,305,18
3952,305,19
3953,305,20
3954,305,21
3955,305,22
3956,305,23
3957,306,0
3958,306,1
3959,306,2
3960,306,3
3961,306,4
3962,306,5
3963,306,6
3964,306,15
3965,306,16
3966,306,17
3967,306,18
3968,306,19
3969,306,20
3970,306,21
3971,306,22
3972,306,23
3973,307,0
3974,307,1
3975,307,2
3976,307,3
3977,307,4
3978,307,5
3979,307,6
3980,307,15
3981,307,16
3982,307,17
3983,307,18
3984,307,19
3985,307,20
3986,307,21
3987,307,22
3988,307,23
3989,308,0
3990,308,1
3991,308,2
3992,308,3
3993,308,4
3994,308,5
3995,308,6
3996,308,15
3997,308,16
3998,308,17
3999,308,18
4000,308,19
4001,308,20
4002,308,21
4003,308,22
4004,308,23
4005,309,0
4006,309,1
4007,309,2
4008,309,3
4009,309,4
4010,309,5
4011,309,6
4012,309,15
4013,309,16
4014,309,17
4015,309,18
4016,309,19
4017,309,20
4018,309,21
4019,309,22
4020,309,23
4021,310,0
4022,310,1
4023,310,2
4024,310,3
4025,310,4
4026,310,5
4027,310,6
4028,310,15
4029,310,16
4030,310,17
4031,310,18
4032,310,19
4033,310,20
4034,310,21
4035,310,22
4036,310,23
4037,311,0
4038,311,1
4039,311,2
4040,311,3
4041,311,4
4042,311,5
4043,311,6
4044,311,15
4045,311,16
4046,311,17
4047,311,18
4048,311,19
4049,311,20
4050,311,21
4051,311,22
4052,311,23
4053,312,0
4054,312,1
4055,312,2
4056,312,3
4057,312,4
4058,312,5
4059,312,6
4060,312,15
4061,312,16
4062,312,17
4063,312,18
4064,312,19
4065,312,20
4066,312,21
4067,312,22
4068,312,23
4069,313,0
4070,313,1
4071,313,2
4072,313,3
4073,313,4
4074,313,5
4075,313,6
4076,313,15
4077,313,16
4078,313,17
4079,313,18
4080,313,19
4081,313,20
4082,313,21
4083,313,22
4084,313,23
4085,314,0
4086,314,1
4087,314,2
4088,314,3
4089,314,4
4090,314,5
4091,314,6
4092,314,15
4093,314,16
4094,314,17
4095,314,18
4096,314,19
4097,314,20
4098,314,21
4099,314,22
4100,314,23
4101,315,0
4102,315,1
4103,315,2
4104,315,3
4105,315,4
4106,315,5
4107,315,6
4108,315,15
4109,315,16
4110,315,17
4111,315,18
4112,315,19
4113,315,20
4114,315,21
4115,315,22
4116,315,23
4117,316,0
4118,316,1
4119,316,2
4120,316,3
4121,316,4
4122,316,5
4123,316,6
4124,316,15
4125,316,16
4126,316,17
4127,316,18
4128,316,19
4129,316,20
4130,316,21
4131,316,22
4132,316,23
4133,317,0
4134,317,1
4135,317,2
4136,317,3
4137,317,4
4138,317,5
4139,317,6
4140,317,15
4141,317,16
4142,317,17
4143,317,18
4144,317,19
4145,317,20
4146,317,21
4147,317,22
4148,317,23
4149,318,0
4150,318,1
4151,318,2
4152,318,3
4153,318,4
4154,318,5
4155,318,6
4156,318,15
4157,318,16
4158,318,17
4159,318,18
4160,318,19
4161,318,20
4162,318,21
4163,318,22
4164,318,23
4165,319,0
4166,319,1
4167,319,2
4168,319,3
4169,319,4
4170,319,5
4171,319,6
4172,319,15
4173,319,16
4174,319,17
4175,319,18
4176,319,19
4177,319,20
4178,319,21
4179,319,22
4180,319,23
4181,320,0
4182,320,1
4183,320,2
4184,320,3
4185,320,4
4186,320,5
4187,320,6
4188,320,15
4189,320,16
4190,320,17
4191,320,18
4192,320,19
4193,320,20
4194,320,21
4195,320,22
4196,320,23
4197,321,0
4198,321,1
4199,321,2
4200,321,3
4201,321,4
4202,321,5
4203,321,6
4204,321,15
4205,321,16
4206,321,17
4207,321,18
4208,321,19
4209,321,20
4210,321,21
4211,321,22
4212,321,23
4213,322,0
4214,322,1
4215,322,2
4216,322,3
4217,322,4
4218,322,5
4219,322,6
4220,322,15
4221,322,16
4222,322,17
4223,322,18
4224,322,19
4225,322,20
4226,322,21
4227,322,22
4228,322,23
4229,323,0
4230,323,1
4231,323,2
4232,323,3
4233,323,4
4234,323,5
4235,323,6
4236,323,15
4237,323,16
4238,323,17
4239,323,18
4240,323,19
4241,323,20
4242,323,21
4243,323,22
4244,323,23
4245,324,0
4246,324,1
4247,324,2
4248,324,3
4249,324,4
4250,324,5
4251,324,6
4252,324,15
4253,324,16
4254,324,17
4255,324,18
4256,324,19
4257,324,20
4258,324,21
4259,324,22
4260,324,23
4261,325,0
4262,325,1
4263,325,2
4264,325,3
4265,325,4
4266,325,5
4267,325,6
4268,325,15
4269,325,16
4270,325,17
4271,325,18
4272,325,19
4273,325,20
4274,325,21
4275,325,22
4276,325,23
4277,326,0
4278,326,1
4279,326,2
4280,326,3
4281,326,4
4282,326,5
4283,326,6
4284,326,15
4285,326,16
4286,326,17
4287,326,18
4288,326,19
4289,326,20
4290,326,21
4291,326,22
4292,326,23
4293,327,0
4294,327,1
4295,327,2
4296,327,3
4297,327,4
4298,327,5
4299,327,6
4300,327,15
4301,327,16
4302,327,17
4303,327,18
4304,327,19
4305,327,20
4306,327,21
4307,327,22
4308,327,23
4309,328,0
4310,328,1
4311,328,2
4312,328,3
4313,328,4
4314,328,5
4315,328,6
4316,328,15
4317,328,16
4318,328,17
4319,328,18
4320,328,19
4321,328,20
4322,328,21
4323,328,22
4324,328,23
4325,329,0
4326,329,1
4327,329,2
4328,329,3
4329,329,4
4330,329,5
4331,329,6
4332,329,15
4333,329,16
4334,329,17
4335,329,18
4336,329,19
4337,329,20
4338,329,21
4339,329,22
4340,329,23
4341,330,0
4342,330,1
4343,330,2
4344,330,3
4345,330,4
4346,330,5
4347,330,6
4348,330,15
4349,330,16
4350,330,17
4351,330,18
4352,330,19
4353,330,20
4354,330,21
4355,330,22
4356,330,23
4357,331,0
4358,331,1
4359,331,2
4360,331,3
4361,331,4
4362,331,5
4363,331,6
4364,331,15
4365,331,16
4366,331,17
4367,331,18
4368,331,19
4369,331,20
4370,331,21
4371,331,22
4372,331,23
4373,332,0
4374,332,1
4375,332,2
4376,332,3
4377,332,4
4378,332,5
4379,332,6
4380,332,15
4381,332,16
4382,332,17
4383,332,18
4384,332,19
4385,332,20
4386,332,21
4387,332,22
4388,332,23
4389,333,0
4390,333,1
4391,333,2
4392,333,3
4393,333,4
4394,333,5
4395,333,6
4396,333,15
4397,333,16
4398,333,17
4399,333,18
4400,333,19
4401,333,20
4402,333,21
4403,333,22
4404,333,23
4405,334,0
4406,334,1
4407,334,2
4408,334,3
4409,334,4
4410,334,5
4411,334,6
4412,334,15
4413,334,16
4414,334,17
4415,334,18
4416,334,19
4417,334,20
4418,334,21
4419,334,22
4420,334,23
4421,335,0
4422,335,1
4423,335,2
4424,335,3
4425,335,4
4426,335,5
4427,335,6
4428,335,15
4429,335,16
4430,335,17
4431,335,18
4432,335,19
4433,335,20
4434,335,21
4435,335,22
4436,335,23
4437,336,0
4438,336,1
4439,336,2
4440,336,3
4441,336,4
4442,336,5
4443,336,6
4444,336,15
4445,336,16
4446,336,17
4447,336,18
4448,336,19
4449,336,20
4450,336,21
4451,336,22
4452,336,23
4453,337,0
4454,337,1
4455,337,2
4456,337,3
4457,337,4
4458,337,5
4459,337,6
4460,337,15
4461,337,16
4462,337,17
4463,337,18
4464,337,19
4465,337,20
4466,337,21
4467,337,22
4468,337,23
4469,338,0
4470,338,1
4471,338,2
4472,338,3
4473,338,4
4474,338,5
4475,338,6
4476,338,15
4477,338,16
4478,338,17
4479,338,18
4480,338,19
4481,338,20
4482,338,21
4483,338,22
4484,338,23
4485,339,0
4486,339,1
4487,339,2
4488,339,3
4489,339,4
4490,339,5
4491,339,6
4492,339,15
4493,339,16
4494,339,17
4495,339,18
4496,339,19
4497,339,20
4498,339,21
4499,339,22
4500,339,23
4501,340,0
4502,340,1
4503,340,2
4504,340,3
4505,340,4
4506,340,5
4507,340,6
4508,340,15
4509,340,16
4510,340,17
4511,340,18
4512,340,19
4513,340,20
4514,340,21
4515,340,22
4516,340,23
4517,341,0
4518,341,1
4519,341,2
4520,341,3
4521,341,4
4522,341,5
4523,341,6
4524,341,15
4525,341,16
4526,341,17
4527,341,18
4528,341,19
4529,341,20
4530,341,21
4531,341,22
4532,341,23
4533,342,0
4534,342,1
4535,342,2
4536,342,3
4537,342,4
4538,342,5
4539,342,6
4540,342,15
4541,342,16
4542,342,17
4543,342,18
4544,342,19
4545,342,20
4546,342,21
4547,342,22
4548,342,23
4549,343,0
4550,343,1
4551,343,2
4552,343,3
4553,343,4
4554,343,5
4555,343,6
4556,343,15
4557,343,16
4558,343,17
4559,343,18
4560,343,19
4561,343,20
4562,343,21
4563,343,22
4564,343,23
4565,344,0
4566,344,1
4567,344,2
4568,344,3
4569,344,4
4570,344,5
4571,344,6
4572,344,15
4573,344,16
4574,344,17
4575,344,18
4576,344,19
4577,344,20
4578,344,21
4579,344,22
4580,344,23
4581,345,0
4582,345,1
4583,345,2
4584,345,3
4585,345,4
4586,345,5
4587,345,6
4588,345,15
4589,345,16
4590,345,17
4591,345,18
4592,345,19
4593,345,20
4594,345,21
4595,345,22
4596,345,23
4597,346,0
4598,346,1
4599,346,2
4600,346,3
4601,346,4
4602,346,5
4603,346,6
4604,346,15
4605,346,16
4606,346,17
4607,346,18
4608,346,19
4609,346,20
4610,346,21
4611,346,22
4612,346,23
4613,347,0
4614,347,1
4615,347,2
4616,347,3
4617,347,4
4618,347,5
4619,347,6
4620,347,15
4621,347,16
4622,347,17
4623,347,18
4624,347,19
4625,347,20
4626,347,21
4627,347,22
4628,347,23
4629,348,0
4630,348,1
4631,348,2
4632,348,3
4633,348,4
4634,348,5
4635,348,6
4636,348,15
4637,348,16
4638,348,17
4639,348,18
4640,348,19
4641,348,20
4642,348,21
4643,348,22
4644,348,23
4645,349,0
4646,349,1
4647,349,2
4648,349,3
4649,349,4
4650,349,5
4651,349,6
4652,349,15
4653,349,16
4654,349,17
4655,349,18
4656,349,19
4657,349,20
4658,349,21
4659,349,22
4660,349,23
4661,350,0
4662,350,1
4663,350,2
4664,350,3
4665,350,4
4666,350,5
4667,350,6
4668,350,15
4669,350,16
4670,350,17
4671,350,18
4672,350,19
4673,350,20
4674,350,21
4675,350,22
4676,350,23
4677,351,0
4678,351,1
4679,351,2
4680,351,3
4681,351,4
4682,351,5
4683,351,6
4684,351,15
4685,351,16
4686,351,17
4687,351,18
4688,351,19
4689,351,20
4690,351,21
4691,351,22
4692,351,23
4693,352,0
4694,352,1
4695,352,2
4696,352,3
4697,352,4
4698,352,5
4699,352,6
4700,352,15
4701,352,16
4702,352,17
4703,352,18
4704,352,19
4705,352,20
4706,352,21
4707,352,22
4708,352,23
4709,353,0
4710,353,1
4711,353,2
4712,353,3
4713,353,4
4714,353,5
4715,353,6
4716,353,15
4717,353,16
4718,353,17
4719,353,18
4720,353,19
4721,353,20
4722,353,21
4723,353,22
4724,353,23
4725,354,0
4726,354,1
4727,354,2
4728,354,3
4729,354,4
4730,354,5
4731,354,6
4732,354,15
4733,354,16
4734,354,17
4735,354,18
4736,354,19
4737,354,20
4738,354,21
4739,354,22
4740,354,23
4741,355,0
4742,355,1
4743,355,2
4744,355,3
4745,355,4
4746,355,5
4747,355,6
4748,355,15
4749,355,16
4750,355,17
4751,355,18
4752,355,19
4753,355,20
4754,355,21
4755,355,22
4756,355,23
4757,356,0
4758,356,1
4759,356,2
4760,356,3
4761,356,4
4762,356,5
4763,356,6
4764,356,15
4765,356,16
4766,356,17
4767,356,18
4768,356,19
4769,356,20
4770,356,21
4771,356,22
4772,356,23
4773,357,0
4774,357,1
4775,357,2
4776,357,3
4777,357,4
4778,357,5
4779,357,6
4780,357,15
4781,357,16
4782,357,17
4783,357,18
4784,357,19
4785,357,20
4786,357,21
4787,357,22
4788,357,23
4789,358,0
4790,358,1
4791,358,2
4792,358,3
4793,358,4
4794,358,5
4795,358,6
4796,358,15
4797,358,16
4798,358,17
4799,358,18
4800,358,19
4801,358,20
4802,358,21
4803,358,22
4804,358,23
4805,359,0
4806,359,1
4807,359,2
4808,359,3
4809,359,4
4810,359,5
4811,359,6
4812,359,15
4813,359,16
4814,359,17
4815,359,18
4816,359,19
4817,359,20
4818,359,21
4819,359,22
4820,359,23
4821,360,0
4822,360,1
4823,360,2
4824,360,3
4825,360,4
4826,360,5
4827,360,6
4828,360,15
4829,360,16
4830,360,17
4831,360,18
4832,360,19
4833,360,20
4834,360,21
4835,360,22
4836,360,23
4837,361,0
4838,361,1
4839,361,2
4840,361,3
4841,361,4
4842,361,5
4843,361,6
4844,361,15
4845,361,16
4846,361,17
4847,361,18
4848,361,19
4849,361,20
4850,361,21
4851,361,22
4852,361,23
4853,362,0
4854,362,1
4855,362,2
4856,362,3
4857,362,4
4858,362,5
4859,362,6
4860,362,15
4861,362,16
4862,362,17
4863,362,18
4864,362,19
4865,362,20
4866,362,21
4867,362,22
4868,362,23
4869,363,0
4870,363,1
4871,363,2
4872,363,3
4873,363,4
4874,363,5
4875,363,6
4876,363,15
4877,363,16
4878,363,17
4879,363,18
4880,363,19
4881,363,20
4882,363,21
4883,363,22
4884,363,23
4885,364,0
4886,364,1
4887,364,2
4888,364,3
4889,364,4
4890,364,5
4891,364,6
4892,364,15
4893,364,16
4894,364,17
4895,364,18
4896,364,19
4897,364,20
4898,364,21
4899,364,22
4900,364,23
4901,365,0
4902,365,1
4903,365,2
4904,365,3
4905,365,4
4906,365,5
4907,365,6
4908,365,15
4909,365,16
4910,365,17
4911,365,18
4912,365,19
4913,365,20
4914,365,21
4915,365,22
4916,365,23
