,day,hour
0,1,0
1,1,1
2,1,2
3,1,3
4,1,4
5,1,5
6,1,6
7,1,7
8,1,8
9,1,15
10,1,16
11,1,17
12,1,18
13,1,19
14,1,20
15,1,21
16,1,22
17,1,23
18,2,0
19,2,1
20,2,2
21,2,3
22,2,4
23,2,5
24,2,6
25,2,7
26,2,8
27,2,15
28,2,16
29,2,17
30,2,18
31,2,19
32,2,20
33,2,21
34,2,22
35,2,23
36,3,0
37,3,1
38,3,2
39,3,3
40,3,4
41,3,5
42,3,6
43,3,7
44,3,8
45,3,15
46,3,16
47,3,17
48,3,18
49,3,19
50,3,20
51,3,21
52,3,22
53,3,23
54,4,0
55,4,1
56,4,2
57,4,3
58,4,4
59,4,5
60,4,6
61,4,7
62,4,8
63,4,15
64,4,16
65,4,17
66,4,18
67,4,19
68,4,20
69,4,21
70,4,22
71,4,23
72,5,0
73,5,1
74,5,2
75,5,3
76,5,4
77,5,5
78,5,6
79,5,7
80,5,8
81,5,15
82,5,16
83,5,17
84,5,18
85,5,19
86,5,20
87,5,21
88,5,22
89,5,23
90,6,0
91,6,1
92,6,2
93,6,3
94,6,4
95,6,5
96,6,6
97,6,7
98,6,8
99,6,15
100,6,16
101,6,17
102,6,18
103,6,19
104,6,20
105,6,21
106,6,22
107,6,23
108,7,0
109,7,1
110,7,2
111,7,3
112,7,4
113,7,5
114,7,6
115,7,7
116,7,8
117,7,15
118,7,16
119,7,17
120,7,18
121,7,19
122,7,20
123,7,21
124,7,22
125,7,23
126,8,0
127,8,1
128,8,2
129,8,3
130,8,4
131,8,5
132,8,6
133,8,7
134,8,8
135,8,15
136,8,16
137,8,17
138,8,18
139,8,19
140,8,20
141,8,21
142,8,22
143,8,23
144,9,0
145,9,1
146,9,2
147,9,3
148,9,4
149,9,5
150,9,6
151,9,7
152,9,8
153,9,15
154,9,16
155,9,17
156,9,18
157,9,19
158,9,20
159,9,21
160,9,22
161,9,23
162,10,0
163,10,1
164,10,2
165,10,3
166,10,4
167,10,5
168,10,6
169,10,7
170,10,8
171,10,15
172,10,16
173,10,17
174,10,18
175,10,19
176,10,20
177,10,21
178,10,22
179,10,23
180,11,0
181,11,1
182,11,2
183,11,3
184,11,4
185,11,5
186,11,6
187,11,7
188,11,8
189,11,15
190,11,16
191,11,17
192,11,18
193,11,19
194,11,20
195,11,21
196,11,22
197,11,23
198,12,0
199,12,1
200,12,2
201,12,3
202,12,4
203,12,5
204,12,6
205,12,7
206,12,8
207,12,15
208,12,16
209,12,17
210,12,18
211,12,19
212,12,20
213,12,21
214,12,22
215,12,23
216,13,0
217,13,1
218,13,2
219,13,3
220,13,4
221,13,5
222,13,6
223,13,7
224,13,8
225,13,15
226,13,16
227,13,17
228,13,18
229,13,19
230,13,20
231,13,21
232,13,22
233,13,23
234,14,0
235,14,1
236,14,2
237,14,3
238,14,4
239,14,5
240,14,6
241,14,7
242,14,15
243,14,16
244,14,17
245,14,18
246,14,19
247,14,20
248,14,21
249,14,22
250,14,23
251,15,0
252,15,1
253,15,2
254,15,3
255,15,4
256,15,5
257,15,6
258,15,7
259,15,8
260,15,15
261,15,16
262,15,17
263,15,18
264,15,19
265,15,20
266,15,21
267,15,22
268,15,23
269,16,0
270,16,1
271,16,2
272,16,3
273,16,4
274,16,5
275,16,6
276,16,7
277,16,15
278,16,16
279,16,17
280,16,18
281,16,19
282,16,20
283,16,21
284,16,22
285,16,23
286,17,0
287,17,1
288,17,2
289,17,3
290,17,4
291,17,5
292,17,6
293,17,7
294,17,8
295,17,15
296,17,16
297,17,17
298,17,18
299,17,19
300,17,20
301,17,21
302,17,22
303,17,23
304,18,0
305,18,1
306,18,2
307,18,3
308,18,4
309,18,5
310,18,6
311,18,7
312,18,8
313,18,15
314,18,16
315,18,17
316,18,18
317,18,19
318,18,20
319,18,21
320,18,22
321,18,23
322,19,0
323,19,1
324,19,2
325,19,3
326,19,4
327,19,5
328,19,6
329,19,7
330,19,8
331,19,15
332,19,16
333,19,17
334,19,18
335,19,19
336,19,20
337,19,21
338,19,22
339,19,23
340,20,0
341,20,1
342,20,2
343,20,3
344,20,4
345,20,5
346,20,6
347,20,7
348,20,8
349,20,15
350,20,16
351,20,17
352,20,18
353,20,19
354,20,20
355,20,21
356,20,22
357,20,23
358,21,0
359,21,1
360,21,2
361,21,3
362,21,4
363,21,5
364,21,6
365,21,7
366,21,8
367,21,15
368,21,16
369,21,17
370,21,18
371,21,19
372,21,20
373,21,21
374,21,22
375,21,23
376,22,0
377,22,1
378,22,2
379,22,3
380,22,4
381,22,5
382,22,6
383,22,7
384,22,15
385,22,16
386,22,17
387,22,18
388,22,19
389,22,20
390,22,21
391,22,22
392,22,23
393,23,0
394,23,1
395,23,2
396,23,3
397,23,4
398,23,5
399,23,6
400,23,7
401,23,15
402,23,16
403,23,17
404,23,18
405,23,19
406,23,20
407,23,21
408,23,22
409,23,23
410,24,0
411,24,1
412,24,2
413,24,3
414,24,4
415,24,5
416,24,6
417,24,7
418,24,15
419,24,16
420,24,17
421,24,18
422,24,19
423,24,20
424,24,21
425,24,22
426,24,23
427,25,0
428,25,1
429,25,2
430,25,3
431,25,4
432,25,5
433,25,6
434,25,7
435,25,15
436,25,16
437,25,17
438,25,18
439,25,19
440,25,20
441,25,21
442,25,22
443,25,23
444,26,0
445,26,1
446,26,2
447,26,3
448,26,4
449,26,5
450,26,6
451,26,7
452,26,15
453,26,16
454,26,17
455,26,18
456,26,19
457,26,20
458,26,21
459,26,22
460,26,23
461,27,0
462,27,1
463,27,2
464,27,3
465,27,4
466,27,5
467,27,6
468,27,7
469,27,15
470,27,16
471,27,17
472,27,18
473,27,19
474,27,20
475,27,21
476,27,22
477,27,23
478,28,0
479,28,1
480,28,2
481,28,3
482,28,4
483,28,5
484,28,6
485,28,7
486,28,15
487,28,16
488,28,17
489,28,18
490,28,19
491,28,20
492,28,21
493,28,22
494,28,23
495,29,0
496,29,1
497,29,2
498,29,3
499,29,4
500,29,5
501,29,6
502,29,7
503,29,15
504,29,16
505,29,17
506,29,18
507,29,19
508,29,20
509,29,21
510,29,22
511,29,23
512,30,0
513,30,1
514,30,2
515,30,3
516,30,4
517,30,5
518,30,6
519,30,7
520,30,16
521,30,17
522,30,18
523,30,19
524,30,20
525,30,21
526,30,22
527,30,23
528,31,0
529,31,1
530,31,2
531,31,3
532,31,4
533,31,5
534,31,6
535,31,7
536,31,16
537,31,17
538,31,18
539,31,19
540,31,20
541,31,21
542,31,22
543,31,23
544,32,0
545,32,1
546,32,2
547,32,3
548,32,4
549,32,5
550,32,6
551,32,7
552,32,16
553,32,17
554,32,18
555,32,19
556,32,20
557,32,21
558,32,22
559,32,23
560,33,0
561,33,1
562,33,2
563,33,3
564,33,4
565,33,5
566,33,6
567,33,7
568,33,16
569,33,17
570,33,18
571,33,19
572,33,20
573,33,21
574,33,22
575,33,23
576,34,0
577,34,1
578,34,2
579,34,3
580,34,4
581,34,5
582,34,6
583,34,7
584,34,16
585,34,17
586,34,18
587,34,19
588,34,20
589,34,21
590,34,22
591,34,23
592,35,0
593,35,1
594,35,2
595,35,3
596,35,4
597,35,5
598,35,6
599,35,7
600,35,16
601,35,17
602,35,18
603,35,19
604,35,20
605,35,21
606,35,22
607,35,23
608,36,0
609,36,1
610,36,2
611,36,3
612,36,4
613,36,5
614,36,6
615,36,7
616,36,15
617,36,16
618,36,17
619,36,18
620,36,19
621,36,20
622,36,21
623,36,22
624,36,23
625,37,0
626,37,1
627,37,2
628,37,3
629,37,4
630,37,5
631,37,6
632,37,7
633,37,16
634,37,17
635,37,18
636,37,19
637,37,20
638,37,21
639,37,22
640,37,23
641,38,0
642,38,1
643,38,2
644,38,3
645,38,4
646,38,5
647,38,6
648,38,7
649,38,16
650,38,17
651,38,18
652,38,19
653,38,20
654,38,21
655,38,22
656,38,23
657,39,0
658,39,1
659,39,2
660,39,3
661,39,4
662,39,5
663,39,6
664,39,7
665,39,16
666,39,17
667,39,18
668,39,19
669,39,20
670,39,21
671,39,22
672,39,23
673,40,0
674,40,1
675,40,2
676,40,3
677,40,4
678,40,5
679,40,6
680,40,7
681,40,16
682,40,17
683,40,18
684,40,19
685,40,20
686,40,21
687,40,22
688,40,23
689,41,0
690,41,1
691,41,2
692,41,3
693,41,4
694,41,5
695,41,6
696,41,7
697,41,16
698,41,17
699,41,18
700,41,19
701,41,20
702,41,21
703,41,22
704,41,23
705,42,0
706,42,1
707,42,2
708,42,3
709,42,4
710,42,5
711,42,6
712,42,7
713,42,16
714,42,17
715,42,18
716,42,19
717,42,20
718,42,21
719,42,22
720,42,23
721,43,0
722,43,1
723,43,2
724,43,3
725,43,4
726,43,5
727,43,6
728,43,7
729,43,16
730,43,17
731,43,18
732,43,19
733,43,20
734,43,21
735,43,22
736,43,23
737,44,0
738,44,1
739,44,2
740,44,3
741,44,4
742,44,5
743,44,6
744,44,7
745,44,16
746,44,17
747,44,18
748,44,19
749,44,20
750,44,21
751,44,22
752,44,23
753,45,0
754,45,1
755,45,2
756,45,3
757,45,4
758,45,5
759,45,6
760,45,7
761,45,16
762,45,17
763,45,18
764,45,19
765,45,20
766,45,21
767,45,22
768,45,23
769,46,0
770,46,1
771,46,2
772,46,3
773,46,4
774,46,5
775,46,6
776,46,7
777,46,16
778,46,17
779,46,18
780,46,19
781,46,20
782,46,21
783,46,22
784,46,23
785,47,0
786,47,1
787,47,2
788,47,3
789,47,4
790,47,5
791,47,6
792,47,7
793,47,16
794,47,17
795,47,18
796,47,19
797,47,20
798,47,21
799,47,22
800,47,23
801,48,0
802,48,1
803,48,2
804,48,3
805,48,4
806,48,5
807,48,6
808,48,7
809,48,16
810,48,17
811,48,18
812,48,19
813,48,20
814,48,21
815,48,22
816,48,23
817,49,0
818,49,1
819,49,2
820,49,3
821,49,4
822,49,5
823,49,6
824,49,7
825,49,16
826,49,17
827,49,18
828,49,19
829,49,20
830,49,21
831,49,22
832,49,23
833,50,0
834,50,1
835,50,2
836,50,3
837,50,4
838,50,5
839,50,6
840,50,7
841,50,16
842,50,17
843,50,18
844,50,19
845,50,20
846,50,21
847,50,22
848,50,23
849,51,0
850,51,1
851,51,2
852,51,3
853,51,4
854,51,5
855,51,6
856,51,7
857,51,16
858,51,17
859,51,18
860,51,19
861,51,20
862,51,21
863,51,22
864,51,23
865,52,0
866,52,1
867,52,2
868,52,3
869,52,4
870,52,5
871,52,6
872,52,7
873,52,16
874,52,17
875,52,18
876,52,19
877,52,20
878,52,21
879,52,22
880,52,23
881,53,0
882,53,1
883,53,2
884,53,3
885,53,4
886,53,5
887,53,6
888,53,7
889,53,16
890,53,17
891,53,18
892,53,19
893,53,20
894,53,21
895,53,22
896,53,23
897,54,0
898,54,1
899,54,2
900,54,3
901,54,4
902,54,5
903,54,6
904,54,7
905,54,16
906,54,17
907,54,18
908,54,19
909,54,20
910,54,21
911,54,22
912,54,23
913,55,0
914,55,1
915,55,2
916,55,3
917,55,4
918,55,5
919,55,6
920,55,7
921,55,16
922,55,17
923,55,18
924,55,19
925,55,20
926,55,21
927,55,22
928,55,23
929,56,0
930,56,1
931,56,2
932,56,3
933,56,4
934,56,5
935,56,6
936,56,7
937,56,16
938,56,17
939,56,18
940,56,19
941,56,20
942,56,21
943,56,22
944,56,23
945,57,0
946,57,1
947,57,2
948,57,3
949,57,4
950,57,5
951,57,6
952,57,16
953,57,17
954,57,18
955,57,19
956,57,20
957,57,21
958,57,22
959,57,23
960,58,0
961,58,1
962,58,2
963,58,3
964,58,4
965,58,5
966,58,6
967,58,16
968,58,17
969,58,18
970,58,19
971,58,20
972,58,21
973,58,22
974,58,23
975,59,0
976,59,1
977,59,2
978,59,3
979,59,4
980,59,5
981,59,6
982,59,7
983,59,16
984,59,17
985,59,18
986,59,19
987,59,20
988,59,21
989,59,22
990,59,23
991,60,0
992,60,1
993,60,2
994,60,3
995,60,4
996,60,5
997,60,6
998,60,7
999,60,16
1000,60,17
1001,60,18
1002,60,19
1003,60,20
1004,60,21
1005,60,22
1006,60,23
1007,61,0
1008,61,1
1009,61,2
1010,61,3
1011,61,4
1012,61,5
1013,61,6
1014,61,16
1015,61,17
1016,61,18
1017,61,19
1018,61,20
1019,61,21
1020,61,22
1021,61,23
1022,62,0
1023,62,1
1024,62,2
1025,62,3
1026,62,4
1027,62,5
1028,62,6
1029,62,16
1030,62,17
1031,62,18
1032,62,19
1033,62,20
1034,62,21
1035,62,22
1036,62,23
1037,63,0
1038,63,1
1039,63,2
1040,63,3
1041,63,4
1042,63,5
1043,63,6
1044,63,16
1045,63,17
1046,63,18
1047,63,19
1048,63,20
1049,63,21
1050,63,22
1051,63,23
1052,64,0
1053,64,1
1054,64,2
1055,64,3
1056,64,4
1057,64,5
1058,64,6
1059,64,16
1060,64,17
1061,64,18
1062,64,19
1063,64,20
1064,64,21
1065,64,22
1066,64,23
1067,65,0
1068,65,1
1069,65,2
1070,65,3
1071,65,4
1072,65,5
1073,65,6
1074,65,16
1075,65,17
1076,65,18
1077,65,19
1078,65,20
1079,65,21
1080,65,22
1081,65,23
1082,66,0
1083,66,1
1084,66,2
1085,66,3
1086,66,4
1087,66,5
1088,66,6
1089,66,17
1090,66,18
1091,66,19
1092,66,20
1093,66,21
1094,66,22
1095,66,23
1096,67,0
1097,67,1
1098,67,2
1099,67,3
1100,67,4
1101,67,5
1102,67,6
1103,67,17
1104,67,18
1105,67,19
1106,67,20
1107,67,21
1108,67,22
1109,67,23
1110,68,0
1111,68,1
1112,68,2
1113,68,3
1114,68,4
1115,68,5
1116,68,6
1117,68,17
1118,68,18
1119,68,19
1120,68,20
1121,68,21
1122,68,22
1123,68,23
1124,69,0
1125,69,1
1126,69,2
1127,69,3
1128,69,4
1129,69,5
1130,69,6
1131,69,17
1132,69,18
1133,69,19
1134,69,20
1135,69,21
1136,69,22
1137,69,23
1138,70,0
1139,70,1
1140,70,2
1141,70,3
1142,70,4
1143,70,5
1144,70,6
1145,70,17
1146,70,18
1147,70,19
1148,70,20
1149,70,21
1150,70,22
1151,70,23
1152,71,0
1153,71,1
1154,71,2
1155,71,3
1156,71,4
1157,71,5
1158,71,6
1159,71,17
1160,71,18
1161,71,19
1162,71,20
1163,71,21
1164,71,22
1165,71,23
1166,72,0
1167,72,1
1168,72,2
1169,72,3
1170,72,4
1171,72,5
1172,72,6
1173,72,17
1174,72,18
1175,72,19
1176,72,20
1177,72,21
1178,72,22
1179,72,23
1180,73,0
1181,73,1
1182,73,2
1183,73,3
1184,73,4
1185,73,5
1186,73,6
1187,73,17
1188,73,18
1189,73,19
1190,73,20
1191,73,21
1192,73,22
1193,73,23
1194,74,0
1195,74,1
1196,74,2
1197,74,3
1198,74,4
1199,74,5
1200,74,6
1201,74,17
1202,74,18
1203,74,19
1204,74,20
1205,74,21
1206,74,22
1207,74,23
1208,75,0
1209,75,1
1210,75,2
1211,75,3
1212,75,4
1213,75,5
1214,75,6
1215,75,17
1216,75,18
1217,75,19
1218,75,20
1219,75,21
1220,75,22
1221,75,23
1222,76,0
1223,76,1
1224,76,2
1225,76,3
1226,76,4
1227,76,5
1228,76,6
1229,76,17
1230,76,18
1231,76,19
1232,76,20
1233,76,21
1234,76,22
1235,76,23
1236,77,0
1237,77,1
1238,77,2
1239,77,3
1240,77,4
1241,77,5
1242,77,6
1243,77,17
1244,77,18
1245,77,19
1246,77,20
1247,77,21
1248,77,22
1249,77,23
1250,78,0
1251,78,1
1252,78,2
1253,78,3
1254,78,4
1255,78,5
1256,78,6
1257,78,17
1258,78,18
1259,78,19
1260,78,20
1261,78,21
1262,78,22
1263,78,23
1264,79,0
1265,79,1
1266,79,2
1267,79,3
1268,79,4
1269,79,5
1270,79,6
1271,79,17
1272,79,18
1273,79,19
1274,79,20
1275,79,21
1276,79,22
1277,79,23
1278,80,0
1279,80,1
1280,80,2
1281,80,3
1282,80,4
1283,80,5
1284,80,6
1285,80,17
1286,80,18
1287,80,19
1288,80,20
1289,80,21
1290,80,22
1291,80,23
1292,81,0
1293,81,1
1294,81,2
1295,81,3
1296,81,4
1297,81,5
1298,81,6
1299,81,17
1300,81,18
1301,81,19
1302,81,20
1303,81,21
1304,81,22
1305,81,23
1306,82,0
1307,82,1
1308,82,2
1309,82,3
1310,82,4
1311,82,5
1312,82,6
1313,82,17
1314,82,18
1315,82,19
1316,82,20
1317,82,21
1318,82,22
1319,82,23
1320,83,0
1321,83,1
1322,83,2
1323,83,3
1324,83,4
1325,83,5
1326,83,6
1327,83,17
1328,83,18
1329,83,19
1330,83,20
1331,83,21
1332,83,22
1333,83,23
1334,84,0
1335,84,1
1336,84,2
1337,84,3
1338,84,4
1339,84,5
1340,84,6
1341,84,17
1342,84,18
1343,84,19
1344,84,20
1345,84,21
1346,84,22
1347,84,23
1348,85,0
1349,85,1
1350,85,2
1351,85,3
1352,85,4
1353,85,5
1354,85,6
1355,85,17
1356,85,18
1357,85,19
1358,85,20
1359,85,21
1360,85,22
1361,85,23
1362,86,0
1363,86,1
1364,86,2
1365,86,3
1366,86,4
1367,86,5
1368,86,6
1369,86,17
1370,86,18
1371,86,19
1372,86,20
1373,86,21
1374,86,22
1375,86,23
1376,87,0
1377,87,1
1378,87,2
1379,87,3
1380,87,4
1381,87,5
1382,87,6
1383,87,17
1384,87,18
1385,87,19
1386,87,20
1387,87,21
1388,87,22
1389,87,23
1390,88,0
1391,88,1
1392,88,2
1393,88,3
1394,88,4
1395,88,5
1396,88,6
1397,88,17
1398,88,18
1399,88,19
1400,88,20
1401,88,21
1402,88,22
1403,88,23
1404,89,0
1405,89,1
1406,89,2
1407,89,3
1408,89,4
1409,89,5
1410,89,6
1411,89,17
1412,89,18
1413,89,19
1414,89,20
1415,89,21
1416,89,22
1417,89,23
1418,90,0
1419,90,1
1420,90,2
1421,90,3
1422,90,4
1423,90,5
1424,90,6
1425,90,17
1426,90,18
1427,90,19
1428,90,20
1429,90,21
1430,90,22
1431,90,23
1432,91,0
1433,91,1
1434,91,2
1435,91,3
1436,91,4
1437,91,5
1438,91,6
1439,91,17
1440,91,18
1441,91,19
1442,91,20
1443,91,21
1444,91,22
1445,91,23
1446,92,0
1447,92,1
1448,92,2
1449,92,3
1450,92,4
1451,92,5
1452,92,6
1453,92,17
1454,92,18
1455,92,19
1456,92,20
1457,92,21
1458,92,22
1459,92,23
1460,93,0
1461,93,1
1462,93,2
1463,93,3
1464,93,4
1465,93,5
1466,93,6
1467,93,17
1468,93,18
1469,93,19
1470,93,20
1471,93,21
1472,93,22
1473,93,23
1474,94,0
1475,94,1
1476,94,2
1477,94,3
1478,94,4
1479,94,5
1480,94,6
1481,94,17
1482,94,18
1483,94,19
1484,94,20
1485,94,21
1486,94,22
1487,94,23
1488,95,0
1489,95,1
1490,95,2
1491,95,3
1492,95,4
1493,95,5
1494,95,17
1495,95,18
1496,95,19
1497,95,20
1498,95,21
1499,95,22
1500,95,23
1501,96,0
1502,96,1
1503,96,2
1504,96,3
1505,96,4
1506,96,5
1507,96,17
1508,96,18
1509,96,19
1510,96,20
1511,96,21
1512,96,22
1513,96,23
1514,97,0
1515,97,1
1516,97,2
1517,97,3
1518,97,4
1519,97,5
1520,97,17
1521,97,18
1522,97,19
1523,97,20
1524,97,21
1525,97,22
1526,97,23
1527,98,0
1528,98,1
1529,98,2
1530,98,3
1531,98,4
1532,98,5
1533,98,17
1534,98,18
1535,98,19
1536,98,20
1537,98,21
1538,98,22
1539,98,23
1540,99,0
1541,99,1
1542,99,2
1543,99,3
1544,99,4
1545,99,5
1546,99,17
1547,99,18
1548,99,19
1549,99,20
1550,99,21
1551,99,22
1552,99,23
1553,100,0
1554,100,1
1555,100,2
1556,100,3
1557,100,4
1558,100,5
1559,100,17
1560,100,18
1561,100,19
1562,100,20
1563,100,21
1564,100,22
1565,100,23
1566,101,0
1567,101,1
1568,101,2
1569,101,3
1570,101,4
1571,101,5
1572,101,18
1573,101,19
1574,101,20
1575,101,21
1576,101,22
1577,101,23
1578,102,0
1579,102,1
1580,102,2
1581,102,3
1582,102,4
1583,102,5
1584,102,18
1585,102,19
1586,102,20
1587,102,21
1588,102,22
1589,102,23
1590,103,0
1591,103,1
1592,103,2
1593,103,3
1594,103,4
1595,103,5
1596,103,17
1597,103,18
1598,103,19
1599,103,20
1600,103,21
1601,103,22
1602,103,23
1603,104,0
1604,104,1
1605,104,2
1606,104,3
1607,104,4
1608,104,5
1609,104,18
1610,104,19
1611,104,20
1612,104,21
1613,104,22
1614,104,23
1615,105,0
1616,105,1
1617,105,2
1618,105,3
1619,105,4
1620,105,5
1621,105,18
1622,105,19
1623,105,20
1624,105,21
1625,105,22
1626,105,23
1627,106,0
1628,106,1
1629,106,2
1630,106,3
1631,106,4
1632,106,5
1633,106,18
1634,106,19
1635,106,20
1636,106,21
1637,106,22
1638,106,23
1639,107,0
1640,107,1
1641,107,2
1642,107,3
1643,107,4
1644,107,5
1645,107,18
1646,107,19
1647,107,20
1648,107,21
1649,107,22
1650,107,23
1651,108,0
1652,108,1
1653,108,2
1654,108,3
1655,108,4
1656,108,5
1657,108,18
1658,108,19
1659,108,20
1660,108,21
1661,108,22
1662,108,23
1663,109,0
1664,109,1
1665,109,2
1666,109,3
1667,109,4
1668,109,5
1669,109,18
1670,109,19
1671,109,20
1672,109,21
1673,109,22
1674,109,23
1675,110,0
1676,110,1
1677,110,2
1678,110,3
1679,110,4
1680,110,5
1681,110,18
1682,110,19
1683,110,20
1684,110,21
1685,110,22
1686,110,23
1687,111,0
1688,111,1
1689,111,2
1690,111,3
1691,111,4
1692,111,5
1693,111,18
1694,111,19
1695,111,20
1696,111,21
1697,111,22
1698,111,23
1699,112,0
1700,112,1
1701,112,2
1702,112,3
1703,112,4
1704,112,5
1705,112,18
1706,112,19
1707,112,20
1708,112,21
1709,112,22
1710,112,23
1711,113,0
1712,113,1
1713,113,2
1714,113,3
1715,113,4
1716,113,5
1717,113,18
1718,113,19
1719,113,20
1720,113,21
1721,113,22
1722,113,23
1723,114,0
1724,114,1
1725,114,2
1726,114,3
1727,114,4
1728,114,5
1729,114,18
1730,114,19
1731,114,20
1732,114,21
1733,114,22
1734,114,23
1735,115,0
1736,115,1
1737,115,2
1738,115,3
1739,115,4
1740,115,5
1741,115,18
1742,115,19
1743,115,20
1744,115,21
1745,115,22
1746,115,23
1747,116,0
1748,116,1
1749,116,2
1750,116,3
1751,116,4
1752,116,5
1753,116,18
1754,116,19
1755,116,20
1756,116,21
1757,116,22
1758,116,23
1759,117,0
1760,117,1
1761,117,2
1762,117,3
1763,117,4
1764,117,5
1765,117,18
1766,117,19
1767,117,20
1768,117,21
1769,117,22
1770,117,23
1771,118,0
1772,118,1
1773,118,2
1774,118,3
1775,118,4
1776,118,5
1777,118,18
1778,118,19
1779,118,20
1780,118,21
1781,118,22
1782,118,23
1783,119,0
1784,119,1
1785,119,2
1786,119,3
1787,119,4
1788,119,5
1789,119,18
1790,119,19
1791,119,20
1792,119,21
1793,119,22
1794,119,23
1795,120,0
1796,120,1
1797,120,2
1798,120,3
1799,120,4
1800,120,5
1801,120,18
1802,120,19
1803,120,20
1804,120,21
1805,120,22
1806,120,23
1807,121,0
1808,121,1
1809,121,2
1810,121,3
1811,121,4
1812,121,5
1813,121,18
1814,121,19
1815,121,20
1816,121,21
1817,121,22
1818,121,23
1819,122,0
1820,122,1
1821,122,2
1822,122,3
1823,122,4
1824,122,5
1825,122,18
1826,122,19
1827,122,20
1828,122,21
1829,122,22
1830,122,23
1831,123,0
1832,123,1
1833,123,2
1834,123,3
1835,123,4
1836,123,5
1837,123,18
1838,123,19
1839,123,20
1840,123,21
1841,123,22
1842,123,23
1843,124,0
1844,124,1
1845,124,2
1846,124,3
1847,124,4
1848,124,5
1849,124,18
1850,124,19
1851,124,20
1852,124,21
1853,124,22
1854,124,23
1855,125,0
1856,125,1
1857,125,2
1858,125,3
1859,125,4
1860,125,5
1861,125,18
1862,125,19
1863,125,20
1864,125,21
1865,125,22
1866,125,23
1867,126,0
1868,126,1
1869,126,2
1870,126,3
1871,126,4
1872,126,5
1873,126,18
1874,126,19
1875,126,20
1876,126,21
1877,126,22
1878,126,23
1879,127,0
1880,127,1
1881,127,2
1882,127,3
1883,127,4
1884,127,5
1885,127,18
1886,127,19
1887,127,20
1888,127,21
1889,127,22
1890,127,23
1891,128,0
1892,128,1
1893,128,2
1894,128,3
1895,128,4
1896,128,5
1897,128,18
1898,128,19
1899,128,20
1900,128,21
1901,128,22
1902,128,23
1903,129,0
1904,129,1
1905,129,2
1906,129,3
1907,129,4
1908,129,5
1909,129,18
1910,129,19
1911,129,20
1912,129,21
1913,129,22
1914,129,23
1915,130,0
1916,130,1
1917,130,2
1918,130,3
1919,130,4
1920,130,5
1921,130,18
1922,130,19
1923,130,20
1924,130,21
1925,130,22
1926,130,23
1927,131,0
1928,131,1
1929,131,2
1930,131,3
1931,131,4
1932,131,5
1933,131,18
1934,131,19
1935,131,20
1936,131,21
1937,131,22
1938,131,23
1939,132,0
1940,132,1
1941,132,2
1942,132,3
1943,132,4
1944,132,5
1945,132,18
1946,132,19
1947,132,20
1948,132,21
1949,132,22
1950,132,23
1951,133,0
1952,133,1
1953,133,2
1954,133,3
1955,133,4
1956,133,5
1957,133,18
1958,133,19
1959,133,20
1960,133,21
1961,133,22
1962,133,23
1963,134,0
1964,134,1
1965,134,2
1966,134,3
1967,134,4
1968,134,5
1969,134,18
1970,134,19
1971,134,20
1972,134,21
1973,134,22
1974,134,23
1975,135,0
1976,135,1
1977,135,2
1978,135,3
1979,135,4
1980,135,5
1981,135,18
1982,135,19
1983,135,20
1984,135,21
1985,135,22
1986,135,23
1987,136,0
1988,136,1
1989,136,2
1990,136,3
1991,136,4
1992,136,5
1993,136,18
1994,136,19
1995,136,20
1996,136,21
1997,136,22
1998,136,23
1999,137,0
2000,137,1
2001,137,2
2002,137,3
2003,137,4
2004,137,5
2005,137,18
2006,137,19
2007,137,20
2008,137,21
2009,137,22
2010,137,23
2011,138,0
2012,138,1
2013,138,2
2014,138,3
2015,138,4
2016,138,5
2017,138,18
2018,138,19
2019,138,20
2020,138,21
2021,138,22
2022,138,23
2023,139,0
2024,139,1
2025,139,2
2026,139,3
2027,139,4
2028,139,5
2029,139,18
2030,139,19
2031,139,20
2032,139,21
2033,139,22
2034,139,23
2035,140,0
2036,140,1
2037,140,2
2038,140,3
2039,140,4
2040,140,5
2041,140,18
2042,140,19
2043,140,20
2044,140,21
2045,140,22
2046,140,23
2047,141,0
2048,141,1
2049,141,2
2050,141,3
2051,141,4
2052,141,5
2053,141,18
2054,141,19
2055,141,20
2056,141,21
2057,141,22
2058,141,23
2059,142,0
2060,142,1
2061,142,2
2062,142,3
2063,142,4
2064,142,5
2065,142,18
2066,142,19
2067,142,20
2068,142,21
2069,142,22
2070,142,23
2071,143,0
2072,143,1
2073,143,2
2074,143,3
2075,143,4
2076,143,5
2077,143,18
2078,143,19
2079,143,20
2080,143,21
2081,143,22
2082,143,23
2083,144,0
2084,144,1
2085,144,2
2086,144,3
2087,144,4
2088,144,5
2089,144,18
2090,144,19
2091,144,20
2092,144,21
2093,144,22
2094,144,23
2095,145,0
2096,145,1
2097,145,2
2098,145,3
2099,145,4
2100,145,5
2101,145,18
2102,145,19
2103,145,20
2104,145,21
2105,145,22
2106,145,23
2107,146,0
2108,146,1
2109,146,2
2110,146,3
2111,146,4
2112,146,5
2113,146,18
2114,146,19
2115,146,20
2116,146,21
2117,146,22
2118,146,23
2119,147,0
2120,147,1
2121,147,2
2122,147,3
2123,147,4
2124,147,5
2125,147,18
2126,147,19
2127,147,20
2128,147,21
2129,147,22
2130,147,23
2131,148,0
2132,148,1
2133,148,2
2134,148,3
2135,148,4
2136,148,5
2137,148,18
2138,148,19
2139,148,20
2140,148,21
2141,148,22
2142,148,23
2143,149,0
2144,149,1
2145,149,2
2146,149,3
2147,149,4
2148,149,5
2149,149,18
2150,149,19
2151,149,20
2152,149,21
2153,149,22
2154,149,23
2155,150,0
2156,150,1
2157,150,2
2158,150,3
2159,150,4
2160,150,5
2161,150,18
2162,150,19
2163,150,20
2164,150,21
2165,150,22
2166,150,23
2167,151,0
2168,151,1
2169,151,2
2170,151,3
2171,151,4
2172,151,5
2173,151,18
2174,151,19
2175,151,20
2176,151,21
2177,151,22
2178,151,23
2179,152,0
2180,152,1
2181,152,2
2182,152,3
2183,152,4
2184,152,18
2185,152,19
2186,152,20
2187,152,21
2188,152,22
2189,152,23
2190,153,0
2191,153,1
2192,153,2
2193,153,3
2194,153,4
2195,153,5
2196,153,18
2197,153,19
2198,153,20
2199,153,21
2200,153,22
2201,153,23
2202,154,0
2203,154,1
2204,154,2
2205,154,3
2206,154,4
2207,154,5
2208,154,18
2209,154,19
2210,154,20
2211,154,21
2212,154,22
2213,154,23
2214,155,0
2215,155,1
2216,155,2
2217,155,3
2218,155,4
2219,155,18
2220,155,19
2221,155,20
2222,155,21
2223,155,22
2224,155,23
2225,156,0
2226,156,1
2227,156,2
2228,156,3
2229,156,4
2230,156,18
2231,156,19
2232,156,20
2233,156,21
2234,156,22
2235,156,23
2236,157,0
2237,157,1
2238,157,2
2239,157,3
2240,157,4
2241,157,18
2242,157,19
2243,157,20
2244,157,21
2245,157,22
2246,157,23
2247,158,0
2248,158,1
2249,158,2
2250,158,3
2251,158,4
2252,158,18
2253,158,19
2254,158,20
2255,158,21
2256,158,22
2257,158,23
2258,159,0
2259,159,1
2260,159,2
2261,159,3
2262,159,4
2263,159,18
2264,159,19
2265,159,20
2266,159,21
2267,159,22
2268,159,23
2269,160,0
2270,160,1
2271,160,2
2272,160,3
2273,160,4
2274,160,5
2275,160,18
2276,160,19
2277,160,20
2278,160,21
2279,160,22
2280,160,23
2281,161,0
2282,161,1
2283,161,2
2284,161,3
2285,161,4
2286,161,18
2287,161,19
2288,161,20
2289,161,21
2290,161,22
2291,161,23
2292,162,0
2293,162,1
2294,162,2
2295,162,3
2296,162,4
2297,162,18
2298,162,19
2299,162,20
2300,162,21
2301,162,22
2302,162,23
2303,163,0
2304,163,1
2305,163,2
2306,163,3
2307,163,4
2308,163,18
2309,163,19
2310,163,20
2311,163,21
2312,163,22
2313,163,23
2314,164,0
2315,164,1
2316,164,2
2317,164,3
2318,164,4
2319,164,18
2320,164,19
2321,164,20
2322,164,21
2323,164,22
2324,164,23
2325,165,0
2326,165,1
2327,165,2
2328,165,3
2329,165,4
2330,165,18
2331,165,19
2332,165,20
2333,165,21
2334,165,22
2335,165,23
2336,166,0
2337,166,1
2338,166,2
2339,166,3
2340,166,4
2341,166,18
2342,166,19
2343,166,20
2344,166,21
2345,166,22
2346,166,23
2347,167,0
2348,167,1
2349,167,2
2350,167,3
2351,167,4
2352,167,19
2353,167,20
2354,167,21
2355,167,22
2356,167,23
2357,168,0
2358,168,1
2359,168,2
2360,168,3
2361,168,4
2362,168,18
2363,168,19
2364,168,20
2365,168,21
2366,168,22
2367,168,23
2368,169,0
2369,169,1
2370,169,2
2371,169,3
2372,169,4
2373,169,5
2374,169,19
2375,169,20
2376,169,21
2377,169,22
2378,169,23
2379,170,0
2380,170,1
2381,170,2
2382,170,3
2383,170,4
2384,170,19
2385,170,20
2386,170,21
2387,170,22
2388,170,23
2389,171,0
2390,171,1
2391,171,2
2392,171,3
2393,171,4
2394,171,18
2395,171,19
2396,171,20
2397,171,21
2398,171,22
2399,171,23
2400,172,0
2401,172,1
2402,172,2
2403,172,3
2404,172,4
2405,172,18
2406,172,19
2407,172,20
2408,172,21
2409,172,22
2410,172,23
2411,173,0
2412,173,1
2413,173,2
2414,173,3
2415,173,4
2416,173,19
2417,173,20
2418,173,21
2419,173,22
2420,173,23
2421,174,0
2422,174,1
2423,174,2
2424,174,3
2425,174,4
2426,174,5
2427,174,19
2428,174,20
2429,174,21
2430,174,22
2431,174,23
2432,175,0
2433,175,1
2434,175,2
2435,175,3
2436,175,4
2437,175,5
2438,175,19
2439,175,20
2440,175,21
2441,175,22
2442,175,23
2443,176,0
2444,176,1
2445,176,2
2446,176,3
2447,176,4
2448,176,19
2449,176,20
2450,176,21
2451,176,22
2452,176,23
2453,177,0
2454,177,1
2455,177,2
2456,177,3
2457,177,4
2458,177,5
2459,177,19
2460,177,20
2461,177,21
2462,177,22
2463,177,23
2464,178,0
2465,178,1
2466,178,2
2467,178,3
2468,178,4
2469,178,18
2470,178,19
2471,178,20
2472,178,21
2473,178,22
2474,178,23
2475,179,0
2476,179,1
2477,179,2
2478,179,3
2479,179,4
2480,179,5
2481,179,18
2482,179,19
2483,179,20
2484,179,21
2485,179,22
2486,179,23
2487,180,0
2488,180,1
2489,180,2
2490,180,3
2491,180,4
2492,180,19
2493,180,20
2494,180,21
2495,180,22
2496,180,23
2497,181,0
2498,181,1
2499,181,2
2500,181,3
2501,181,4
2502,181,5
2503,181,19
2504,181,20
2505,181,21
2506,181,22
2507,181,23
2508,182,0
2509,182,1
2510,182,2
2511,182,3
2512,182,4
2513,182,5
2514,182,18
2515,182,19
2516,182,20
2517,182,21
2518,182,22
2519,182,23
2520,183,0
2521,183,1
2522,183,2
2523,183,3
2524,183,4
2525,183,5
2526,183,19
2527,183,20
2528,183,21
2529,183,22
2530,183,23
2531,184,0
2532,184,1
2533,184,2
2534,184,3
2535,184,4
2536,184,5
2537,184,19
2538,184,20
2539,184,21
2540,184,22
2541,184,23
2542,185,0
2543,185,1
2544,185,2
2545,185,3
2546,185,4
2547,185,18
2548,185,19
2549,185,20
2550,185,21
2551,185,22
2552,185,23
2553,186,0
2554,186,1
2555,186,2
2556,186,3
2557,186,4
2558,186,5
2559,186,18
2560,186,19
2561,186,20
2562,186,21
2563,186,22
2564,186,23
2565,187,0
2566,187,1
2567,187,2
2568,187,3
2569,187,4
2570,187,5
2571,187,18
2572,187,19
2573,187,20
2574,187,21
2575,187,22
2576,187,23
2577,188,0
2578,188,1
2579,188,2
2580,188,3
2581,188,4
2582,188,5
2583,188,18
2584,188,19
2585,188,20
2586,188,21
2587,188,22
2588,188,23
2589,189,0
2590,189,1
2591,189,2
2592,189,3
2593,189,4
2594,189,5
2595,189,18
2596,189,19
2597,189,20
2598,189,21
2599,189,22
2600,189,23
2601,190,0
2602,190,1
2603,190,2
2604,190,3
2605,190,4
2606,190,5
2607,190,18
2608,190,19
2609,190,20
2610,190,21
2611,190,22
2612,190,23
2613,191,0
2614,191,1
2615,191,2
2616,191,3
2617,191,4
2618,191,5
2619,191,18
2620,191,19
2621,191,20
2622,191,21
2623,191,22
2624,191,23
2625,192,0
2626,192,1
2627,192,2
2628,192,3
2629,192,4
2630,192,5
2631,192,18
2632,192,19
2633,192,20
2634,192,21
2635,192,22
2636,192,23
2637,193,0
2638,193,1
2639,193,2
2640,193,3
2641,193,4
2642,193,5
2643,193,18
2644,193,19
2645,193,20
2646,193,21
2647,193,22
2648,193,23
2649,194,0
2650,194,1
2651,194,2
2652,194,3
2653,194,4
2654,194,5
2655,194,18
2656,194,19
2657,194,20
2658,194,21
2659,194,22
2660,194,23
2661,195,0
2662,195,1
2663,195,2
2664,195,3
2665,195,4
2666,195,5
2667,195,18
2668,195,19
2669,195,20
2670,195,21
2671,195,22
2672,195,23
2673,196,0
2674,196,1
2675,196,2
2676,196,3
2677,196,4
2678,196,5
2679,196,18
2680,196,19
2681,196,20
2682,196,21
2683,196,22
2684,196,23
2685,197,0
2686,197,1
2687,197,2
2688,197,3
2689,197,4
2690,197,5
2691,197,18
2692,197,19
2693,197,20
2694,197,21
2695,197,22
2696,197,23
2697,198,0
2698,198,1
2699,198,2
2700,198,3
2701,198,4
2702,198,5
2703,198,18
2704,198,19
2705,198,20
2706,198,21
2707,198,22
2708,198,23
2709,199,0
2710,199,1
2711,199,2
2712,199,3
2713,199,4
2714,199,5
2715,199,18
2716,199,19
2717,199,20
2718,199,21
2719,199,22
2720,199,23
2721,200,0
2722,200,1
2723,200,2
2724,200,3
2725,200,4
2726,200,5
2727,200,18
2728,200,19
2729,200,20
2730,200,21
2731,200,22
2732,200,23
2733,201,0
2734,201,1
2735,201,2
2736,201,3
2737,201,4
2738,201,5
2739,201,18
2740,201,19
2741,201,20
2742,201,21
2743,201,22
2744,201,23
2745,202,0
2746,202,1
2747,202,2
2748,202,3
2749,202,4
2750,202,5
2751,202,18
2752,202,19
2753,202,20
2754,202,21
2755,202,22
2756,202,23
2757,203,0
2758,203,1
2759,203,2
2760,203,3
2761,203,4
2762,203,5
2763,203,18
2764,203,19
2765,203,20
2766,203,21
2767,203,22
2768,203,23
2769,204,0
2770,204,1
2771,204,2
2772,204,3
2773,204,4
2774,204,5
2775,204,18
2776,204,19
2777,204,20
2778,204,21
2779,204,22
2780,204,23
2781,205,0
2782,205,1
2783,205,2
2784,205,3
2785,205,4
2786,205,5
2787,205,18
2788,205,19
2789,205,20
2790,205,21
2791,205,22
2792,205,23
2793,206,0
2794,206,1
2795,206,2
2796,206,3
2797,206,4
2798,206,5
2799,206,18
2800,206,19
2801,206,20
2802,206,21
2803,206,22
2804,206,23
2805,207,0
2806,207,1
2807,207,2
2808,207,3
2809,207,4
2810,207,5
2811,207,18
2812,207,19
2813,207,20
2814,207,21
2815,207,22
2816,207,23
2817,208,0
2818,208,1
2819,208,2
2820,208,3
2821,208,4
2822,208,5
2823,208,18
2824,208,19
2825,208,20
2826,208,21
2827,208,22
2828,208,23
2829,209,0
2830,209,1
2831,209,2
2832,209,3
2833,209,4
2834,209,5
2835,209,18
2836,209,19
2837,209,20
2838,209,21
2839,209,22
2840,209,23
2841,210,0
2842,210,1
2843,210,2
2844,210,3
2845,210,4
2846,210,5
2847,210,18
2848,210,19
2849,210,20
2850,210,21
2851,210,22
2852,210,23
2853,211,0
2854,211,1
2855,211,2
2856,211,3
2857,211,4
2858,211,5
2859,211,18
2860,211,19
2861,211,20
2862,211,21
2863,211,22
2864,211,23
2865,212,0
2866,212,1
2867,212,2
2868,212,3
2869,212,4
2870,212,5
2871,212,18
2872,212,19
2873,212,20
2874,212,21
2875,212,22
2876,212,23
2877,213,0
2878,213,1
2879,213,2
2880,213,3
2881,213,4
2882,213,5
2883,213,18
2884,213,19
2885,213,20
2886,213,21
2887,213,22
2888,213,23
2889,214,0
2890,214,1
2891,214,2
2892,214,3
2893,214,4
2894,214,5
2895,214,18
2896,214,19
2897,214,20
2898,214,21
2899,214,22
2900,214,23
2901,215,0
2902,215,1
2903,215,2
2904,215,3
2905,215,4
2906,215,5
2907,215,18
2908,215,19
2909,215,20
2910,215,21
2911,215,22
2912,215,23
2913,216,0
2914,216,1
2915,216,2
2916,216,3
2917,216,4
2918,216,5
2919,216,18
2920,216,19
2921,216,20
2922,216,21
2923,216,22
2924,216,23
2925,217,0
2926,217,1
2927,217,2
2928,217,3
2929,217,4
2930,217,5
2931,217,18
2932,217,19
2933,217,20
2934,217,21
2935,217,22
2936,217,23
2937,218,0
2938,218,1
2939,218,2
2940,218,3
2941,218,4
2942,218,5
2943,218,18
2944,218,19
2945,218,20
2946,218,21
2947,218,22
2948,218,23
2949,219,0
2950,219,1
2951,219,2
2952,219,3
2953,219,4
2954,219,5
2955,219,18
2956,219,19
2957,219,20
2958,219,21
2959,219,22
2960,219,23
2961,220,0
2962,220,1
2963,220,2
2964,220,3
2965,220,4
2966,220,5
2967,220,18
2968,220,19
2969,220,20
2970,220,21
2971,220,22
2972,220,23
2973,221,0
2974,221,1
2975,221,2
2976,221,3
2977,221,4
2978,221,5
2979,221,18
2980,221,19
2981,221,20
2982,221,21
2983,221,22
2984,221,23
2985,222,0
2986,222,1
2987,222,2
2988,222,3
2989,222,4
2990,222,5
2991,222,18
2992,222,19
2993,222,20
2994,222,21
2995,222,22
2996,222,23
2997,223,0
2998,223,1
2999,223,2
3000,223,3
3001,223,4
3002,223,5
3003,223,18
3004,223,19
3005,223,20
3006,223,21
3007,223,22
3008,223,23
3009,224,0
3010,224,1
3011,224,2
3012,224,3
3013,224,4
3014,224,5
3015,224,18
3016,224,19
3017,224,20
3018,224,21
3019,224,22
3020,224,23
3021,225,0
3022,225,1
3023,225,2
3024,225,3
3025,225,4
3026,225,5
3027,225,18
3028,225,19
3029,225,20
3030,225,21
3031,225,22
3032,225,23
3033,226,0
3034,226,1
3035,226,2
3036,226,3
3037,226,4
3038,226,5
3039,226,18
3040,226,19
3041,226,20
3042,226,21
3043,226,22
3044,226,23
3045,227,0
3046,227,1
3047,227,2
3048,227,3
3049,227,4
3050,227,5
3051,227,18
3052,227,19
3053,227,20
3054,227,21
3055,227,22
3056,227,23
3057,228,0
3058,228,1
3059,228,2
3060,228,3
3061,228,4
3062,228,5
3063,228,18
3064,228,19
3065,228,20
3066,228,21
3067,228,22
3068,228,23
3069,229,0
3070,229,1
3071,229,2
3072,229,3
3073,229,4
3074,229,5
3075,229,18
3076,229,19
3077,229,20
3078,229,21
3079,229,22
3080,229,23
3081,230,0
3082,230,1
3083,230,2
3084,230,3
3085,230,4
3086,230,5
3087,230,18
3088,230,19
3089,230,20
3090,230,21
3091,230,22
3092,230,23
3093,231,0
3094,231,1
3095,231,2
3096,231,3
3097,231,4
3098,231,5
3099,231,18
3100,231,19
3101,231,20
3102,231,21
3103,231,22
3104,231,23
3105,232,0
3106,232,1
3107,232,2
3108,232,3
3109,232,4
3110,232,5
3111,232,18
3112,232,19
3113,232,20
3114,232,21
3115,232,22
3116,232,23
3117,233,0
3118,233,1
3119,233,2
3120,233,3
3121,233,4
3122,233,5
3123,233,18
3124,233,19
3125,233,20
3126,233,21
3127,233,22
3128,233,23
3129,234,0
3130,234,1
3131,234,2
3132,234,3
3133,234,4
3134,234,5
3135,234,18
3136,234,19
3137,234,20
3138,234,21
3139,234,22
3140,234,23
3141,235,0
3142,235,1
3143,235,2
3144,235,3
3145,235,4
3146,235,5
3147,235,18
3148,235,19
3149,235,20
3150,235,21
3151,235,22
3152,235,23
3153,236,0
3154,236,1
3155,236,2
3156,236,3
3157,236,4
3158,236,5
3159,236,18
3160,236,19
3161,236,20
3162,236,21
3163,236,22
3164,236,23
3165,237,0
3166,237,1
3167,237,2
3168,237,3
3169,237,4
3170,237,5
3171,237,18
3172,237,19
3173,237,20
3174,237,21
3175,237,22
3176,237,23
3177,238,0
3178,238,1
3179,238,2
3180,238,3
3181,238,4
3182,238,5
3183,238,18
3184,238,19
3185,238,20
3186,238,21
3187,238,22
3188,238,23
3189,239,0
3190,239,1
3191,239,2
3192,239,3
3193,239,4
3194,239,5
3195,239,18
3196,239,19
3197,239,20
3198,239,21
3199,239,22
3200,239,23
3201,240,0
3202,240,1
3203,240,2
3204,240,3
3205,240,4
3206,240,5
3207,240,18
3208,240,19
3209,240,20
3210,240,21
3211,240,22
3212,240,23
3213,241,0
3214,241,1
3215,241,2
3216,241,3
3217,241,4
3218,241,5
3219,241,18
3220,241,19
3221,241,20
3222,241,21
3223,241,22
3224,241,23
3225,242,0
3226,242,1
3227,242,2
3228,242,3
3229,242,4
3230,242,5
3231,242,18
3232,242,19
3233,242,20
3234,242,21
3235,242,22
3236,242,23
3237,243,0
3238,243,1
3239,243,2
3240,243,3
3241,243,4
3242,243,5
3243,243,18
3244,243,19
3245,243,20
3246,243,21
3247,243,22
3248,243,23
3249,244,0
3250,244,1
3251,244,2
3252,244,3
3253,244,4
3254,244,5
3255,244,18
3256,244,19
3257,244,20
3258,244,21
3259,244,22
3260,244,23
3261,245,0
3262,245,1
3263,245,2
3264,245,3
3265,245,4
3266,245,5
3267,245,17
3268,245,18
3269,245,19
3270,245,20
3271,245,21
3272,245,22
3273,245,23
3274,246,0
3275,246,1
3276,246,2
3277,246,3
3278,246,4
3279,246,5
3280,246,18
3281,246,19
3282,246,20
3283,246,21
3284,246,22
3285,246,23
3286,247,0
3287,247,1
3288,247,2
3289,247,3
3290,247,4
3291,247,5
3292,247,17
3293,247,18
3294,247,19
3295,247,20
3296,247,21
3297,247,22
3298,247,23
3299,248,0
3300,248,1
3301,248,2
3302,248,3
3303,248,4
3304,248,5
3305,248,17
3306,248,18
3307,248,19
3308,248,20
3309,248,21
3310,248,22
3311,248,23
3312,249,0
3313,249,1
3314,249,2
3315,249,3
3316,249,4
3317,249,5
3318,249,17
3319,249,18
3320,249,19
3321,249,20
3322,249,21
3323,249,22
3324,249,23
3325,250,0
3326,250,1
3327,250,2
3328,250,3
3329,250,4
3330,250,5
3331,250,17
3332,250,18
3333,250,19
3334,250,20
3335,250,21
3336,250,22
3337,250,23
3338,251,0
3339,251,1
3340,251,2
3341,251,3
3342,251,4
3343,251,5
3344,251,17
3345,251,18
3346,251,19
3347,251,20
3348,251,21
3349,251,22
3350,251,23
3351,252,0
3352,252,1
3353,252,2
3354,252,3
3355,252,4
3356,252,5
3357,252,17
3358,252,18
3359,252,19
3360,252,20
3361,252,21
3362,252,22
3363,252,23
3364,253,0
3365,253,1
3366,253,2
3367,253,3
3368,253,4
3369,253,5
3370,253,17
3371,253,18
3372,253,19
3373,253,20
3374,253,21
3375,253,22
3376,253,23
3377,254,0
3378,254,1
3379,254,2
3380,254,3
3381,254,4
3382,254,5
3383,254,17
3384,254,18
3385,254,19
3386,254,20
3387,254,21
3388,254,22
3389,254,23
3390,255,0
3391,255,1
3392,255,2
3393,255,3
3394,255,4
3395,255,5
3396,255,17
3397,255,18
3398,255,19
3399,255,20
3400,255,21
3401,255,22
3402,255,23
3403,256,0
3404,256,1
3405,256,2
3406,256,3
3407,256,4
3408,256,5
3409,256,6
3410,256,17
3411,256,18
3412,256,19
3413,256,20
3414,256,21
3415,256,22
3416,256,23
3417,257,0
3418,257,1
3419,257,2
3420,257,3
3421,257,4
3422,257,5
3423,257,6
3424,257,17
3425,257,18
3426,257,19
3427,257,20
3428,257,21
3429,257,22
3430,257,23
3431,258,0
3432,258,1
3433,258,2
3434,258,3
3435,258,4
3436,258,5
3437,258,6
3438,258,17
3439,258,18
3440,258,19
3441,258,20
3442,258,21
3443,258,22
3444,258,23
3445,259,0
3446,259,1
3447,259,2
3448,259,3
3449,259,4
3450,259,5
3451,259,6
3452,259,17
3453,259,18
3454,259,19
3455,259,20
3456,259,21
3457,259,22
3458,259,23
3459,260,0
3460,260,1
3461,260,2
3462,260,3
3463,260,4
3464,260,5
3465,260,6
3466,260,17
3467,260,18
3468,260,19
3469,260,20
3470,260,21
3471,260,22
3472,260,23
3473,261,0
3474,261,1
3475,261,2
3476,261,3
3477,261,4
3478,261,5
3479,261,6
3480,261,17
3481,261,18
3482,261,19
3483,261,20
3484,261,21
3485,261,22
3486,261,23
3487,262,0
3488,262,1
3489,262,2
3490,262,3
3491,262,4
3492,262,5
3493,262,6
3494,262,17
3495,262,18
3496,262,19
3497,262,20
3498,262,21
3499,262,22
3500,262,23
3501,263,0
3502,263,1
3503,263,2
3504,263,3
3505,263,4
3506,263,5
3507,263,6
3508,263,17
3509,263,18
3510,263,19
3511,263,20
3512,263,21
3513,263,22
3514,263,23
3515,264,0
3516,264,1
3517,264,2
3518,264,3
3519,264,4
3520,264,5
3521,264,6
3522,264,17
3523,264,18
3524,264,19
3525,264,20
3526,264,21
3527,264,22
3528,264,23
3529,265,0
3530,265,1
3531,265,2
3532,265,3
3533,265,4
3534,265,5
3535,265,6
3536,265,17
3537,265,18
3538,265,19
3539,265,20
3540,265,21
3541,265,22
3542,265,23
3543,266,0
3544,266,1
3545,266,2
3546,266,3
3547,266,4
3548,266,5
3549,266,6
3550,266,17
3551,266,18
3552,266,19
3553,266,20
3554,266,21
3555,266,22
3556,266,23
3557,267,0
3558,267,1
3559,267,2
3560,267,3
3561,267,4
3562,267,5
3563,267,6
3564,267,17
3565,267,18
3566,267,19
3567,267,20
3568,267,21
3569,267,22
3570,267,23
3571,268,0
3572,268,1
3573,268,2
3574,268,3
3575,268,4
3576,268,5
3577,268,6
3578,268,17
3579,268,18
3580,268,19
3581,268,20
3582,268,21
3583,268,22
3584,268,23
3585,269,0
3586,269,1
3587,269,2
3588,269,3
3589,269,4
3590,269,5
3591,269,6
3592,269,17
3593,269,18
3594,269,19
3595,269,20
3596,269,21
3597,269,22
3598,269,23
3599,270,0
3600,270,1
3601,270,2
3602,270,3
3603,270,4
3604,270,5
3605,270,6
3606,270,17
3607,270,18
3608,270,19
3609,270,20
3610,270,21
3611,270,22
3612,270,23
3613,271,0
3614,271,1
3615,271,2
3616,271,3
3617,271,4
3618,271,5
3619,271,6
3620,271,17
3621,271,18
3622,271,19
3623,271,20
3624,271,21
3625,271,22
3626,271,23
3627,272,0
3628,272,1
3629,272,2
3630,272,3
3631,272,4
3632,272,5
3633,272,6
3634,272,17
3635,272,18
3636,272,19
3637,272,20
3638,272,21
3639,272,22
3640,272,23
3641,273,0
3642,273,1
3643,273,2
3644,273,3
3645,273,4
3646,273,5
3647,273,6
3648,273,17
3649,273,18
3650,273,19
3651,273,20
3652,273,21
3653,273,22
3654,273,23
3655,274,0
3656,274,1
3657,274,2
3658,274,3
3659,274,4
3660,274,5
3661,274,6
3662,274,17
3663,274,18
3664,274,19
3665,274,20
3666,274,21
3667,274,22
3668,274,23
3669,275,0
3670,275,1
3671,275,2
3672,275,3
3673,275,4
3674,275,5
3675,275,6
3676,275,17
3677,275,18
3678,275,19
3679,275,20
3680,275,21
3681,275,22
3682,275,23
3683,276,0
3684,276,1
3685,276,2
3686,276,3
3687,276,4
3688,276,5
3689,276,6
3690,276,17
3691,276,18
3692,276,19
3693,276,20
3694,276,21
3695,276,22
3696,276,23
3697,277,0
3698,277,1
3699,277,2
3700,277,3
3701,277,4
3702,277,5
3703,277,6
3704,277,17
3705,277,18
3706,277,19
3707,277,20
3708,277,21
3709,277,22
3710,277,23
3711,278,0
3712,278,1
3713,278,2
3714,278,3
3715,278,4
3716,278,5
3717,278,6
3718,278,17
3719,278,18
3720,278,19
3721,278,20
3722,278,21
3723,278,22
3724,278,23
3725,279,0
3726,279,1
3727,279,2
3728,279,3
3729,279,4
3730,279,5
3731,279,6
3732,279,17
3733,279,18
3734,279,19
3735,279,20
3736,279,21
3737,279,22
3738,279,23
3739,280,0
3740,280,1
3741,280,2
3742,280,3
3743,280,4
3744,280,5
3745,280,6
3746,280,17
3747,280,18
3748,280,19
3749,280,20
3750,280,21
3751,280,22
3752,280,23
3753,281,0
3754,281,1
3755,281,2
3756,281,3
3757,281,4
3758,281,5
3759,281,6
3760,281,17
3761,281,18
3762,281,19
3763,281,20
3764,281,21
3765,281,22
3766,281,23
3767,282,0
3768,282,1
3769,282,2
3770,282,3
3771,282,4
3772,282,5
3773,282,6
3774,282,17
3775,282,18
3776,282,19
3777,282,20
3778,282,21
3779,282,22
3780,282,23
3781,283,0
3782,283,1
3783,283,2
3784,283,3
3785,283,4
3786,283,5
3787,283,6
3788,283,17
3789,283,18
3790,283,19
3791,283,20
3792,283,21
3793,283,22
3794,283,23
3795,284,0
3796,284,1
3797,284,2
3798,284,3
3799,284,4
3800,284,5
3801,284,6
3802,284,17
3803,284,18
3804,284,19
3805,284,20
3806,284,21
3807,284,22
3808,284,23
3809,285,0
3810,285,1
3811,285,2
3812,285,3
3813,285,4
3814,285,5
3815,285,6
3816,285,17
3817,285,18
3818,285,19
3819,285,20
3820,285,21
3821,285,22
3822,285,23
3823,286,0
3824,286,1
3825,286,2
3826,286,3
3827,286,4
3828,286,5
3829,286,6
3830,286,17
3831,286,18
3832,286,19
3833,286,20
3834,286,21
3835,286,22
3836,286,23
3837,287,0
3838,287,1
3839,287,2
3840,287,3
3841,287,4
3842,287,5
3843,287,6
3844,287,16
3845,287,17
3846,287,18
3847,287,19
3848,287,20
3849,287,21
3850,287,22
3851,287,23
3852,288,0
3853,288,1
3854,288,2
3855,288,3
3856,288,4
3857,288,5
3858,288,6
3859,288,16
3860,288,17
3861,288,18
3862,288,19
3863,288,20
3864,288,21
3865,288,22
3866,288,23
3867,289,0
3868,289,1
3869,289,2
3870,289,3
3871,289,4
3872,289,5
3873,289,6
3874,289,16
3875,289,17
3876,289,18
3877,289,19
3878,289,20
3879,289,21
3880,289,22
3881,289,23
3882,290,0
3883,290,1
3884,290,2
3885,290,3
3886,290,4
3887,290,5
3888,290,6
3889,290,16
3890,290,17
3891,290,18
3892,290,19
3893,290,20
3894,290,21
3895,290,22
3896,290,23
3897,291,0
3898,291,1
3899,291,2
3900,291,3
3901,291,4
3902,291,5
3903,291,6
3904,291,16
3905,291,17
3906,291,18
3907,291,19
3908,291,20
3909,291,21
3910,291,22
3911,291,23
3912,292,0
3913,292,1
3914,292,2
3915,292,3
3916,292,4
3917,292,5
3918,292,6
3919,292,7
3920,292,16
3921,292,17
3922,292,18
3923,292,19
3924,292,20
3925,292,21
3926,292,22
3927,292,23
3928,293,0
3929,293,1
3930,293,2
3931,293,3
3932,293,4
3933,293,5
3934,293,6
3935,293,7
3936,293,16
3937,293,17
3938,293,18
3939,293,19
3940,293,20
3941,293,21
3942,293,22
3943,293,23
3944,294,0
3945,294,1
3946,294,2
3947,294,3
3948,294,4
3949,294,5
3950,294,6
3951,294,7
3952,294,16
3953,294,17
3954,294,18
3955,294,19
3956,294,20
3957,294,21
3958,294,22
3959,294,23
3960,295,0
3961,295,1
3962,295,2
3963,295,3
3964,295,4
3965,295,5
3966,295,6
3967,295,7
3968,295,16
3969,295,17
3970,295,18
3971,295,19
3972,295,20
3973,295,21
3974,295,22
3975,295,23
3976,296,0
3977,296,1
3978,296,2
3979,296,3
3980,296,4
3981,296,5
3982,296,6
3983,296,7
3984,296,16
3985,296,17
3986,296,18
3987,296,19
3988,296,20
3989,296,21
3990,296,22
3991,296,23
3992,297,0
3993,297,1
3994,297,2
3995,297,3
3996,297,4
3997,297,5
3998,297,6
3999,297,7
4000,297,16
4001,297,17
4002,297,18
4003,297,19
4004,297,20
4005,297,21
4006,297,22
4007,297,23
4008,298,0
4009,298,1
4010,298,2
4011,298,3
4012,298,4
4013,298,5
4014,298,6
4015,298,7
4016,298,16
4017,298,17
4018,298,18
4019,298,19
4020,298,20
4021,298,21
4022,298,22
4023,298,23
4024,299,0
4025,299,1
4026,299,2
4027,299,3
4028,299,4
4029,299,5
4030,299,6
4031,299,7
4032,299,16
4033,299,17
4034,299,18
4035,299,19
4036,299,20
4037,299,21
4038,299,22
4039,299,23
4040,300,0
4041,300,1
4042,300,2
4043,300,3
4044,300,4
4045,300,5
4046,300,6
4047,300,7
4048,300,16
4049,300,17
4050,300,18
4051,300,19
4052,300,20
4053,300,21
4054,300,22
4055,300,23
4056,301,0
4057,301,1
4058,301,2
4059,301,3
4060,301,4
4061,301,5
4062,301,6
4063,301,7
4064,301,16
4065,301,17
4066,301,18
4067,301,19
4068,301,20
4069,301,21
4070,301,22
4071,301,23
4072,302,0
4073,302,1
4074,302,2
4075,302,3
4076,302,4
4077,302,5
4078,302,6
4079,302,7
4080,302,16
4081,302,17
4082,302,18
4083,302,19
4084,302,20
4085,302,21
4086,302,22
4087,302,23
4088,303,0
4089,303,1
4090,303,2
4091,303,3
4092,303,4
4093,303,5
4094,303,6
4095,303,7
4096,303,16
4097,303,17
4098,303,18
4099,303,19
4100,303,20
4101,303,21
4102,303,22
4103,303,23
4104,304,0
4105,304,1
4106,304,2
4107,304,3
4108,304,4
4109,304,5
4110,304,6
4111,304,7
4112,304,16
4113,304,17
4114,304,18
4115,304,19
4116,304,20
4117,304,21
4118,304,22
4119,304,23
4120,305,0
4121,305,1
4122,305,2
4123,305,3
4124,305,4
4125,305,5
4126,305,6
4127,305,7
4128,305,16
4129,305,17
4130,305,18
4131,305,19
4132,305,20
4133,305,21
4134,305,22
4135,305,23
4136,306,0
4137,306,1
4138,306,2
4139,306,3
4140,306,4
4141,306,5
4142,306,6
4143,306,7
4144,306,16
4145,306,17
4146,306,18
4147,306,19
4148,306,20
4149,306,21
4150,306,22
4151,306,23
4152,307,0
4153,307,1
4154,307,2
4155,307,3
4156,307,4
4157,307,5
4158,307,6
4159,307,7
4160,307,16
4161,307,17
4162,307,18
4163,307,19
4164,307,20
4165,307,21
4166,307,22
4167,307,23
4168,308,0
4169,308,1
4170,308,2
4171,308,3
4172,308,4
4173,308,5
4174,308,6
4175,308,7
4176,308,16
4177,308,17
4178,308,18
4179,308,19
4180,308,20
4181,308,21
4182,308,22
4183,308,23
4184,309,0
4185,309,1
4186,309,2
4187,309,3
4188,309,4
4189,309,5
4190,309,6
4191,309,7
4192,309,16
4193,309,17
4194,309,18
4195,309,19
4196,309,20
4197,309,21
4198,309,22
4199,309,23
4200,310,0
4201,310,1
4202,310,2
4203,310,3
4204,310,4
4205,310,5
4206,310,6
4207,310,7
4208,310,16
4209,310,17
4210,310,18
4211,310,19
4212,310,20
4213,310,21
4214,310,22
4215,310,23
4216,311,0
4217,311,1
4218,311,2
4219,311,3
4220,311,4
4221,311,5
4222,311,6
4223,311,7
4224,311,8
4225,311,16
4226,311,17
4227,311,18
4228,311,19
4229,311,20
4230,311,21
4231,311,22
4232,311,23
4233,312,0
4234,312,1
4235,312,2
4236,312,3
4237,312,4
4238,312,5
4239,312,6
4240,312,7
4241,312,16
4242,312,17
4243,312,18
4244,312,19
4245,312,20
4246,312,21
4247,312,22
4248,312,23
4249,313,0
4250,313,1
4251,313,2
4252,313,3
4253,313,4
4254,313,5
4255,313,6
4256,313,7
4257,313,16
4258,313,17
4259,313,18
4260,313,19
4261,313,20
4262,313,21
4263,313,22
4264,313,23
4265,314,0
4266,314,1
4267,314,2
4268,314,3
4269,314,4
4270,314,5
4271,314,6
4272,314,7
4273,314,8
4274,314,16
4275,314,17
4276,314,18
4277,314,19
4278,314,20
4279,314,21
4280,314,22
4281,314,23
4282,315,0
4283,315,1
4284,315,2
4285,315,3
4286,315,4
4287,315,5
4288,315,6
4289,315,7
4290,315,16
4291,315,17
4292,315,18
4293,315,19
4294,315,20
4295,315,21
4296,315,22
4297,315,23
4298,316,0
4299,316,1
4300,316,2
4301,316,3
4302,316,4
4303,316,5
4304,316,6
4305,316,7
4306,316,16
4307,316,17
4308,316,18
4309,316,19
4310,316,20
4311,316,21
4312,316,22
4313,316,23
4314,317,0
4315,317,1
4316,317,2
4317,317,3
4318,317,4
4319,317,5
4320,317,6
4321,317,7
4322,317,16
4323,317,17
4324,317,18
4325,317,19
4326,317,20
4327,317,21
4328,317,22
4329,317,23
4330,318,0
4331,318,1
4332,318,2
4333,318,3
4334,318,4
4335,318,5
4336,318,6
4337,318,7
4338,318,8
4339,318,15
4340,318,16
4341,318,17
4342,318,18
4343,318,19
4344,318,20
4345,318,21
4346,318,22
4347,318,23
4348,319,0
4349,319,1
4350,319,2
4351,319,3
4352,319,4
4353,319,5
4354,319,6
4355,319,7
4356,319,16
4357,319,17
4358,319,18
4359,319,19
4360,319,20
4361,319,21
4362,319,22
4363,319,23
4364,320,0
4365,320,1
4366,320,2
4367,320,3
4368,320,4
4369,320,5
4370,320,6
4371,320,7
4372,320,15
4373,320,16
4374,320,17
4375,320,18
4376,320,19
4377,320,20
4378,320,21
4379,320,22
4380,320,23
4381,321,0
4382,321,1
4383,321,2
4384,321,3
4385,321,4
4386,321,5
4387,321,6
4388,321,7
4389,321,8
4390,321,15
4391,321,16
4392,321,17
4393,321,18
4394,321,19
4395,321,20
4396,321,21
4397,321,22
4398,321,23
4399,322,0
4400,322,1
4401,322,2
4402,322,3
4403,322,4
4404,322,5
4405,322,6
4406,322,7
4407,322,8
4408,322,15
4409,322,16
4410,322,17
4411,322,18
4412,322,19
4413,322,20
4414,322,21
4415,322,22
4416,322,23
4417,323,0
4418,323,1
4419,323,2
4420,323,3
4421,323,4
4422,323,5
4423,323,6
4424,323,7
4425,323,8
4426,323,15
4427,323,16
4428,323,17
4429,323,18
4430,323,19
4431,323,20
4432,323,21
4433,323,22
4434,323,23
4435,324,0
4436,324,1
4437,324,2
4438,324,3
4439,324,4
4440,324,5
4441,324,6
4442,324,7
4443,324,8
4444,324,15
4445,324,16
4446,324,17
4447,324,18
4448,324,19
4449,324,20
4450,324,21
4451,324,22
4452,324,23
4453,325,0
4454,325,1
4455,325,2
4456,325,3
4457,325,4
4458,325,5
4459,325,6
4460,325,7
4461,325,8
4462,325,15
4463,325,16
4464,325,17
4465,325,18
4466,325,19
4467,325,20
4468,325,21
4469,325,22
4470,325,23
4471,326,0
4472,326,1
4473,326,2
4474,326,3
4475,326,4
4476,326,5
4477,326,6
4478,326,7
4479,326,8
4480,326,15
4481,326,16
4482,326,17
4483,326,18
4484,326,19
4485,326,20
4486,326,21
4487,326,22
4488,326,23
4489,327,0
4490,327,1
4491,327,2
4492,327,3
4493,327,4
4494,327,5
4495,327,6
4496,327,7
4497,327,8
4498,327,15
4499,327,16
4500,327,17
4501,327,18
4502,327,19
4503,327,20
4504,327,21
4505,327,22
4506,327,23
4507,328,0
4508,328,1
4509,328,2
4510,328,3
4511,328,4
4512,328,5
4513,328,6
4514,328,7
4515,328,8
4516,328,15
4517,328,16
4518,328,17
4519,328,18
4520,328,19
4521,328,20
4522,328,21
4523,328,22
4524,328,23
4525,329,0
4526,329,1
4527,329,2
4528,329,3
4529,329,4
4530,329,5
4531,329,6
4532,329,7
4533,329,8
4534,329,15
4535,329,16
4536,329,17
4537,329,18
4538,329,19
4539,329,20
4540,329,21
4541,329,22
4542,329,23
4543,330,0
4544,330,1
4545,330,2
4546,330,3
4547,330,4
4548,330,5
4549,330,6
4550,330,7
4551,330,8
4552,330,15
4553,330,16
4554,330,17
4555,330,18
4556,330,19
4557,330,20
4558,330,21
4559,330,22
4560,330,23
4561,331,0
4562,331,1
4563,331,2
4564,331,3
4565,331,4
4566,331,5
4567,331,6
4568,331,7
4569,331,8
4570,331,15
4571,331,16
4572,331,17
4573,331,18
4574,331,19
4575,331,20
4576,331,21
4577,331,22
4578,331,23
4579,332,0
4580,332,1
4581,332,2
4582,332,3
4583,332,4
4584,332,5
4585,332,6
4586,332,7
4587,332,8
4588,332,15
4589,332,16
4590,332,17
4591,332,18
4592,332,19
4593,332,20
4594,332,21
4595,332,22
4596,332,23
4597,333,0
4598,333,1
4599,333,2
4600,333,3
4601,333,4
4602,333,5
4603,333,6
4604,333,7
4605,333,8
4606,333,15
4607,333,16
4608,333,17
4609,333,18
4610,333,19
4611,333,20
4612,333,21
4613,333,22
4614,333,23
4615,334,0
4616,334,1
4617,334,2
4618,334,3
4619,334,4
4620,334,5
4621,334,6
4622,334,7
4623,334,8
4624,334,15
4625,334,16
4626,334,17
4627,334,18
4628,334,19
4629,334,20
4630,334,21
4631,334,22
4632,334,23
4633,335,0
4634,335,1
4635,335,2
4636,335,3
4637,335,4
4638,335,5
4639,335,6
4640,335,7
4641,335,8
4642,335,15
4643,335,16
4644,335,17
4645,335,18
4646,335,19
4647,335,20
4648,335,21
4649,335,22
4650,335,23
4651,336,0
4652,336,1
4653,336,2
4654,336,3
4655,336,4
4656,336,5
4657,336,6
4658,336,7
4659,336,8
4660,336,15
4661,336,16
4662,336,17
4663,336,18
4664,336,19
4665,336,20
4666,336,21
4667,336,22
4668,336,23
4669,337,0
4670,337,1
4671,337,2
4672,337,3
4673,337,4
4674,337,5
4675,337,6
4676,337,7
4677,337,8
4678,337,15
4679,337,16
4680,337,17
4681,337,18
4682,337,19
4683,337,20
4684,337,21
4685,337,22
4686,337,23
4687,338,0
4688,338,1
4689,338,2
4690,338,3
4691,338,4
4692,338,5
4693,338,6
4694,338,7
4695,338,8
4696,338,15
4697,338,16
4698,338,17
4699,338,18
4700,338,19
4701,338,20
4702,338,21
4703,338,22
4704,338,23
4705,339,0
4706,339,1
4707,339,2
4708,339,3
4709,339,4
4710,339,5
4711,339,6
4712,339,7
4713,339,8
4714,339,15
4715,339,16
4716,339,17
4717,339,18
4718,339,19
4719,339,20
4720,339,21
4721,339,22
4722,339,23
4723,340,0
4724,340,1
4725,340,2
4726,340,3
4727,340,4
4728,340,5
4729,340,6
4730,340,7
4731,340,8
4732,340,15
4733,340,16
4734,340,17
4735,340,18
4736,340,19
4737,340,20
4738,340,21
4739,340,22
4740,340,23
4741,341,0
4742,341,1
4743,341,2
4744,341,3
4745,341,4
4746,341,5
4747,341,6
4748,341,7
4749,341,8
4750,341,15
4751,341,16
4752,341,17
4753,341,18
4754,341,19
4755,341,20
4756,341,21
4757,341,22
4758,341,23
4759,342,0
4760,342,1
4761,342,2
4762,342,3
4763,342,4
4764,342,5
4765,342,6
4766,342,7
4767,342,8
4768,342,15
4769,342,16
4770,342,17
4771,342,18
4772,342,19
4773,342,20
4774,342,21
4775,342,22
4776,342,23
4777,343,0
4778,343,1
4779,343,2
4780,343,3
4781,343,4
4782,343,5
4783,343,6
4784,343,7
4785,343,8
4786,343,15
4787,343,16
4788,343,17
4789,343,18
4790,343,19
4791,343,20
4792,343,21
4793,343,22
4794,343,23
4795,344,0
4796,344,1
4797,344,2
4798,344,3
4799,344,4
4800,344,5
4801,344,6
4802,344,7
4803,344,8
4804,344,15
4805,344,16
4806,344,17
4807,344,18
4808,344,19
4809,344,20
4810,344,21
4811,344,22
4812,344,23
4813,345,0
4814,345,1
4815,345,2
4816,345,3
4817,345,4
4818,345,5
4819,345,6
4820,345,7
4821,345,8
4822,345,15
4823,345,16
4824,345,17
4825,345,18
4826,345,19
4827,345,20
4828,345,21
4829,345,22
4830,345,23
4831,346,0
4832,346,1
4833,346,2
4834,346,3
4835,346,4
4836,346,5
4837,346,6
4838,346,7
4839,346,8
4840,346,15
4841,346,16
4842,346,17
4843,346,18
4844,346,19
4845,346,20
4846,346,21
4847,346,22
4848,346,23
4849,347,0
4850,347,1
4851,347,2
4852,347,3
4853,347,4
4854,347,5
4855,347,6
4856,347,7
4857,347,8
4858,347,15
4859,347,16
4860,347,17
4861,347,18
4862,347,19
4863,347,20
4864,347,21
4865,347,22
4866,347,23
4867,348,0
4868,348,1
4869,348,2
4870,348,3
4871,348,4
4872,348,5
4873,348,6
4874,348,7
4875,348,8
4876,348,15
4877,348,16
4878,348,17
4879,348,18
4880,348,19
4881,348,20
4882,348,21
4883,348,22
4884,348,23
4885,349,0
4886,349,1
4887,349,2
4888,349,3
4889,349,4
4890,349,5
4891,349,6
4892,349,7
4893,349,8
4894,349,15
4895,349,16
4896,349,17
4897,349,18
4898,349,19
4899,349,20
4900,349,21
4901,349,22
4902,349,23
4903,350,0
4904,350,1
4905,350,2
4906,350,3
4907,350,4
4908,350,5
4909,350,6
4910,350,7
4911,350,8
4912,350,15
4913,350,16
4914,350,17
4915,350,18
4916,350,19
4917,350,20
4918,350,21
4919,350,22
4920,350,23
4921,351,0
4922,351,1
4923,351,2
4924,351,3
4925,351,4
4926,351,5
4927,351,6
4928,351,7
4929,351,8
4930,351,15
4931,351,16
4932,351,17
4933,351,18
4934,351,19
4935,351,20
4936,351,21
4937,351,22
4938,351,23
4939,352,0
4940,352,1
4941,352,2
4942,352,3
4943,352,4
4944,352,5
4945,352,6
4946,352,7
4947,352,8
4948,352,15
4949,352,16
4950,352,17
4951,352,18
4952,352,19
4953,352,20
4954,352,21
4955,352,22
4956,352,23
4957,353,0
4958,353,1
4959,353,2
4960,353,3
4961,353,4
4962,353,5
4963,353,6
4964,353,7
4965,353,8
4966,353,15
4967,353,16
4968,353,17
4969,353,18
4970,353,19
4971,353,20
4972,353,21
4973,353,22
4974,353,23
4975,354,0
4976,354,1
4977,354,2
4978,354,3
4979,354,4
4980,354,5
4981,354,6
4982,354,7
4983,354,8
4984,354,15
4985,354,16
4986,354,17
4987,354,18
4988,354,19
4989,354,20
4990,354,21
4991,354,22
4992,354,23
4993,355,0
4994,355,1
4995,355,2
4996,355,3
4997,355,4
4998,355,5
4999,355,6
5000,355,7
5001,355,8
5002,355,15
5003,355,16
5004,355,17
5005,355,18
5006,355,19
5007,355,20
5008,355,21
5009,355,22
5010,355,23
5011,356,0
5012,356,1
5013,356,2
5014,356,3
5015,356,4
5016,356,5
5017,356,6
5018,356,7
5019,356,8
5020,356,15
5021,356,16
5022,356,17
5023,356,18
5024,356,19
5025,356,20
5026,356,21
5027,356,22
5028,356,23
5029,357,0
5030,357,1
5031,357,2
5032,357,3
5033,357,4
5034,357,5
5035,357,6
5036,357,7
5037,357,8
5038,357,15
5039,357,16
5040,357,17
5041,357,18
5042,357,19
5043,357,20
5044,357,21
5045,357,22
5046,357,23
5047,358,0
5048,358,1
5049,358,2
5050,358,3
5051,358,4
5052,358,5
5053,358,6
5054,358,7
5055,358,8
5056,358,15
5057,358,16
5058,358,17
5059,358,18
5060,358,19
5061,358,20
5062,358,21
5063,358,22
5064,358,23
5065,359,0
5066,359,1
5067,359,2
5068,359,3
5069,359,4
5070,359,5
5071,359,6
5072,359,7
5073,359,8
5074,359,14
5075,359,15
5076,359,16
5077,359,17
5078,359,18
5079,359,19
5080,359,20
5081,359,21
5082,359,22
5083,359,23
5084,360,0
5085,360,1
5086,360,2
5087,360,3
5088,360,4
5089,360,5
5090,360,6
5091,360,7
5092,360,8
5093,360,15
5094,360,16
5095,360,17
5096,360,18
5097,360,19
5098,360,20
5099,360,21
5100,360,22
5101,360,23
5102,361,0
5103,361,1
5104,361,2
5105,361,3
5106,361,4
5107,361,5
5108,361,6
5109,361,7
5110,361,8
5111,361,15
5112,361,16
5113,361,17
5114,361,18
5115,361,19
5116,361,20
5117,361,21
5118,361,22
5119,361,23
5120,362,0
5121,362,1
5122,362,2
5123,362,3
5124,362,4
5125,362,5
5126,362,6
5127,362,7
5128,362,8
5129,362,15
5130,362,16
5131,362,17
5132,362,18
5133,362,19
5134,362,20
5135,362,21
5136,362,22
5137,362,23
5138,363,0
5139,363,1
5140,363,2
5141,363,3
5142,363,4
5143,363,5
5144,363,6
5145,363,7
5146,363,8
5147,363,15
5148,363,16
5149,363,17
5150,363,18
5151,363,19
5152,363,20
5153,363,21
5154,363,22
5155,363,23
5156,364,0
5157,364,1
5158,364,2
5159,364,3
5160,364,4
5161,364,5
5162,364,6
5163,364,7
5164,364,8
5165,364,15
5166,364,16
5167,364,17
5168,364,18
5169,364,19
5170,364,20
5171,364,21
5172,364,22
5173,364,23
5174,365,0
5175,365,1
5176,365,2
5177,365,3
5178,365,4
5179,365,5
5180,365,6
5181,365,7
5182,365,8
5183,365,15
5184,365,16
5185,365,17
5186,365,18
5187,365,19
5188,365,20
5189,365,21
5190,365,22
5191,365,23
