,day,hour
0,1,0
1,1,1
2,1,2
3,1,3
4,1,4
5,1,5
6,1,6
7,1,7
8,1,8
9,1,12
10,1,13
11,1,14
12,1,15
13,1,16
14,1,17
15,1,18
16,1,19
17,1,20
18,1,21
19,1,22
20,1,23
21,2,0
22,2,1
23,2,2
24,2,3
25,2,4
26,2,5
27,2,6
28,2,7
29,2,8
30,2,12
31,2,13
32,2,14
33,2,15
34,2,16
35,2,17
36,2,18
37,2,19
38,2,20
39,2,21
40,2,22
41,2,23
42,3,0
43,3,1
44,3,2
45,3,3
46,3,4
47,3,5
48,3,6
49,3,7
50,3,8
51,3,12
52,3,13
53,3,14
54,3,15
55,3,16
56,3,17
57,3,18
58,3,19
59,3,20
60,3,21
61,3,22
62,3,23
63,4,0
64,4,1
65,4,2
66,4,3
67,4,4
68,4,5
69,4,6
70,4,7
71,4,8
72,4,12
73,4,13
74,4,14
75,4,15
76,4,16
77,4,17
78,4,18
79,4,19
80,4,20
81,4,21
82,4,22
83,4,23
84,5,0
85,5,1
86,5,2
87,5,3
88,5,4
89,5,5
90,5,6
91,5,7
92,5,8
93,5,12
94,5,13
95,5,14
96,5,15
97,5,16
98,5,17
99,5,18
100,5,19
101,5,20
102,5,21
103,5,22
104,5,23
105,6,0
106,6,1
107,6,2
108,6,3
109,6,4
110,6,5
111,6,6
112,6,7
113,6,8
114,6,12
115,6,13
116,6,14
117,6,15
118,6,16
119,6,17
120,6,18
121,6,19
122,6,20
123,6,21
124,6,22
125,6,23
126,7,0
127,7,1
128,7,2
129,7,3
130,7,4
131,7,5
132,7,6
133,7,7
134,7,8
135,7,12
136,7,13
137,7,14
138,7,15
139,7,16
140,7,17
141,7,18
142,7,19
143,7,20
144,7,21
145,7,22
146,7,23
147,8,0
148,8,1
149,8,2
150,8,3
151,8,4
152,8,5
153,8,6
154,8,7
155,8,8
156,8,11
157,8,12
158,8,13
159,8,14
160,8,15
161,8,16
162,8,17
163,8,18
164,8,19
165,8,20
166,8,21
167,8,22
168,8,23
169,9,0
170,9,1
171,9,2
172,9,3
173,9,4
174,9,5
175,9,6
176,9,7
177,9,8
178,9,12
179,9,13
180,9,14
181,9,15
182,9,16
183,9,17
184,9,18
185,9,19
186,9,20
187,9,21
188,9,22
189,9,23
190,10,0
191,10,1
192,10,2
193,10,3
194,10,4
195,10,5
196,10,6
197,10,7
198,10,8
199,10,12
200,10,13
201,10,14
202,10,15
203,10,16
204,10,17
205,10,18
206,10,19
207,10,20
208,10,21
209,10,22
210,10,23
211,11,0
212,11,1
213,11,2
214,11,3
215,11,4
216,11,5
217,11,6
218,11,7
219,11,8
220,11,12
221,11,13
222,11,14
223,11,15
224,11,16
225,11,17
226,11,18
227,11,19
228,11,20
229,11,21
230,11,22
231,11,23
232,12,0
233,12,1
234,12,2
235,12,3
236,12,4
237,12,5
238,12,6
239,12,7
240,12,8
241,12,12
242,12,13
243,12,14
244,12,15
245,12,16
246,12,17
247,12,18
248,12,19
249,12,20
250,12,21
251,12,22
252,12,23
253,13,0
254,13,1
255,13,2
256,13,3
257,13,4
258,13,5
259,13,6
260,13,7
261,13,8
262,13,12
263,13,13
264,13,14
265,13,15
266,13,16
267,13,17
268,13,18
269,13,19
270,13,20
271,13,21
272,13,22
273,13,23
274,14,0
275,14,1
276,14,2
277,14,3
278,14,4
279,14,5
280,14,6
281,14,7
282,14,8
283,14,12
284,14,13
285,14,14
286,14,15
287,14,16
288,14,17
289,14,18
290,14,19
291,14,20
292,14,21
293,14,22
294,14,23
295,15,0
296,15,1
297,15,2
298,15,3
299,15,4
300,15,5
301,15,6
302,15,7
303,15,12
304,15,13
305,15,14
306,15,15
307,15,16
308,15,17
309,15,18
310,15,19
311,15,20
312,15,21
313,15,22
314,15,23
315,16,0
316,16,1
317,16,2
318,16,3
319,16,4
320,16,5
321,16,6
322,16,7
323,16,12
324,16,13
325,16,14
326,16,15
327,16,16
328,16,17
329,16,18
330,16,19
331,16,20
332,16,21
333,16,22
334,16,23
335,17,0
336,17,1
337,17,2
338,17,3
339,17,4
340,17,5
341,17,6
342,17,7
343,17,12
344,17,13
345,17,14
346,17,15
347,17,16
348,17,17
349,17,18
350,17,19
351,17,20
352,17,21
353,17,22
354,17,23
355,18,0
356,18,1
357,18,2
358,18,3
359,18,4
360,18,5
361,18,6
362,18,7
363,18,13
364,18,14
365,18,15
366,18,16
367,18,17
368,18,18
369,18,19
370,18,20
371,18,21
372,18,22
373,18,23
374,19,0
375,19,1
376,19,2
377,19,3
378,19,4
379,19,5
380,19,6
381,19,7
382,19,13
383,19,14
384,19,15
385,19,16
386,19,17
387,19,18
388,19,19
389,19,20
390,19,21
391,19,22
392,19,23
393,20,0
394,20,1
395,20,2
396,20,3
397,20,4
398,20,5
399,20,6
400,20,7
401,20,13
402,20,14
403,20,15
404,20,16
405,20,17
406,20,18
407,20,19
408,20,20
409,20,21
410,20,22
411,20,23
412,21,0
413,21,1
414,21,2
415,21,3
416,21,4
417,21,5
418,21,6
419,21,7
420,21,12
421,21,13
422,21,14
423,21,15
424,21,16
425,21,17
426,21,18
427,21,19
428,21,20
429,21,21
430,21,22
431,21,23
432,22,0
433,22,1
434,22,2
435,22,3
436,22,4
437,22,5
438,22,6
439,22,7
440,22,13
441,22,14
442,22,15
443,22,16
444,22,17
445,22,18
446,22,19
447,22,20
448,22,21
449,22,22
450,22,23
451,23,0
452,23,1
453,23,2
454,23,3
455,23,4
456,23,5
457,23,6
458,23,7
459,23,13
460,23,14
461,23,15
462,23,16
463,23,17
464,23,18
465,23,19
466,23,20
467,23,21
468,23,22
469,23,23
470,24,0
471,24,1
472,24,2
473,24,3
474,24,4
475,24,5
476,24,6
477,24,7
478,24,13
479,24,14
480,24,15
481,24,16
482,24,17
483,24,18
484,24,19
485,24,20
486,24,21
487,24,22
488,24,23
489,25,0
490,25,1
491,25,2
492,25,3
493,25,4
494,25,5
495,25,6
496,25,7
497,25,13
498,25,14
499,25,15
500,25,16
501,25,17
502,25,18
503,25,19
504,25,20
505,25,21
506,25,22
507,25,23
508,26,0
509,26,1
510,26,2
511,26,3
512,26,4
513,26,5
514,26,6
515,26,7
516,26,13
517,26,14
518,26,15
519,26,16
520,26,17
521,26,18
522,26,19
523,26,20
524,26,21
525,26,22
526,26,23
527,27,0
528,27,1
529,27,2
530,27,3
531,27,4
532,27,5
533,27,6
534,27,7
535,27,13
536,27,14
537,27,15
538,27,16
539,27,17
540,27,18
541,27,19
542,27,20
543,27,21
544,27,22
545,27,23
546,28,0
547,28,1
548,28,2
549,28,3
550,28,4
551,28,5
552,28,6
553,28,7
554,28,13
555,28,14
556,28,15
557,28,16
558,28,17
559,28,18
560,28,19
561,28,20
562,28,21
563,28,22
564,28,23
565,29,0
566,29,1
567,29,2
568,29,3
569,29,4
570,29,5
571,29,6
572,29,7
573,29,13
574,29,14
575,29,15
576,29,16
577,29,17
578,29,18
579,29,19
580,29,20
581,29,21
582,29,22
583,29,23
584,30,0
585,30,1
586,30,2
587,30,3
588,30,4
589,30,5
590,30,6
591,30,13
592,30,14
593,30,15
594,30,16
595,30,17
596,30,18
597,30,19
598,30,20
599,30,21
600,30,22
601,30,23
602,31,0
603,31,1
604,31,2
605,31,3
606,31,4
607,31,5
608,31,6
609,31,13
610,31,14
611,31,15
612,31,16
613,31,17
614,31,18
615,31,19
616,31,20
617,31,21
618,31,22
619,31,23
620,32,0
621,32,1
622,32,2
623,32,3
624,32,4
625,32,5
626,32,6
627,32,13
628,32,14
629,32,15
630,32,16
631,32,17
632,32,18
633,32,19
634,32,20
635,32,21
636,32,22
637,32,23
638,33,0
639,33,1
640,33,2
641,33,3
642,33,4
643,33,5
644,33,6
645,33,13
646,33,14
647,33,15
648,33,16
649,33,17
650,33,18
651,33,19
652,33,20
653,33,21
654,33,22
655,33,23
656,34,0
657,34,1
658,34,2
659,34,3
660,34,4
661,34,5
662,34,6
663,34,13
664,34,14
665,34,15
666,34,16
667,34,17
668,34,18
669,34,19
670,34,20
671,34,21
672,34,22
673,34,23
674,35,0
675,35,1
676,35,2
677,35,3
678,35,4
679,35,5
680,35,6
681,35,7
682,35,13
683,35,14
684,35,15
685,35,16
686,35,17
687,35,18
688,35,19
689,35,20
690,35,21
691,35,22
692,35,23
693,36,0
694,36,1
695,36,2
696,36,3
697,36,4
698,36,5
699,36,6
700,36,13
701,36,14
702,36,15
703,36,16
704,36,17
705,36,18
706,36,19
707,36,20
708,36,21
709,36,22
710,36,23
711,37,0
712,37,1
713,37,2
714,37,3
715,37,4
716,37,5
717,37,6
718,37,13
719,37,14
720,37,15
721,37,16
722,37,17
723,37,18
724,37,19
725,37,20
726,37,21
727,37,22
728,37,23
729,38,0
730,38,1
731,38,2
732,38,3
733,38,4
734,38,5
735,38,6
736,38,13
737,38,14
738,38,15
739,38,16
740,38,17
741,38,18
742,38,19
743,38,20
744,38,21
745,38,22
746,38,23
747,39,0
748,39,1
749,39,2
750,39,3
751,39,4
752,39,5
753,39,6
754,39,13
755,39,14
756,39,15
757,39,16
758,39,17
759,39,18
760,39,19
761,39,20
762,39,21
763,39,22
764,39,23
765,40,0
766,40,1
767,40,2
768,40,3
769,40,4
770,40,5
771,40,6
772,40,14
773,40,15
774,40,16
775,40,17
776,40,18
777,40,19
778,40,20
779,40,21
780,40,22
781,40,23
782,41,0
783,41,1
784,41,2
785,41,3
786,41,4
787,41,5
788,41,6
789,41,14
790,41,15
791,41,16
792,41,17
793,41,18
794,41,19
795,41,20
796,41,21
797,41,22
798,41,23
799,42,0
800,42,1
801,42,2
802,42,3
803,42,4
804,42,5
805,42,6
806,42,14
807,42,15
808,42,16
809,42,17
810,42,18
811,42,19
812,42,20
813,42,21
814,42,22
815,42,23
816,43,0
817,43,1
818,43,2
819,43,3
820,43,4
821,43,5
822,43,6
823,43,14
824,43,15
825,43,16
826,43,17
827,43,18
828,43,19
829,43,20
830,43,21
831,43,22
832,43,23
833,44,0
834,44,1
835,44,2
836,44,3
837,44,4
838,44,5
839,44,6
840,44,14
841,44,15
842,44,16
843,44,17
844,44,18
845,44,19
846,44,20
847,44,21
848,44,22
849,44,23
850,45,0
851,45,1
852,45,2
853,45,3
854,45,4
855,45,5
856,45,6
857,45,14
858,45,15
859,45,16
860,45,17
861,45,18
862,45,19
863,45,20
864,45,21
865,45,22
866,45,23
867,46,0
868,46,1
869,46,2
870,46,3
871,46,4
872,46,5
873,46,6
874,46,14
875,46,15
876,46,16
877,46,17
878,46,18
879,46,19
880,46,20
881,46,21
882,46,22
883,46,23
884,47,0
885,47,1
886,47,2
887,47,3
888,47,4
889,47,5
890,47,6
891,47,14
892,47,15
893,47,16
894,47,17
895,47,18
896,47,19
897,47,20
898,47,21
899,47,22
900,47,23
901,48,0
902,48,1
903,48,2
904,48,3
905,48,4
906,48,5
907,48,6
908,48,14
909,48,15
910,48,16
911,48,17
912,48,18
913,48,19
914,48,20
915,48,21
916,48,22
917,48,23
918,49,0
919,49,1
920,49,2
921,49,3
922,49,4
923,49,5
924,49,6
925,49,14
926,49,15
927,49,16
928,49,17
929,49,18
930,49,19
931,49,20
932,49,21
933,49,22
934,49,23
935,50,0
936,50,1
937,50,2
938,50,3
939,50,4
940,50,5
941,50,14
942,50,15
943,50,16
944,50,17
945,50,18
946,50,19
947,50,20
948,50,21
949,50,22
950,50,23
951,51,0
952,51,1
953,51,2
954,51,3
955,51,4
956,51,5
957,51,6
958,51,14
959,51,15
960,51,16
961,51,17
962,51,18
963,51,19
964,51,20
965,51,21
966,51,22
967,51,23
968,52,0
969,52,1
970,52,2
971,52,3
972,52,4
973,52,5
974,52,6
975,52,14
976,52,15
977,52,16
978,52,17
979,52,18
980,52,19
981,52,20
982,52,21
983,52,22
984,52,23
985,53,0
986,53,1
987,53,2
988,53,3
989,53,4
990,53,5
991,53,6
992,53,14
993,53,15
994,53,16
995,53,17
996,53,18
997,53,19
998,53,20
999,53,21
1000,53,22
1001,53,23
1002,54,0
1003,54,1
1004,54,2
1005,54,3
1006,54,4
1007,54,5
1008,54,6
1009,54,14
1010,54,15
1011,54,16
1012,54,17
1013,54,18
1014,54,19
1015,54,20
1016,54,21
1017,54,22
1018,54,23
1019,55,0
1020,55,1
1021,55,2
1022,55,3
1023,55,4
1024,55,5
1025,55,14
1026,55,15
1027,55,16
1028,55,17
1029,55,18
1030,55,19
1031,55,20
1032,55,21
1033,55,22
1034,55,23
1035,56,0
1036,56,1
1037,56,2
1038,56,3
1039,56,4
1040,56,5
1041,56,14
1042,56,15
1043,56,16
1044,56,17
1045,56,18
1046,56,19
1047,56,20
1048,56,21
1049,56,22
1050,56,23
1051,57,0
1052,57,1
1053,57,2
1054,57,3
1055,57,4
1056,57,5
1057,57,14
1058,57,15
1059,57,16
1060,57,17
1061,57,18
1062,57,19
1063,57,20
1064,57,21
1065,57,22
1066,57,23
1067,58,0
1068,58,1
1069,58,2
1070,58,3
1071,58,4
1072,58,5
1073,58,14
1074,58,15
1075,58,16
1076,58,17
1077,58,18
1078,58,19
1079,58,20
1080,58,21
1081,58,22
1082,58,23
1083,59,0
1084,59,1
1085,59,2
1086,59,3
1087,59,4
1088,59,5
1089,59,14
1090,59,15
1091,59,16
1092,59,17
1093,59,18
1094,59,19
1095,59,20
1096,59,21
1097,59,22
1098,59,23
1099,60,0
1100,60,1
1101,60,2
1102,60,3
1103,60,4
1104,60,5
1105,60,14
1106,60,15
1107,60,16
1108,60,17
1109,60,18
1110,60,19
1111,60,20
1112,60,21
1113,60,22
1114,60,23
1115,61,0
1116,61,1
1117,61,2
1118,61,3
1119,61,4
1120,61,5
1121,61,14
1122,61,15
1123,61,16
1124,61,17
1125,61,18
1126,61,19
1127,61,20
1128,61,21
1129,61,22
1130,61,23
1131,62,0
1132,62,1
1133,62,2
1134,62,3
1135,62,4
1136,62,5
1137,62,14
1138,62,15
1139,62,16
1140,62,17
1141,62,18
1142,62,19
1143,62,20
1144,62,21
1145,62,22
1146,62,23
1147,63,0
1148,63,1
1149,63,2
1150,63,3
1151,63,4
1152,63,5
1153,63,14
1154,63,15
1155,63,16
1156,63,17
1157,63,18
1158,63,19
1159,63,20
1160,63,21
1161,63,22
1162,63,23
1163,64,0
1164,64,1
1165,64,2
1166,64,3
1167,64,4
1168,64,5
1169,64,15
1170,64,16
1171,64,17
1172,64,18
1173,64,19
1174,64,20
1175,64,21
1176,64,22
1177,64,23
1178,65,0
1179,65,1
1180,65,2
1181,65,3
1182,65,4
1183,65,5
1184,65,15
1185,65,16
1186,65,17
1187,65,18
1188,65,19
1189,65,20
1190,65,21
1191,65,22
1192,65,23
1193,66,0
1194,66,1
1195,66,2
1196,66,3
1197,66,4
1198,66,5
1199,66,15
1200,66,16
1201,66,17
1202,66,18
1203,66,19
1204,66,20
1205,66,21
1206,66,22
1207,66,23
1208,67,0
1209,67,1
1210,67,2
1211,67,3
1212,67,4
1213,67,5
1214,67,15
1215,67,16
1216,67,17
1217,67,18
1218,67,19
1219,67,20
1220,67,21
1221,67,22
1222,67,23
1223,68,0
1224,68,1
1225,68,2
1226,68,3
1227,68,4
1228,68,5
1229,68,15
1230,68,16
1231,68,17
1232,68,18
1233,68,19
1234,68,20
1235,68,21
1236,68,22
1237,68,23
1238,69,0
1239,69,1
1240,69,2
1241,69,3
1242,69,4
1243,69,5
1244,69,15
1245,69,16
1246,69,17
1247,69,18
1248,69,19
1249,69,20
1250,69,21
1251,69,22
1252,69,23
1253,70,0
1254,70,1
1255,70,2
1256,70,3
1257,70,4
1258,70,5
1259,70,15
1260,70,16
1261,70,17
1262,70,18
1263,70,19
1264,70,20
1265,70,21
1266,70,22
1267,70,23
1268,71,0
1269,71,1
1270,71,2
1271,71,3
1272,71,4
1273,71,5
1274,71,15
1275,71,16
1276,71,17
1277,71,18
1278,71,19
1279,71,20
1280,71,21
1281,71,22
1282,71,23
1283,72,0
1284,72,1
1285,72,2
1286,72,3
1287,72,4
1288,72,5
1289,72,15
1290,72,16
1291,72,17
1292,72,18
1293,72,19
1294,72,20
1295,72,21
1296,72,22
1297,72,23
1298,73,0
1299,73,1
1300,73,2
1301,73,3
1302,73,4
1303,73,15
1304,73,16
1305,73,17
1306,73,18
1307,73,19
1308,73,20
1309,73,21
1310,73,22
1311,73,23
1312,74,0
1313,74,1
1314,74,2
1315,74,3
1316,74,4
1317,74,15
1318,74,16
1319,74,17
1320,74,18
1321,74,19
1322,74,20
1323,74,21
1324,74,22
1325,74,23
1326,75,0
1327,75,1
1328,75,2
1329,75,3
1330,75,4
1331,75,5
1332,75,15
1333,75,16
1334,75,17
1335,75,18
1336,75,19
1337,75,20
1338,75,21
1339,75,22
1340,75,23
1341,76,0
1342,76,1
1343,76,2
1344,76,3
1345,76,4
1346,76,5
1347,76,15
1348,76,16
1349,76,17
1350,76,18
1351,76,19
1352,76,20
1353,76,21
1354,76,22
1355,76,23
1356,77,0
1357,77,1
1358,77,2
1359,77,3
1360,77,4
1361,77,15
1362,77,16
1363,77,17
1364,77,18
1365,77,19
1366,77,20
1367,77,21
1368,77,22
1369,77,23
1370,78,0
1371,78,1
1372,78,2
1373,78,3
1374,78,4
1375,78,15
1376,78,16
1377,78,17
1378,78,18
1379,78,19
1380,78,20
1381,78,21
1382,78,22
1383,78,23
1384,79,0
1385,79,1
1386,79,2
1387,79,3
1388,79,4
1389,79,15
1390,79,16
1391,79,17
1392,79,18
1393,79,19
1394,79,20
1395,79,21
1396,79,22
1397,79,23
1398,80,0
1399,80,1
1400,80,2
1401,80,3
1402,80,4
1403,80,15
1404,80,16
1405,80,17
1406,80,18
1407,80,19
1408,80,20
1409,80,21
1410,80,22
1411,80,23
1412,81,0
1413,81,1
1414,81,2
1415,81,3
1416,81,4
1417,81,15
1418,81,16
1419,81,17
1420,81,18
1421,81,19
1422,81,20
1423,81,21
1424,81,22
1425,81,23
1426,82,0
1427,82,1
1428,82,2
1429,82,3
1430,82,4
1431,82,15
1432,82,16
1433,82,17
1434,82,18
1435,82,19
1436,82,20
1437,82,21
1438,82,22
1439,82,23
1440,83,0
1441,83,1
1442,83,2
1443,83,3
1444,83,4
1445,83,16
1446,83,17
1447,83,18
1448,83,19
1449,83,20
1450,83,21
1451,83,22
1452,83,23
1453,84,0
1454,84,1
1455,84,2
1456,84,3
1457,84,4
1458,84,16
1459,84,17
1460,84,18
1461,84,19
1462,84,20
1463,84,21
1464,84,22
1465,84,23
1466,85,0
1467,85,1
1468,85,2
1469,85,3
1470,85,4
1471,85,16
1472,85,17
1473,85,18
1474,85,19
1475,85,20
1476,85,21
1477,85,22
1478,85,23
1479,86,0
1480,86,1
1481,86,2
1482,86,3
1483,86,4
1484,86,16
1485,86,17
1486,86,18
1487,86,19
1488,86,20
1489,86,21
1490,86,22
1491,86,23
1492,87,0
1493,87,1
1494,87,2
1495,87,3
1496,87,4
1497,87,16
1498,87,17
1499,87,18
1500,87,19
1501,87,20
1502,87,21
1503,87,22
1504,87,23
1505,88,0
1506,88,1
1507,88,2
1508,88,3
1509,88,4
1510,88,16
1511,88,17
1512,88,18
1513,88,19
1514,88,20
1515,88,21
1516,88,22
1517,88,23
1518,89,0
1519,89,1
1520,89,2
1521,89,3
1522,89,4
1523,89,16
1524,89,17
1525,89,18
1526,89,19
1527,89,20
1528,89,21
1529,89,22
1530,89,23
1531,90,0
1532,90,1
1533,90,2
1534,90,3
1535,90,4
1536,90,16
1537,90,17
1538,90,18
1539,90,19
1540,90,20
1541,90,21
1542,90,22
1543,90,23
1544,91,0
1545,91,1
1546,91,2
1547,91,3
1548,91,4
1549,91,16
1550,91,17
1551,91,18
1552,91,19
1553,91,20
1554,91,21
1555,91,22
1556,91,23
1557,92,0
1558,92,1
1559,92,2
1560,92,3
1561,92,4
1562,92,16
1563,92,17
1564,92,18
1565,92,19
1566,92,20
1567,92,21
1568,92,22
1569,92,23
1570,93,0
1571,93,1
1572,93,2
1573,93,3
1574,93,4
1575,93,16
1576,93,17
1577,93,18
1578,93,19
1579,93,20
1580,93,21
1581,93,22
1582,93,23
1583,94,0
1584,94,1
1585,94,2
1586,94,3
1587,94,4
1588,94,16
1589,94,17
1590,94,18
1591,94,19
1592,94,20
1593,94,21
1594,94,22
1595,94,23
1596,95,0
1597,95,1
1598,95,2
1599,95,3
1600,95,4
1601,95,16
1602,95,17
1603,95,18
1604,95,19
1605,95,20
1606,95,21
1607,95,22
1608,95,23
1609,96,0
1610,96,1
1611,96,2
1612,96,3
1613,96,4
1614,96,16
1615,96,17
1616,96,18
1617,96,19
1618,96,20
1619,96,21
1620,96,22
1621,96,23
1622,97,0
1623,97,1
1624,97,2
1625,97,3
1626,97,4
1627,97,16
1628,97,17
1629,97,18
1630,97,19
1631,97,20
1632,97,21
1633,97,22
1634,97,23
1635,98,0
1636,98,1
1637,98,2
1638,98,3
1639,98,4
1640,98,16
1641,98,17
1642,98,18
1643,98,19
1644,98,20
1645,98,21
1646,98,22
1647,98,23
1648,99,0
1649,99,1
1650,99,2
1651,99,3
1652,99,4
1653,99,16
1654,99,17
1655,99,18
1656,99,19
1657,99,20
1658,99,21
1659,99,22
1660,99,23
1661,100,0
1662,100,1
1663,100,2
1664,100,3
1665,100,4
1666,100,16
1667,100,17
1668,100,18
1669,100,19
1670,100,20
1671,100,21
1672,100,22
1673,100,23
1674,101,0
1675,101,1
1676,101,2
1677,101,3
1678,101,4
1679,101,16
1680,101,17
1681,101,18
1682,101,19
1683,101,20
1684,101,21
1685,101,22
1686,101,23
1687,102,0
1688,102,1
1689,102,2
1690,102,3
1691,102,4
1692,102,16
1693,102,17
1694,102,18
1695,102,19
1696,102,20
1697,102,21
1698,102,22
1699,102,23
1700,103,0
1701,103,1
1702,103,2
1703,103,3
1704,103,4
1705,103,16
1706,103,17
1707,103,18
1708,103,19
1709,103,20
1710,103,21
1711,103,22
1712,103,23
1713,104,0
1714,104,1
1715,104,2
1716,104,3
1717,104,16
1718,104,17
1719,104,18
1720,104,19
1721,104,20
1722,104,21
1723,104,22
1724,104,23
1725,105,0
1726,105,1
1727,105,2
1728,105,3
1729,105,16
1730,105,17
1731,105,18
1732,105,19
1733,105,20
1734,105,21
1735,105,22
1736,105,23
1737,106,0
1738,106,1
1739,106,2
1740,106,3
1741,106,16
1742,106,17
1743,106,18
1744,106,19
1745,106,20
1746,106,21
1747,106,22
1748,106,23
1749,107,0
1750,107,1
1751,107,2
1752,107,3
1753,107,16
1754,107,17
1755,107,18
1756,107,19
1757,107,20
1758,107,21
1759,107,22
1760,107,23
1761,108,0
1762,108,1
1763,108,2
1764,108,3
1765,108,4
1766,108,16
1767,108,17
1768,108,18
1769,108,19
1770,108,20
1771,108,21
1772,108,22
1773,108,23
1774,109,0
1775,109,1
1776,109,2
1777,109,3
1778,109,16
1779,109,17
1780,109,18
1781,109,19
1782,109,20
1783,109,21
1784,109,22
1785,109,23
1786,110,0
1787,110,1
1788,110,2
1789,110,3
1790,110,16
1791,110,17
1792,110,18
1793,110,19
1794,110,20
1795,110,21
1796,110,22
1797,110,23
1798,111,0
1799,111,1
1800,111,2
1801,111,3
1802,111,16
1803,111,17
1804,111,18
1805,111,19
1806,111,20
1807,111,21
1808,111,22
1809,111,23
1810,112,0
1811,112,1
1812,112,2
1813,112,3
1814,112,16
1815,112,17
1816,112,18
1817,112,19
1818,112,20
1819,112,21
1820,112,22
1821,112,23
1822,113,0
1823,113,1
1824,113,2
1825,113,3
1826,113,16
1827,113,17
1828,113,18
1829,113,19
1830,113,20
1831,113,21
1832,113,22
1833,113,23
1834,114,0
1835,114,1
1836,114,2
1837,114,3
1838,114,17
1839,114,18
1840,114,19
1841,114,20
1842,114,21
1843,114,22
1844,114,23
1845,115,0
1846,115,1
1847,115,2
1848,115,3
1849,115,17
1850,115,18
1851,115,19
1852,115,20
1853,115,21
1854,115,22
1855,115,23
1856,116,0
1857,116,1
1858,116,2
1859,116,3
1860,116,17
1861,116,18
1862,116,19
1863,116,20
1864,116,21
1865,116,22
1866,116,23
1867,117,0
1868,117,1
1869,117,2
1870,117,3
1871,117,17
1872,117,18
1873,117,19
1874,117,20
1875,117,21
1876,117,22
1877,117,23
1878,118,0
1879,118,1
1880,118,2
1881,118,3
1882,118,17
1883,118,18
1884,118,19
1885,118,20
1886,118,21
1887,118,22
1888,118,23
1889,119,0
1890,119,1
1891,119,2
1892,119,3
1893,119,17
1894,119,18
1895,119,19
1896,119,20
1897,119,21
1898,119,22
1899,119,23
1900,120,0
1901,120,1
1902,120,2
1903,120,3
1904,120,17
1905,120,18
1906,120,19
1907,120,20
1908,120,21
1909,120,22
1910,120,23
1911,121,0
1912,121,1
1913,121,2
1914,121,3
1915,121,17
1916,121,18
1917,121,19
1918,121,20
1919,121,21
1920,121,22
1921,121,23
1922,122,0
1923,122,1
1924,122,2
1925,122,3
1926,122,17
1927,122,18
1928,122,19
1929,122,20
1930,122,21
1931,122,22
1932,122,23
1933,123,0
1934,123,1
1935,123,2
1936,123,3
1937,123,17
1938,123,18
1939,123,19
1940,123,20
1941,123,21
1942,123,22
1943,123,23
1944,124,0
1945,124,1
1946,124,2
1947,124,3
1948,124,17
1949,124,18
1950,124,19
1951,124,20
1952,124,21
1953,124,22
1954,124,23
1955,125,0
1956,125,1
1957,125,2
1958,125,3
1959,125,17
1960,125,18
1961,125,19
1962,125,20
1963,125,21
1964,125,22
1965,125,23
1966,126,0
1967,126,1
1968,126,2
1969,126,3
1970,126,17
1971,126,18
1972,126,19
1973,126,20
1974,126,21
1975,126,22
1976,126,23
1977,127,0
1978,127,1
1979,127,2
1980,127,3
1981,127,17
1982,127,18
1983,127,19
1984,127,20
1985,127,21
1986,127,22
1987,127,23
1988,128,0
1989,128,1
1990,128,2
1991,128,3
1992,128,17
1993,128,18
1994,128,19
1995,128,20
1996,128,21
1997,128,22
1998,128,23
1999,129,0
2000,129,1
2001,129,2
2002,129,3
2003,129,17
2004,129,18
2005,129,19
2006,129,20
2007,129,21
2008,129,22
2009,129,23
2010,130,0
2011,130,1
2012,130,2
2013,130,3
2014,130,17
2015,130,18
2016,130,19
2017,130,20
2018,130,21
2019,130,22
2020,130,23
2021,131,0
2022,131,1
2023,131,2
2024,131,3
2025,131,17
2026,131,18
2027,131,19
2028,131,20
2029,131,21
2030,131,22
2031,131,23
2032,132,0
2033,132,1
2034,132,2
2035,132,3
2036,132,17
2037,132,18
2038,132,19
2039,132,20
2040,132,21
2041,132,22
2042,132,23
2043,133,0
2044,133,1
2045,133,2
2046,133,3
2047,133,17
2048,133,18
2049,133,19
2050,133,20
2051,133,21
2052,133,22
2053,133,23
2054,134,0
2055,134,1
2056,134,2
2057,134,3
2058,134,17
2059,134,18
2060,134,19
2061,134,20
2062,134,21
2063,134,22
2064,134,23
2065,135,0
2066,135,1
2067,135,2
2068,135,3
2069,135,17
2070,135,18
2071,135,19
2072,135,20
2073,135,21
2074,135,22
2075,135,23
2076,136,0
2077,136,1
2078,136,2
2079,136,17
2080,136,18
2081,136,19
2082,136,20
2083,136,21
2084,136,22
2085,136,23
2086,137,0
2087,137,1
2088,137,2
2089,137,17
2090,137,18
2091,137,19
2092,137,20
2093,137,21
2094,137,22
2095,137,23
2096,138,0
2097,138,1
2098,138,2
2099,138,17
2100,138,18
2101,138,19
2102,138,20
2103,138,21
2104,138,22
2105,138,23
2106,139,0
2107,139,1
2108,139,2
2109,139,17
2110,139,18
2111,139,19
2112,139,20
2113,139,21
2114,139,22
2115,139,23
2116,140,0
2117,140,1
2118,140,2
2119,140,17
2120,140,18
2121,140,19
2122,140,20
2123,140,21
2124,140,22
2125,140,23
2126,141,0
2127,141,1
2128,141,2
2129,141,17
2130,141,18
2131,141,19
2132,141,20
2133,141,21
2134,141,22
2135,141,23
2136,142,0
2137,142,1
2138,142,2
2139,142,17
2140,142,18
2141,142,19
2142,142,20
2143,142,21
2144,142,22
2145,142,23
2146,143,0
2147,143,1
2148,143,2
2149,143,17
2150,143,18
2151,143,19
2152,143,20
2153,143,21
2154,143,22
2155,143,23
2156,144,0
2157,144,1
2158,144,2
2159,144,17
2160,144,18
2161,144,19
2162,144,20
2163,144,21
2164,144,22
2165,144,23
2166,145,0
2167,145,1
2168,145,2
2169,145,17
2170,145,18
2171,145,19
2172,145,20
2173,145,21
2174,145,22
2175,145,23
2176,146,0
2177,146,1
2178,146,2
2179,146,17
2180,146,18
2181,146,19
2182,146,20
2183,146,21
2184,146,22
2185,146,23
2186,147,0
2187,147,1
2188,147,2
2189,147,17
2190,147,18
2191,147,19
2192,147,20
2193,147,21
2194,147,22
2195,147,23
2196,148,0
2197,148,1
2198,148,2
2199,148,17
2200,148,18
2201,148,19
2202,148,20
2203,148,21
2204,148,22
2205,148,23
2206,149,0
2207,149,1
2208,149,2
2209,149,17
2210,149,18
2211,149,19
2212,149,20
2213,149,21
2214,149,22
2215,149,23
2216,150,0
2217,150,1
2218,150,2
2219,150,17
2220,150,18
2221,150,19
2222,150,20
2223,150,21
2224,150,22
2225,150,23
2226,151,0
2227,151,1
2228,151,2
2229,151,17
2230,151,18
2231,151,19
2232,151,20
2233,151,21
2234,151,22
2235,151,23
2236,152,0
2237,152,1
2238,152,2
2239,152,17
2240,152,18
2241,152,19
2242,152,20
2243,152,21
2244,152,22
2245,152,23
2246,153,0
2247,153,1
2248,153,2
2249,153,17
2250,153,18
2251,153,19
2252,153,20
2253,153,21
2254,153,22
2255,153,23
2256,154,0
2257,154,1
2258,154,2
2259,154,17
2260,154,18
2261,154,19
2262,154,20
2263,154,21
2264,154,22
2265,154,23
2266,155,0
2267,155,1
2268,155,2
2269,155,17
2270,155,18
2271,155,19
2272,155,20
2273,155,21
2274,155,22
2275,155,23
2276,156,0
2277,156,1
2278,156,2
2279,156,17
2280,156,18
2281,156,19
2282,156,20
2283,156,21
2284,156,22
2285,156,23
2286,157,0
2287,157,1
2288,157,2
2289,157,17
2290,157,18
2291,157,19
2292,157,20
2293,157,21
2294,157,22
2295,157,23
2296,158,0
2297,158,1
2298,158,2
2299,158,17
2300,158,18
2301,158,19
2302,158,20
2303,158,21
2304,158,22
2305,158,23
2306,159,0
2307,159,1
2308,159,2
2309,159,17
2310,159,18
2311,159,19
2312,159,20
2313,159,21
2314,159,22
2315,159,23
2316,160,0
2317,160,1
2318,160,2
2319,160,17
2320,160,18
2321,160,19
2322,160,20
2323,160,21
2324,160,22
2325,160,23
2326,161,0
2327,161,1
2328,161,2
2329,161,17
2330,161,18
2331,161,19
2332,161,20
2333,161,21
2334,161,22
2335,161,23
2336,162,0
2337,162,1
2338,162,2
2339,162,17
2340,162,18
2341,162,19
2342,162,20
2343,162,21
2344,162,22
2345,162,23
2346,163,0
2347,163,1
2348,163,2
2349,163,17
2350,163,18
2351,163,19
2352,163,20
2353,163,21
2354,163,22
2355,163,23
2356,164,0
2357,164,1
2358,164,2
2359,164,17
2360,164,18
2361,164,19
2362,164,20
2363,164,21
2364,164,22
2365,164,23
2366,165,0
2367,165,1
2368,165,2
2369,165,17
2370,165,18
2371,165,19
2372,165,20
2373,165,21
2374,165,22
2375,165,23
2376,166,0
2377,166,1
2378,166,2
2379,166,17
2380,166,18
2381,166,19
2382,166,20
2383,166,21
2384,166,22
2385,166,23
2386,167,0
2387,167,1
2388,167,2
2389,167,17
2390,167,18
2391,167,19
2392,167,20
2393,167,21
2394,167,22
2395,167,23
2396,168,0
2397,168,1
2398,168,2
2399,168,17
2400,168,18
2401,168,19
2402,168,20
2403,168,21
2404,168,22
2405,168,23
2406,169,0
2407,169,1
2408,169,2
2409,169,17
2410,169,18
2411,169,19
2412,169,20
2413,169,21
2414,169,22
2415,169,23
2416,170,0
2417,170,1
2418,170,2
2419,170,17
2420,170,18
2421,170,19
2422,170,20
2423,170,21
2424,170,22
2425,170,23
2426,171,0
2427,171,1
2428,171,2
2429,171,17
2430,171,18
2431,171,19
2432,171,20
2433,171,21
2434,171,22
2435,171,23
2436,172,0
2437,172,1
2438,172,2
2439,172,17
2440,172,18
2441,172,19
2442,172,20
2443,172,21
2444,172,22
2445,172,23
2446,173,0
2447,173,1
2448,173,2
2449,173,17
2450,173,18
2451,173,19
2452,173,20
2453,173,21
2454,173,22
2455,173,23
2456,174,0
2457,174,1
2458,174,2
2459,174,17
2460,174,18
2461,174,19
2462,174,20
2463,174,21
2464,174,22
2465,174,23
2466,175,0
2467,175,1
2468,175,2
2469,175,17
2470,175,18
2471,175,19
2472,175,20
2473,175,21
2474,175,22
2475,175,23
2476,176,0
2477,176,1
2478,176,2
2479,176,17
2480,176,18
2481,176,19
2482,176,20
2483,176,21
2484,176,22
2485,176,23
2486,177,0
2487,177,1
2488,177,2
2489,177,17
2490,177,18
2491,177,19
2492,177,20
2493,177,21
2494,177,22
2495,177,23
2496,178,0
2497,178,1
2498,178,2
2499,178,17
2500,178,18
2501,178,19
2502,178,20
2503,178,21
2504,178,22
2505,178,23
2506,179,0
2507,179,1
2508,179,2
2509,179,17
2510,179,18
2511,179,19
2512,179,20
2513,179,21
2514,179,22
2515,179,23
2516,180,0
2517,180,1
2518,180,2
2519,180,17
2520,180,18
2521,180,19
2522,180,20
2523,180,21
2524,180,22
2525,180,23
2526,181,0
2527,181,1
2528,181,2
2529,181,17
2530,181,18
2531,181,19
2532,181,20
2533,181,21
2534,181,22
2535,181,23
2536,182,0
2537,182,1
2538,182,2
2539,182,17
2540,182,18
2541,182,19
2542,182,20
2543,182,21
2544,182,22
2545,182,23
2546,183,0
2547,183,1
2548,183,2
2549,183,17
2550,183,18
2551,183,19
2552,183,20
2553,183,21
2554,183,22
2555,183,23
2556,184,0
2557,184,1
2558,184,2
2559,184,17
2560,184,18
2561,184,19
2562,184,20
2563,184,21
2564,184,22
2565,184,23
2566,185,0
2567,185,1
2568,185,2
2569,185,17
2570,185,18
2571,185,19
2572,185,20
2573,185,21
2574,185,22
2575,185,23
2576,186,0
2577,186,1
2578,186,2
2579,186,17
2580,186,18
2581,186,19
2582,186,20
2583,186,21
2584,186,22
2585,186,23
2586,187,0
2587,187,1
2588,187,2
2589,187,17
2590,187,18
2591,187,19
2592,187,20
2593,187,21
2594,187,22
2595,187,23
2596,188,0
2597,188,1
2598,188,2
2599,188,17
2600,188,18
2601,188,19
2602,188,20
2603,188,21
2604,188,22
2605,188,23
2606,189,0
2607,189,1
2608,189,2
2609,189,17
2610,189,18
2611,189,19
2612,189,20
2613,189,21
2614,189,22
2615,189,23
2616,190,0
2617,190,1
2618,190,2
2619,190,17
2620,190,18
2621,190,19
2622,190,20
2623,190,21
2624,190,22
2625,190,23
2626,191,0
2627,191,1
2628,191,2
2629,191,17
2630,191,18
2631,191,19
2632,191,20
2633,191,21
2634,191,22
2635,191,23
2636,192,0
2637,192,1
2638,192,2
2639,192,17
2640,192,18
2641,192,19
2642,192,20
2643,192,21
2644,192,22
2645,192,23
2646,193,0
2647,193,1
2648,193,2
2649,193,17
2650,193,18
2651,193,19
2652,193,20
2653,193,21
2654,193,22
2655,193,23
2656,194,0
2657,194,1
2658,194,2
2659,194,17
2660,194,18
2661,194,19
2662,194,20
2663,194,21
2664,194,22
2665,194,23
2666,195,0
2667,195,1
2668,195,2
2669,195,17
2670,195,18
2671,195,19
2672,195,20
2673,195,21
2674,195,22
2675,195,23
2676,196,0
2677,196,1
2678,196,2
2679,196,17
2680,196,18
2681,196,19
2682,196,20
2683,196,21
2684,196,22
2685,196,23
2686,197,0
2687,197,1
2688,197,2
2689,197,17
2690,197,18
2691,197,19
2692,197,20
2693,197,21
2694,197,22
2695,197,23
2696,198,0
2697,198,1
2698,198,2
2699,198,17
2700,198,18
2701,198,19
2702,198,20
2703,198,21
2704,198,22
2705,198,23
2706,199,0
2707,199,1
2708,199,2
2709,199,17
2710,199,18
2711,199,19
2712,199,20
2713,199,21
2714,199,22
2715,199,23
2716,200,0
2717,200,1
2718,200,2
2719,200,17
2720,200,18
2721,200,19
2722,200,20
2723,200,21
2724,200,22
2725,200,23
2726,201,0
2727,201,1
2728,201,2
2729,201,17
2730,201,18
2731,201,19
2732,201,20
2733,201,21
2734,201,22
2735,201,23
2736,202,0
2737,202,1
2738,202,2
2739,202,17
2740,202,18
2741,202,19
2742,202,20
2743,202,21
2744,202,22
2745,202,23
2746,203,0
2747,203,1
2748,203,2
2749,203,17
2750,203,18
2751,203,19
2752,203,20
2753,203,21
2754,203,22
2755,203,23
2756,204,0
2757,204,1
2758,204,2
2759,204,17
2760,204,18
2761,204,19
2762,204,20
2763,204,21
2764,204,22
2765,204,23
2766,205,0
2767,205,1
2768,205,2
2769,205,17
2770,205,18
2771,205,19
2772,205,20
2773,205,21
2774,205,22
2775,205,23
2776,206,0
2777,206,1
2778,206,2
2779,206,17
2780,206,18
2781,206,19
2782,206,20
2783,206,21
2784,206,22
2785,206,23
2786,207,0
2787,207,1
2788,207,2
2789,207,17
2790,207,18
2791,207,19
2792,207,20
2793,207,21
2794,207,22
2795,207,23
2796,208,0
2797,208,1
2798,208,2
2799,208,17
2800,208,18
2801,208,19
2802,208,20
2803,208,21
2804,208,22
2805,208,23
2806,209,0
2807,209,1
2808,209,2
2809,209,17
2810,209,18
2811,209,19
2812,209,20
2813,209,21
2814,209,22
2815,209,23
2816,210,0
2817,210,1
2818,210,2
2819,210,3
2820,210,17
2821,210,18
2822,210,19
2823,210,20
2824,210,21
2825,210,22
2826,210,23
2827,211,0
2828,211,1
2829,211,2
2830,211,3
2831,211,17
2832,211,18
2833,211,19
2834,211,20
2835,211,21
2836,211,22
2837,211,23
2838,212,0
2839,212,1
2840,212,2
2841,212,3
2842,212,17
2843,212,18
2844,212,19
2845,212,20
2846,212,21
2847,212,22
2848,212,23
2849,213,0
2850,213,1
2851,213,2
2852,213,3
2853,213,17
2854,213,18
2855,213,19
2856,213,20
2857,213,21
2858,213,22
2859,213,23
2860,214,0
2861,214,1
2862,214,2
2863,214,3
2864,214,17
2865,214,18
2866,214,19
2867,214,20
2868,214,21
2869,214,22
2870,214,23
2871,215,0
2872,215,1
2873,215,2
2874,215,3
2875,215,17
2876,215,18
2877,215,19
2878,215,20
2879,215,21
2880,215,22
2881,215,23
2882,216,0
2883,216,1
2884,216,2
2885,216,3
2886,216,17
2887,216,18
2888,216,19
2889,216,20
2890,216,21
2891,216,22
2892,216,23
2893,217,0
2894,217,1
2895,217,2
2896,217,3
2897,217,17
2898,217,18
2899,217,19
2900,217,20
2901,217,21
2902,217,22
2903,217,23
2904,218,0
2905,218,1
2906,218,2
2907,218,3
2908,218,17
2909,218,18
2910,218,19
2911,218,20
2912,218,21
2913,218,22
2914,218,23
2915,219,0
2916,219,1
2917,219,2
2918,219,3
2919,219,17
2920,219,18
2921,219,19
2922,219,20
2923,219,21
2924,219,22
2925,219,23
2926,220,0
2927,220,1
2928,220,2
2929,220,3
2930,220,17
2931,220,18
2932,220,19
2933,220,20
2934,220,21
2935,220,22
2936,220,23
2937,221,0
2938,221,1
2939,221,2
2940,221,3
2941,221,17
2942,221,18
2943,221,19
2944,221,20
2945,221,21
2946,221,22
2947,221,23
2948,222,0
2949,222,1
2950,222,2
2951,222,3
2952,222,17
2953,222,18
2954,222,19
2955,222,20
2956,222,21
2957,222,22
2958,222,23
2959,223,0
2960,223,1
2961,223,2
2962,223,3
2963,223,17
2964,223,18
2965,223,19
2966,223,20
2967,223,21
2968,223,22
2969,223,23
2970,224,0
2971,224,1
2972,224,2
2973,224,3
2974,224,17
2975,224,18
2976,224,19
2977,224,20
2978,224,21
2979,224,22
2980,224,23
2981,225,0
2982,225,1
2983,225,2
2984,225,3
2985,225,17
2986,225,18
2987,225,19
2988,225,20
2989,225,21
2990,225,22
2991,225,23
2992,226,0
2993,226,1
2994,226,2
2995,226,3
2996,226,17
2997,226,18
2998,226,19
2999,226,20
3000,226,21
3001,226,22
3002,226,23
3003,227,0
3004,227,1
3005,227,2
3006,227,3
3007,227,17
3008,227,18
3009,227,19
3010,227,20
3011,227,21
3012,227,22
3013,227,23
3014,228,0
3015,228,1
3016,228,2
3017,228,3
3018,228,17
3019,228,18
3020,228,19
3021,228,20
3022,228,21
3023,228,22
3024,228,23
3025,229,0
3026,229,1
3027,229,2
3028,229,3
3029,229,17
3030,229,18
3031,229,19
3032,229,20
3033,229,21
3034,229,22
3035,229,23
3036,230,0
3037,230,1
3038,230,2
3039,230,3
3040,230,16
3041,230,17
3042,230,18
3043,230,19
3044,230,20
3045,230,21
3046,230,22
3047,230,23
3048,231,0
3049,231,1
3050,231,2
3051,231,3
3052,231,16
3053,231,17
3054,231,18
3055,231,19
3056,231,20
3057,231,21
3058,231,22
3059,231,23
3060,232,0
3061,232,1
3062,232,2
3063,232,3
3064,232,16
3065,232,17
3066,232,18
3067,232,19
3068,232,20
3069,232,21
3070,232,22
3071,232,23
3072,233,0
3073,233,1
3074,233,2
3075,233,3
3076,233,16
3077,233,17
3078,233,18
3079,233,19
3080,233,20
3081,233,21
3082,233,22
3083,233,23
3084,234,0
3085,234,1
3086,234,2
3087,234,3
3088,234,16
3089,234,17
3090,234,18
3091,234,19
3092,234,20
3093,234,21
3094,234,22
3095,234,23
3096,235,0
3097,235,1
3098,235,2
3099,235,3
3100,235,16
3101,235,17
3102,235,18
3103,235,19
3104,235,20
3105,235,21
3106,235,22
3107,235,23
3108,236,0
3109,236,1
3110,236,2
3111,236,3
3112,236,16
3113,236,17
3114,236,18
3115,236,19
3116,236,20
3117,236,21
3118,236,22
3119,236,23
3120,237,0
3121,237,1
3122,237,2
3123,237,3
3124,237,16
3125,237,17
3126,237,18
3127,237,19
3128,237,20
3129,237,21
3130,237,22
3131,237,23
3132,238,0
3133,238,1
3134,238,2
3135,238,3
3136,238,16
3137,238,17
3138,238,18
3139,238,19
3140,238,20
3141,238,21
3142,238,22
3143,238,23
3144,239,0
3145,239,1
3146,239,2
3147,239,3
3148,239,16
3149,239,17
3150,239,18
3151,239,19
3152,239,20
3153,239,21
3154,239,22
3155,239,23
3156,240,0
3157,240,1
3158,240,2
3159,240,3
3160,240,16
3161,240,17
3162,240,18
3163,240,19
3164,240,20
3165,240,21
3166,240,22
3167,240,23
3168,241,0
3169,241,1
3170,241,2
3171,241,3
3172,241,16
3173,241,17
3174,241,18
3175,241,19
3176,241,20
3177,241,21
3178,241,22
3179,241,23
3180,242,0
3181,242,1
3182,242,2
3183,242,3
3184,242,16
3185,242,17
3186,242,18
3187,242,19
3188,242,20
3189,242,21
3190,242,22
3191,242,23
3192,243,0
3193,243,1
3194,243,2
3195,243,3
3196,243,16
3197,243,17
3198,243,18
3199,243,19
3200,243,20
3201,243,21
3202,243,22
3203,243,23
3204,244,0
3205,244,1
3206,244,2
3207,244,3
3208,244,16
3209,244,17
3210,244,18
3211,244,19
3212,244,20
3213,244,21
3214,244,22
3215,244,23
3216,245,0
3217,245,1
3218,245,2
3219,245,3
3220,245,16
3221,245,17
3222,245,18
3223,245,19
3224,245,20
3225,245,21
3226,245,22
3227,245,23
3228,246,0
3229,246,1
3230,246,2
3231,246,3
3232,246,4
3233,246,16
3234,246,17
3235,246,18
3236,246,19
3237,246,20
3238,246,21
3239,246,22
3240,246,23
3241,247,0
3242,247,1
3243,247,2
3244,247,3
3245,247,4
3246,247,16
3247,247,17
3248,247,18
3249,247,19
3250,247,20
3251,247,21
3252,247,22
3253,247,23
3254,248,0
3255,248,1
3256,248,2
3257,248,3
3258,248,4
3259,248,16
3260,248,17
3261,248,18
3262,248,19
3263,248,20
3264,248,21
3265,248,22
3266,248,23
3267,249,0
3268,249,1
3269,249,2
3270,249,3
3271,249,4
3272,249,16
3273,249,17
3274,249,18
3275,249,19
3276,249,20
3277,249,21
3278,249,22
3279,249,23
3280,250,0
3281,250,1
3282,250,2
3283,250,3
3284,250,4
3285,250,16
3286,250,17
3287,250,18
3288,250,19
3289,250,20
3290,250,21
3291,250,22
3292,250,23
3293,251,0
3294,251,1
3295,251,2
3296,251,3
3297,251,4
3298,251,16
3299,251,17
3300,251,18
3301,251,19
3302,251,20
3303,251,21
3304,251,22
3305,251,23
3306,252,0
3307,252,1
3308,252,2
3309,252,3
3310,252,4
3311,252,16
3312,252,17
3313,252,18
3314,252,19
3315,252,20
3316,252,21
3317,252,22
3318,252,23
3319,253,0
3320,253,1
3321,253,2
3322,253,3
3323,253,4
3324,253,16
3325,253,17
3326,253,18
3327,253,19
3328,253,20
3329,253,21
3330,253,22
3331,253,23
3332,254,0
3333,254,1
3334,254,2
3335,254,3
3336,254,4
3337,254,16
3338,254,17
3339,254,18
3340,254,19
3341,254,20
3342,254,21
3343,254,22
3344,254,23
3345,255,0
3346,255,1
3347,255,2
3348,255,3
3349,255,4
3350,255,16
3351,255,17
3352,255,18
3353,255,19
3354,255,20
3355,255,21
3356,255,22
3357,255,23
3358,256,0
3359,256,1
3360,256,2
3361,256,3
3362,256,4
3363,256,16
3364,256,17
3365,256,18
3366,256,19
3367,256,20
3368,256,21
3369,256,22
3370,256,23
3371,257,0
3372,257,1
3373,257,2
3374,257,3
3375,257,4
3376,257,16
3377,257,17
3378,257,18
3379,257,19
3380,257,20
3381,257,21
3382,257,22
3383,257,23
3384,258,0
3385,258,1
3386,258,2
3387,258,3
3388,258,4
3389,258,15
3390,258,16
3391,258,17
3392,258,18
3393,258,19
3394,258,20
3395,258,21
3396,258,22
3397,258,23
3398,259,0
3399,259,1
3400,259,2
3401,259,3
3402,259,4
3403,259,16
3404,259,17
3405,259,18
3406,259,19
3407,259,20
3408,259,21
3409,259,22
3410,259,23
3411,260,0
3412,260,1
3413,260,2
3414,260,3
3415,260,4
3416,260,16
3417,260,17
3418,260,18
3419,260,19
3420,260,20
3421,260,21
3422,260,22
3423,260,23
3424,261,0
3425,261,1
3426,261,2
3427,261,3
3428,261,4
3429,261,16
3430,261,17
3431,261,18
3432,261,19
3433,261,20
3434,261,21
3435,261,22
3436,261,23
3437,262,0
3438,262,1
3439,262,2
3440,262,3
3441,262,4
3442,262,16
3443,262,17
3444,262,18
3445,262,19
3446,262,20
3447,262,21
3448,262,22
3449,262,23
3450,263,0
3451,263,1
3452,263,2
3453,263,3
3454,263,4
3455,263,15
3456,263,16
3457,263,17
3458,263,18
3459,263,19
3460,263,20
3461,263,21
3462,263,22
3463,263,23
3464,264,0
3465,264,1
3466,264,2
3467,264,3
3468,264,4
3469,264,15
3470,264,16
3471,264,17
3472,264,18
3473,264,19
3474,264,20
3475,264,21
3476,264,22
3477,264,23
3478,265,0
3479,265,1
3480,265,2
3481,265,3
3482,265,4
3483,265,15
3484,265,16
3485,265,17
3486,265,18
3487,265,19
3488,265,20
3489,265,21
3490,265,22
3491,265,23
3492,266,0
3493,266,1
3494,266,2
3495,266,3
3496,266,4
3497,266,15
3498,266,16
3499,266,17
3500,266,18
3501,266,19
3502,266,20
3503,266,21
3504,266,22
3505,266,23
3506,267,0
3507,267,1
3508,267,2
3509,267,3
3510,267,4
3511,267,15
3512,267,16
3513,267,17
3514,267,18
3515,267,19
3516,267,20
3517,267,21
3518,267,22
3519,267,23
3520,268,0
3521,268,1
3522,268,2
3523,268,3
3524,268,4
3525,268,15
3526,268,16
3527,268,17
3528,268,18
3529,268,19
3530,268,20
3531,268,21
3532,268,22
3533,268,23
3534,269,0
3535,269,1
3536,269,2
3537,269,3
3538,269,4
3539,269,15
3540,269,16
3541,269,17
3542,269,18
3543,269,19
3544,269,20
3545,269,21
3546,269,22
3547,269,23
3548,270,0
3549,270,1
3550,270,2
3551,270,3
3552,270,4
3553,270,15
3554,270,16
3555,270,17
3556,270,18
3557,270,19
3558,270,20
3559,270,21
3560,270,22
3561,270,23
3562,271,0
3563,271,1
3564,271,2
3565,271,3
3566,271,4
3567,271,5
3568,271,15
3569,271,16
3570,271,17
3571,271,18
3572,271,19
3573,271,20
3574,271,21
3575,271,22
3576,271,23
3577,272,0
3578,272,1
3579,272,2
3580,272,3
3581,272,4
3582,272,5
3583,272,15
3584,272,16
3585,272,17
3586,272,18
3587,272,19
3588,272,20
3589,272,21
3590,272,22
3591,272,23
3592,273,0
3593,273,1
3594,273,2
3595,273,3
3596,273,4
3597,273,5
3598,273,15
3599,273,16
3600,273,17
3601,273,18
3602,273,19
3603,273,20
3604,273,21
3605,273,22
3606,273,23
3607,274,0
3608,274,1
3609,274,2
3610,274,3
3611,274,4
3612,274,5
3613,274,15
3614,274,16
3615,274,17
3616,274,18
3617,274,19
3618,274,20
3619,274,21
3620,274,22
3621,274,23
3622,275,0
3623,275,1
3624,275,2
3625,275,3
3626,275,4
3627,275,5
3628,275,15
3629,275,16
3630,275,17
3631,275,18
3632,275,19
3633,275,20
3634,275,21
3635,275,22
3636,275,23
3637,276,0
3638,276,1
3639,276,2
3640,276,3
3641,276,4
3642,276,5
3643,276,15
3644,276,16
3645,276,17
3646,276,18
3647,276,19
3648,276,20
3649,276,21
3650,276,22
3651,276,23
3652,277,0
3653,277,1
3654,277,2
3655,277,3
3656,277,4
3657,277,5
3658,277,15
3659,277,16
3660,277,17
3661,277,18
3662,277,19
3663,277,20
3664,277,21
3665,277,22
3666,277,23
3667,278,0
3668,278,1
3669,278,2
3670,278,3
3671,278,4
3672,278,5
3673,278,15
3674,278,16
3675,278,17
3676,278,18
3677,278,19
3678,278,20
3679,278,21
3680,278,22
3681,278,23
3682,279,0
3683,279,1
3684,279,2
3685,279,3
3686,279,4
3687,279,5
3688,279,15
3689,279,16
3690,279,17
3691,279,18
3692,279,19
3693,279,20
3694,279,21
3695,279,22
3696,279,23
3697,280,0
3698,280,1
3699,280,2
3700,280,3
3701,280,4
3702,280,5
3703,280,15
3704,280,16
3705,280,17
3706,280,18
3707,280,19
3708,280,20
3709,280,21
3710,280,22
3711,280,23
3712,281,0
3713,281,1
3714,281,2
3715,281,3
3716,281,4
3717,281,5
3718,281,15
3719,281,16
3720,281,17
3721,281,18
3722,281,19
3723,281,20
3724,281,21
3725,281,22
3726,281,23
3727,282,0
3728,282,1
3729,282,2
3730,282,3
3731,282,4
3732,282,5
3733,282,15
3734,282,16
3735,282,17
3736,282,18
3737,282,19
3738,282,20
3739,282,21
3740,282,22
3741,282,23
3742,283,0
3743,283,1
3744,283,2
3745,283,3
3746,283,4
3747,283,5
3748,283,14
3749,283,15
3750,283,16
3751,283,17
3752,283,18
3753,283,19
3754,283,20
3755,283,21
3756,283,22
3757,283,23
3758,284,0
3759,284,1
3760,284,2
3761,284,3
3762,284,4
3763,284,5
3764,284,15
3765,284,16
3766,284,17
3767,284,18
3768,284,19
3769,284,20
3770,284,21
3771,284,22
3772,284,23
3773,285,0
3774,285,1
3775,285,2
3776,285,3
3777,285,4
3778,285,5
3779,285,15
3780,285,16
3781,285,17
3782,285,18
3783,285,19
3784,285,20
3785,285,21
3786,285,22
3787,285,23
3788,286,0
3789,286,1
3790,286,2
3791,286,3
3792,286,4
3793,286,5
3794,286,15
3795,286,16
3796,286,17
3797,286,18
3798,286,19
3799,286,20
3800,286,21
3801,286,22
3802,286,23
3803,287,0
3804,287,1
3805,287,2
3806,287,3
3807,287,4
3808,287,5
3809,287,14
3810,287,15
3811,287,16
3812,287,17
3813,287,18
3814,287,19
3815,287,20
3816,287,21
3817,287,22
3818,287,23
3819,288,0
3820,288,1
3821,288,2
3822,288,3
3823,288,4
3824,288,5
3825,288,14
3826,288,15
3827,288,16
3828,288,17
3829,288,18
3830,288,19
3831,288,20
3832,288,21
3833,288,22
3834,288,23
3835,289,0
3836,289,1
3837,289,2
3838,289,3
3839,289,4
3840,289,5
3841,289,14
3842,289,15
3843,289,16
3844,289,17
3845,289,18
3846,289,19
3847,289,20
3848,289,21
3849,289,22
3850,289,23
3851,290,0
3852,290,1
3853,290,2
3854,290,3
3855,290,4
3856,290,5
3857,290,6
3858,290,14
3859,290,15
3860,290,16
3861,290,17
3862,290,18
3863,290,19
3864,290,20
3865,290,21
3866,290,22
3867,290,23
3868,291,0
3869,291,1
3870,291,2
3871,291,3
3872,291,4
3873,291,5
3874,291,6
3875,291,14
3876,291,15
3877,291,16
3878,291,17
3879,291,18
3880,291,19
3881,291,20
3882,291,21
3883,291,22
3884,291,23
3885,292,0
3886,292,1
3887,292,2
3888,292,3
3889,292,4
3890,292,5
3891,292,6
3892,292,14
3893,292,15
3894,292,16
3895,292,17
3896,292,18
3897,292,19
3898,292,20
3899,292,21
3900,292,22
3901,292,23
3902,293,0
3903,293,1
3904,293,2
3905,293,3
3906,293,4
3907,293,5
3908,293,6
3909,293,14
3910,293,15
3911,293,16
3912,293,17
3913,293,18
3914,293,19
3915,293,20
3916,293,21
3917,293,22
3918,293,23
3919,294,0
3920,294,1
3921,294,2
3922,294,3
3923,294,4
3924,294,5
3925,294,6
3926,294,14
3927,294,15
3928,294,16
3929,294,17
3930,294,18
3931,294,19
3932,294,20
3933,294,21
3934,294,22
3935,294,23
3936,295,0
3937,295,1
3938,295,2
3939,295,3
3940,295,4
3941,295,5
3942,295,6
3943,295,14
3944,295,15
3945,295,16
3946,295,17
3947,295,18
3948,295,19
3949,295,20
3950,295,21
3951,295,22
3952,295,23
3953,296,0
3954,296,1
3955,296,2
3956,296,3
3957,296,4
3958,296,5
3959,296,6
3960,296,14
3961,296,15
3962,296,16
3963,296,17
3964,296,18
3965,296,19
3966,296,20
3967,296,21
3968,296,22
3969,296,23
3970,297,0
3971,297,1
3972,297,2
3973,297,3
3974,297,4
3975,297,5
3976,297,6
3977,297,14
3978,297,15
3979,297,16
3980,297,17
3981,297,18
3982,297,19
3983,297,20
3984,297,21
3985,297,22
3986,297,23
3987,298,0
3988,298,1
3989,298,2
3990,298,3
3991,298,4
3992,298,5
3993,298,6
3994,298,14
3995,298,15
3996,298,16
3997,298,17
3998,298,18
3999,298,19
4000,298,20
4001,298,21
4002,298,22
4003,298,23
4004,299,0
4005,299,1
4006,299,2
4007,299,3
4008,299,4
4009,299,5
4010,299,6
4011,299,14
4012,299,15
4013,299,16
4014,299,17
4015,299,18
4016,299,19
4017,299,20
4018,299,21
4019,299,22
4020,299,23
4021,300,0
4022,300,1
4023,300,2
4024,300,3
4025,300,4
4026,300,5
4027,300,6
4028,300,14
4029,300,15
4030,300,16
4031,300,17
4032,300,18
4033,300,19
4034,300,20
4035,300,21
4036,300,22
4037,300,23
4038,301,0
4039,301,1
4040,301,2
4041,301,3
4042,301,4
4043,301,5
4044,301,6
4045,301,14
4046,301,15
4047,301,16
4048,301,17
4049,301,18
4050,301,19
4051,301,20
4052,301,21
4053,301,22
4054,301,23
4055,302,0
4056,302,1
4057,302,2
4058,302,3
4059,302,4
4060,302,5
4061,302,6
4062,302,14
4063,302,15
4064,302,16
4065,302,17
4066,302,18
4067,302,19
4068,302,20
4069,302,21
4070,302,22
4071,302,23
4072,303,0
4073,303,1
4074,303,2
4075,303,3
4076,303,4
4077,303,5
4078,303,6
4079,303,14
4080,303,15
4081,303,16
4082,303,17
4083,303,18
4084,303,19
4085,303,20
4086,303,21
4087,303,22
4088,303,23
4089,304,0
4090,304,1
4091,304,2
4092,304,3
4093,304,4
4094,304,5
4095,304,6
4096,304,14
4097,304,15
4098,304,16
4099,304,17
4100,304,18
4101,304,19
4102,304,20
4103,304,21
4104,304,22
4105,304,23
4106,305,0
4107,305,1
4108,305,2
4109,305,3
4110,305,4
4111,305,5
4112,305,6
4113,305,14
4114,305,15
4115,305,16
4116,305,17
4117,305,18
4118,305,19
4119,305,20
4120,305,21
4121,305,22
4122,305,23
4123,306,0
4124,306,1
4125,306,2
4126,306,3
4127,306,4
4128,306,5
4129,306,6
4130,306,13
4131,306,14
4132,306,15
4133,306,16
4134,306,17
4135,306,18
4136,306,19
4137,306,20
4138,306,21
4139,306,22
4140,306,23
4141,307,0
4142,307,1
4143,307,2
4144,307,3
4145,307,4
4146,307,5
4147,307,6
4148,307,14
4149,307,15
4150,307,16
4151,307,17
4152,307,18
4153,307,19
4154,307,20
4155,307,21
4156,307,22
4157,307,23
4158,308,0
4159,308,1
4160,308,2
4161,308,3
4162,308,4
4163,308,5
4164,308,6
4165,308,13
4166,308,14
4167,308,15
4168,308,16
4169,308,17
4170,308,18
4171,308,19
4172,308,20
4173,308,21
4174,308,22
4175,308,23
4176,309,0
4177,309,1
4178,309,2
4179,309,3
4180,309,4
4181,309,5
4182,309,6
4183,309,7
4184,309,13
4185,309,14
4186,309,15
4187,309,16
4188,309,17
4189,309,18
4190,309,19
4191,309,20
4192,309,21
4193,309,22
4194,309,23
4195,310,0
4196,310,1
4197,310,2
4198,310,3
4199,310,4
4200,310,5
4201,310,6
4202,310,7
4203,310,13
4204,310,14
4205,310,15
4206,310,16
4207,310,17
4208,310,18
4209,310,19
4210,310,20
4211,310,21
4212,310,22
4213,310,23
4214,311,0
4215,311,1
4216,311,2
4217,311,3
4218,311,4
4219,311,5
4220,311,6
4221,311,7
4222,311,13
4223,311,14
4224,311,15
4225,311,16
4226,311,17
4227,311,18
4228,311,19
4229,311,20
4230,311,21
4231,311,22
4232,311,23
4233,312,0
4234,312,1
4235,312,2
4236,312,3
4237,312,4
4238,312,5
4239,312,6
4240,312,7
4241,312,13
4242,312,14
4243,312,15
4244,312,16
4245,312,17
4246,312,18
4247,312,19
4248,312,20
4249,312,21
4250,312,22
4251,312,23
4252,313,0
4253,313,1
4254,313,2
4255,313,3
4256,313,4
4257,313,5
4258,313,6
4259,313,7
4260,313,13
4261,313,14
4262,313,15
4263,313,16
4264,313,17
4265,313,18
4266,313,19
4267,313,20
4268,313,21
4269,313,22
4270,313,23
4271,314,0
4272,314,1
4273,314,2
4274,314,3
4275,314,4
4276,314,5
4277,314,6
4278,314,7
4279,314,13
4280,314,14
4281,314,15
4282,314,16
4283,314,17
4284,314,18
4285,314,19
4286,314,20
4287,314,21
4288,314,22
4289,314,23
4290,315,0
4291,315,1
4292,315,2
4293,315,3
4294,315,4
4295,315,5
4296,315,6
4297,315,7
4298,315,13
4299,315,14
4300,315,15
4301,315,16
4302,315,17
4303,315,18
4304,315,19
4305,315,20
4306,315,21
4307,315,22
4308,315,23
4309,316,0
4310,316,1
4311,316,2
4312,316,3
4313,316,4
4314,316,5
4315,316,6
4316,316,7
4317,316,13
4318,316,14
4319,316,15
4320,316,16
4321,316,17
4322,316,18
4323,316,19
4324,316,20
4325,316,21
4326,316,22
4327,316,23
4328,317,0
4329,317,1
4330,317,2
4331,317,3
4332,317,4
4333,317,5
4334,317,6
4335,317,7
4336,317,13
4337,317,14
4338,317,15
4339,317,16
4340,317,17
4341,317,18
4342,317,19
4343,317,20
4344,317,21
4345,317,22
4346,317,23
4347,318,0
4348,318,1
4349,318,2
4350,318,3
4351,318,4
4352,318,5
4353,318,6
4354,318,7
4355,318,13
4356,318,14
4357,318,15
4358,318,16
4359,318,17
4360,318,18
4361,318,19
4362,318,20
4363,318,21
4364,318,22
4365,318,23
4366,319,0
4367,319,1
4368,319,2
4369,319,3
4370,319,4
4371,319,5
4372,319,6
4373,319,7
4374,319,13
4375,319,14
4376,319,15
4377,319,16
4378,319,17
4379,319,18
4380,319,19
4381,319,20
4382,319,21
4383,319,22
4384,319,23
4385,320,0
4386,320,1
4387,320,2
4388,320,3
4389,320,4
4390,320,5
4391,320,6
4392,320,7
4393,320,13
4394,320,14
4395,320,15
4396,320,16
4397,320,17
4398,320,18
4399,320,19
4400,320,20
4401,320,21
4402,320,22
4403,320,23
4404,321,0
4405,321,1
4406,321,2
4407,321,3
4408,321,4
4409,321,5
4410,321,6
4411,321,7
4412,321,13
4413,321,14
4414,321,15
4415,321,16
4416,321,17
4417,321,18
4418,321,19
4419,321,20
4420,321,21
4421,321,22
4422,321,23
4423,322,0
4424,322,1
4425,322,2
4426,322,3
4427,322,4
4428,322,5
4429,322,6
4430,322,7
4431,322,13
4432,322,14
4433,322,15
4434,322,16
4435,322,17
4436,322,18
4437,322,19
4438,322,20
4439,322,21
4440,322,22
4441,322,23
4442,323,0
4443,323,1
4444,323,2
4445,323,3
4446,323,4
4447,323,5
4448,323,6
4449,323,7
4450,323,13
4451,323,14
4452,323,15
4453,323,16
4454,323,17
4455,323,18
4456,323,19
4457,323,20
4458,323,21
4459,323,22
4460,323,23
4461,324,0
4462,324,1
4463,324,2
4464,324,3
4465,324,4
4466,324,5
4467,324,6
4468,324,7
4469,324,13
4470,324,14
4471,324,15
4472,324,16
4473,324,17
4474,324,18
4475,324,19
4476,324,20
4477,324,21
4478,324,22
4479,324,23
4480,325,0
4481,325,1
4482,325,2
4483,325,3
4484,325,4
4485,325,5
4486,325,6
4487,325,7
4488,325,13
4489,325,14
4490,325,15
4491,325,16
4492,325,17
4493,325,18
4494,325,19
4495,325,20
4496,325,21
4497,325,22
4498,325,23
4499,326,0
4500,326,1
4501,326,2
4502,326,3
4503,326,4
4504,326,5
4505,326,6
4506,326,7
4507,326,12
4508,326,13
4509,326,14
4510,326,15
4511,326,16
4512,326,17
4513,326,18
4514,326,19
4515,326,20
4516,326,21
4517,326,22
4518,326,23
4519,327,0
4520,327,1
4521,327,2
4522,327,3
4523,327,4
4524,327,5
4525,327,6
4526,327,7
4527,327,8
4528,327,12
4529,327,13
4530,327,14
4531,327,15
4532,327,16
4533,327,17
4534,327,18
4535,327,19
4536,327,20
4537,327,21
4538,327,22
4539,327,23
4540,328,0
4541,328,1
4542,328,2
4543,328,3
4544,328,4
4545,328,5
4546,328,6
4547,328,7
4548,328,8
4549,328,12
4550,328,13
4551,328,14
4552,328,15
4553,328,16
4554,328,17
4555,328,18
4556,328,19
4557,328,20
4558,328,21
4559,328,22
4560,328,23
4561,329,0
4562,329,1
4563,329,2
4564,329,3
4565,329,4
4566,329,5
4567,329,6
4568,329,7
4569,329,8
4570,329,12
4571,329,13
4572,329,14
4573,329,15
4574,329,16
4575,329,17
4576,329,18
4577,329,19
4578,329,20
4579,329,21
4580,329,22
4581,329,23
4582,330,0
4583,330,1
4584,330,2
4585,330,3
4586,330,4
4587,330,5
4588,330,6
4589,330,7
4590,330,8
4591,330,12
4592,330,13
4593,330,14
4594,330,15
4595,330,16
4596,330,17
4597,330,18
4598,330,19
4599,330,20
4600,330,21
4601,330,22
4602,330,23
4603,331,0
4604,331,1
4605,331,2
4606,331,3
4607,331,4
4608,331,5
4609,331,6
4610,331,7
4611,331,8
4612,331,12
4613,331,13
4614,331,14
4615,331,15
4616,331,16
4617,331,17
4618,331,18
4619,331,19
4620,331,20
4621,331,21
4622,331,22
4623,331,23
4624,332,0
4625,332,1
4626,332,2
4627,332,3
4628,332,4
4629,332,5
4630,332,6
4631,332,7
4632,332,12
4633,332,13
4634,332,14
4635,332,15
4636,332,16
4637,332,17
4638,332,18
4639,332,19
4640,332,20
4641,332,21
4642,332,22
4643,332,23
4644,333,0
4645,333,1
4646,333,2
4647,333,3
4648,333,4
4649,333,5
4650,333,6
4651,333,7
4652,333,8
4653,333,12
4654,333,13
4655,333,14
4656,333,15
4657,333,16
4658,333,17
4659,333,18
4660,333,19
4661,333,20
4662,333,21
4663,333,22
4664,333,23
4665,334,0
4666,334,1
4667,334,2
4668,334,3
4669,334,4
4670,334,5
4671,334,6
4672,334,7
4673,334,12
4674,334,13
4675,334,14
4676,334,15
4677,334,16
4678,334,17
4679,334,18
4680,334,19
4681,334,20
4682,334,21
4683,334,22
4684,334,23
4685,335,0
4686,335,1
4687,335,2
4688,335,3
4689,335,4
4690,335,5
4691,335,6
4692,335,7
4693,335,8
4694,335,12
4695,335,13
4696,335,14
4697,335,15
4698,335,16
4699,335,17
4700,335,18
4701,335,19
4702,335,20
4703,335,21
4704,335,22
4705,335,23
4706,336,0
4707,336,1
4708,336,2
4709,336,3
4710,336,4
4711,336,5
4712,336,6
4713,336,7
4714,336,8
4715,336,12
4716,336,13
4717,336,14
4718,336,15
4719,336,16
4720,336,17
4721,336,18
4722,336,19
4723,336,20
4724,336,21
4725,336,22
4726,336,23
4727,337,0
4728,337,1
4729,337,2
4730,337,3
4731,337,4
4732,337,5
4733,337,6
4734,337,7
4735,337,8
4736,337,12
4737,337,13
4738,337,14
4739,337,15
4740,337,16
4741,337,17
4742,337,18
4743,337,19
4744,337,20
4745,337,21
4746,337,22
4747,337,23
4748,338,0
4749,338,1
4750,338,2
4751,338,3
4752,338,4
4753,338,5
4754,338,6
4755,338,7
4756,338,8
4757,338,12
4758,338,13
4759,338,14
4760,338,15
4761,338,16
4762,338,17
4763,338,18
4764,338,19
4765,338,20
4766,338,21
4767,338,22
4768,338,23
4769,339,0
4770,339,1
4771,339,2
4772,339,3
4773,339,4
4774,339,5
4775,339,6
4776,339,7
4777,339,8
4778,339,12
4779,339,13
4780,339,14
4781,339,15
4782,339,16
4783,339,17
4784,339,18
4785,339,19
4786,339,20
4787,339,21
4788,339,22
4789,339,23
4790,340,0
4791,340,1
4792,340,2
4793,340,3
4794,340,4
4795,340,5
4796,340,6
4797,340,7
4798,340,8
4799,340,11
4800,340,12
4801,340,13
4802,340,14
4803,340,15
4804,340,16
4805,340,17
4806,340,18
4807,340,19
4808,340,20
4809,340,21
4810,340,22
4811,340,23
4812,341,0
4813,341,1
4814,341,2
4815,341,3
4816,341,4
4817,341,5
4818,341,6
4819,341,7
4820,341,8
4821,341,12
4822,341,13
4823,341,14
4824,341,15
4825,341,16
4826,341,17
4827,341,18
4828,341,19
4829,341,20
4830,341,21
4831,341,22
4832,341,23
4833,342,0
4834,342,1
4835,342,2
4836,342,3
4837,342,4
4838,342,5
4839,342,6
4840,342,7
4841,342,8
4842,342,12
4843,342,13
4844,342,14
4845,342,15
4846,342,16
4847,342,17
4848,342,18
4849,342,19
4850,342,20
4851,342,21
4852,342,22
4853,342,23
4854,343,0
4855,343,1
4856,343,2
4857,343,3
4858,343,4
4859,343,5
4860,343,6
4861,343,7
4862,343,8
4863,343,11
4864,343,12
4865,343,13
4866,343,14
4867,343,15
4868,343,16
4869,343,17
4870,343,18
4871,343,19
4872,343,20
4873,343,21
4874,343,22
4875,343,23
4876,344,0
4877,344,1
4878,344,2
4879,344,3
4880,344,4
4881,344,5
4882,344,6
4883,344,7
4884,344,8
4885,344,9
4886,344,11
4887,344,12
4888,344,13
4889,344,14
4890,344,15
4891,344,16
4892,344,17
4893,344,18
4894,344,19
4895,344,20
4896,344,21
4897,344,22
4898,344,23
4899,345,0
4900,345,1
4901,345,2
4902,345,3
4903,345,4
4904,345,5
4905,345,6
4906,345,7
4907,345,8
4908,345,9
4909,345,10
4910,345,11
4911,345,12
4912,345,13
4913,345,14
4914,345,15
4915,345,16
4916,345,17
4917,345,18
4918,345,19
4919,345,20
4920,345,21
4921,345,22
4922,345,23
4923,346,0
4924,346,1
4925,346,2
4926,346,3
4927,346,4
4928,346,5
4929,346,6
4930,346,7
4931,346,8
4932,346,11
4933,346,12
4934,346,13
4935,346,14
4936,346,15
4937,346,16
4938,346,17
4939,346,18
4940,346,19
4941,346,20
4942,346,21
4943,346,22
4944,346,23
4945,347,0
4946,347,1
4947,347,2
4948,347,3
4949,347,4
4950,347,5
4951,347,6
4952,347,7
4953,347,8
4954,347,12
4955,347,13
4956,347,14
4957,347,15
4958,347,16
4959,347,17
4960,347,18
4961,347,19
4962,347,20
4963,347,21
4964,347,22
4965,347,23
4966,348,0
4967,348,1
4968,348,2
4969,348,3
4970,348,4
4971,348,5
4972,348,6
4973,348,7
4974,348,8
4975,348,12
4976,348,13
4977,348,14
4978,348,15
4979,348,16
4980,348,17
4981,348,18
4982,348,19
4983,348,20
4984,348,21
4985,348,22
4986,348,23
4987,349,0
4988,349,1
4989,349,2
4990,349,3
4991,349,4
4992,349,5
4993,349,6
4994,349,7
4995,349,8
4996,349,12
4997,349,13
4998,349,14
4999,349,15
5000,349,16
5001,349,17
5002,349,18
5003,349,19
5004,349,20
5005,349,21
5006,349,22
5007,349,23
5008,350,0
5009,350,1
5010,350,2
5011,350,3
5012,350,4
5013,350,5
5014,350,6
5015,350,7
5016,350,8
5017,350,12
5018,350,13
5019,350,14
5020,350,15
5021,350,16
5022,350,17
5023,350,18
5024,350,19
5025,350,20
5026,350,21
5027,350,22
5028,350,23
5029,351,0
5030,351,1
5031,351,2
5032,351,3
5033,351,4
5034,351,5
5035,351,6
5036,351,7
5037,351,8
5038,351,12
5039,351,13
5040,351,14
5041,351,15
5042,351,16
5043,351,17
5044,351,18
5045,351,19
5046,351,20
5047,351,21
5048,351,22
5049,351,23
5050,352,0
5051,352,1
5052,352,2
5053,352,3
5054,352,4
5055,352,5
5056,352,6
5057,352,7
5058,352,8
5059,352,12
5060,352,13
5061,352,14
5062,352,15
5063,352,16
5064,352,17
5065,352,18
5066,352,19
5067,352,20
5068,352,21
5069,352,22
5070,352,23
5071,353,0
5072,353,1
5073,353,2
5074,353,3
5075,353,4
5076,353,5
5077,353,6
5078,353,7
5079,353,8
5080,353,11
5081,353,12
5082,353,13
5083,353,14
5084,353,15
5085,353,16
5086,353,17
5087,353,18
5088,353,19
5089,353,20
5090,353,21
5091,353,22
5092,353,23
5093,354,0
5094,354,1
5095,354,2
5096,354,3
5097,354,4
5098,354,5
5099,354,6
5100,354,7
5101,354,8
5102,354,11
5103,354,12
5104,354,13
5105,354,14
5106,354,15
5107,354,16
5108,354,17
5109,354,18
5110,354,19
5111,354,20
5112,354,21
5113,354,22
5114,354,23
5115,355,0
5116,355,1
5117,355,2
5118,355,3
5119,355,4
5120,355,5
5121,355,6
5122,355,7
5123,355,8
5124,355,12
5125,355,13
5126,355,14
5127,355,15
5128,355,16
5129,355,17
5130,355,18
5131,355,19
5132,355,20
5133,355,21
5134,355,22
5135,355,23
5136,356,0
5137,356,1
5138,356,2
5139,356,3
5140,356,4
5141,356,5
5142,356,6
5143,356,7
5144,356,8
5145,356,12
5146,356,13
5147,356,14
5148,356,15
5149,356,16
5150,356,17
5151,356,18
5152,356,19
5153,356,20
5154,356,21
5155,356,22
5156,356,23
5157,357,0
5158,357,1
5159,357,2
5160,357,3
5161,357,4
5162,357,5
5163,357,6
5164,357,7
5165,357,8
5166,357,11
5167,357,12
5168,357,13
5169,357,14
5170,357,15
5171,357,16
5172,357,17
5173,357,18
5174,357,19
5175,357,20
5176,357,21
5177,357,22
5178,357,23
5179,358,0
5180,358,1
5181,358,2
5182,358,3
5183,358,4
5184,358,5
5185,358,6
5186,358,7
5187,358,8
5188,358,11
5189,358,12
5190,358,13
5191,358,14
5192,358,15
5193,358,16
5194,358,17
5195,358,18
5196,358,19
5197,358,20
5198,358,21
5199,358,22
5200,358,23
5201,359,0
5202,359,1
5203,359,2
5204,359,3
5205,359,4
5206,359,5
5207,359,6
5208,359,7
5209,359,8
5210,359,11
5211,359,12
5212,359,13
5213,359,14
5214,359,15
5215,359,16
5216,359,17
5217,359,18
5218,359,19
5219,359,20
5220,359,21
5221,359,22
5222,359,23
5223,360,0
5224,360,1
5225,360,2
5226,360,3
5227,360,4
5228,360,5
5229,360,6
5230,360,7
5231,360,8
5232,360,11
5233,360,12
5234,360,13
5235,360,14
5236,360,15
5237,360,16
5238,360,17
5239,360,18
5240,360,19
5241,360,20
5242,360,21
5243,360,22
5244,360,23
5245,361,0
5246,361,1
5247,361,2
5248,361,3
5249,361,4
5250,361,5
5251,361,6
5252,361,7
5253,361,8
5254,361,9
5255,361,11
5256,361,12
5257,361,13
5258,361,14
5259,361,15
5260,361,16
5261,361,17
5262,361,18
5263,361,19
5264,361,20
5265,361,21
5266,361,22
5267,361,23
5268,362,0
5269,362,1
5270,362,2
5271,362,3
5272,362,4
5273,362,5
5274,362,6
5275,362,7
5276,362,8
5277,362,12
5278,362,13
5279,362,14
5280,362,15
5281,362,16
5282,362,17
5283,362,18
5284,362,19
5285,362,20
5286,362,21
5287,362,22
5288,362,23
5289,363,0
5290,363,1
5291,363,2
5292,363,3
5293,363,4
5294,363,5
5295,363,6
5296,363,7
5297,363,8
5298,363,12
5299,363,13
5300,363,14
5301,363,15
5302,363,16
5303,363,17
5304,363,18
5305,363,19
5306,363,20
5307,363,21
5308,363,22
5309,363,23
5310,364,0
5311,364,1
5312,364,2
5313,364,3
5314,364,4
5315,364,5
5316,364,6
5317,364,7
5318,364,8
5319,364,9
5320,364,10
5321,364,11
5322,364,12
5323,364,13
5324,364,14
5325,364,15
5326,364,16
5327,364,17
5328,364,18
5329,364,19
5330,364,20
5331,364,21
5332,364,22
5333,364,23
5334,365,0
5335,365,1
5336,365,2
5337,365,3
5338,365,4
5339,365,5
5340,365,6
5341,365,7
5342,365,8
5343,365,12
5344,365,13
5345,365,14
5346,365,15
5347,365,16
5348,365,17
5349,365,18
5350,365,19
5351,365,20
5352,365,21
5353,365,22
5354,365,23
