,day,hour
0,1,0
1,1,1
2,1,2
3,1,3
4,1,4
5,1,5
6,1,14
7,1,15
8,1,16
9,1,17
10,1,18
11,1,19
12,1,20
13,1,21
14,1,22
15,1,23
16,2,0
17,2,1
18,2,2
19,2,3
20,2,4
21,2,5
22,2,6
23,2,14
24,2,15
25,2,16
26,2,17
27,2,18
28,2,19
29,2,20
30,2,21
31,2,22
32,2,23
33,3,0
34,3,1
35,3,2
36,3,3
37,3,4
38,3,5
39,3,6
40,3,14
41,3,15
42,3,16
43,3,17
44,3,18
45,3,19
46,3,20
47,3,21
48,3,22
49,3,23
50,4,0
51,4,1
52,4,2
53,4,3
54,4,4
55,4,5
56,4,14
57,4,15
58,4,16
59,4,17
60,4,18
61,4,19
62,4,20
63,4,21
64,4,22
65,4,23
66,5,0
67,5,1
68,5,2
69,5,3
70,5,4
71,5,5
72,5,14
73,5,15
74,5,16
75,5,17
76,5,18
77,5,19
78,5,20
79,5,21
80,5,22
81,5,23
82,6,0
83,6,1
84,6,2
85,6,3
86,6,4
87,6,5
88,6,6
89,6,14
90,6,15
91,6,16
92,6,17
93,6,18
94,6,19
95,6,20
96,6,21
97,6,22
98,6,23
99,7,0
100,7,1
101,7,2
102,7,3
103,7,4
104,7,5
105,7,14
106,7,15
107,7,16
108,7,17
109,7,18
110,7,19
111,7,20
112,7,21
113,7,22
114,7,23
115,8,0
116,8,1
117,8,2
118,8,3
119,8,4
120,8,5
121,8,14
122,8,15
123,8,16
124,8,17
125,8,18
126,8,19
127,8,20
128,8,21
129,8,22
130,8,23
131,9,0
132,9,1
133,9,2
134,9,3
135,9,4
136,9,5
137,9,14
138,9,15
139,9,16
140,9,17
141,9,18
142,9,19
143,9,20
144,9,21
145,9,22
146,9,23
147,10,0
148,10,1
149,10,2
150,10,3
151,10,4
152,10,5
153,10,14
154,10,15
155,10,16
156,10,17
157,10,18
158,10,19
159,10,20
160,10,21
161,10,22
162,10,23
163,11,0
164,11,1
165,11,2
166,11,3
167,11,4
168,11,5
169,11,14
170,11,15
171,11,16
172,11,17
173,11,18
174,11,19
175,11,20
176,11,21
177,11,22
178,11,23
179,12,0
180,12,1
181,12,2
182,12,3
183,12,4
184,12,5
185,12,14
186,12,15
187,12,16
188,12,17
189,12,18
190,12,19
191,12,20
192,12,21
193,12,22
194,12,23
195,13,0
196,13,1
197,13,2
198,13,3
199,13,4
200,13,5
201,13,14
202,13,15
203,13,16
204,13,17
205,13,18
206,13,19
207,13,20
208,13,21
209,13,22
210,13,23
211,14,0
212,14,1
213,14,2
214,14,3
215,14,4
216,14,5
217,14,14
218,14,15
219,14,16
220,14,17
221,14,18
222,14,19
223,14,20
224,14,21
225,14,22
226,14,23
227,15,0
228,15,1
229,15,2
230,15,3
231,15,4
232,15,5
233,15,14
234,15,15
235,15,16
236,15,17
237,15,18
238,15,19
239,15,20
240,15,21
241,15,22
242,15,23
243,16,0
244,16,1
245,16,2
246,16,3
247,16,4
248,16,5
249,16,14
250,16,15
251,16,16
252,16,17
253,16,18
254,16,19
255,16,20
256,16,21
257,16,22
258,16,23
259,17,0
260,17,1
261,17,2
262,17,3
263,17,4
264,17,5
265,17,15
266,17,16
267,17,17
268,17,18
269,17,19
270,17,20
271,17,21
272,17,22
273,17,23
274,18,0
275,18,1
276,18,2
277,18,3
278,18,4
279,18,5
280,18,14
281,18,15
282,18,16
283,18,17
284,18,18
285,18,19
286,18,20
287,18,21
288,18,22
289,18,23
290,19,0
291,19,1
292,19,2
293,19,3
294,19,4
295,19,5
296,19,14
297,19,15
298,19,16
299,19,17
300,19,18
301,19,19
302,19,20
303,19,21
304,19,22
305,19,23
306,20,0
307,20,1
308,20,2
309,20,3
310,20,4
311,20,5
312,20,14
313,20,15
314,20,16
315,20,17
316,20,18
317,20,19
318,20,20
319,20,21
320,20,22
321,20,23
322,21,0
323,21,1
324,21,2
325,21,3
326,21,4
327,21,5
328,21,14
329,21,15
330,21,16
331,21,17
332,21,18
333,21,19
334,21,20
335,21,21
336,21,22
337,21,23
338,22,0
339,22,1
340,22,2
341,22,3
342,22,4
343,22,5
344,22,14
345,22,15
346,22,16
347,22,17
348,22,18
349,22,19
350,22,20
351,22,21
352,22,22
353,22,23
354,23,0
355,23,1
356,23,2
357,23,3
358,23,4
359,23,5
360,23,15
361,23,16
362,23,17
363,23,18
364,23,19
365,23,20
366,23,21
367,23,22
368,23,23
369,24,0
370,24,1
371,24,2
372,24,3
373,24,4
374,24,5
375,24,14
376,24,15
377,24,16
378,24,17
379,24,18
380,24,19
381,24,20
382,24,21
383,24,22
384,24,23
385,25,0
386,25,1
387,25,2
388,25,3
389,25,4
390,25,5
391,25,15
392,25,16
393,25,17
394,25,18
395,25,19
396,25,20
397,25,21
398,25,22
399,25,23
400,26,0
401,26,1
402,26,2
403,26,3
404,26,4
405,26,5
406,26,15
407,26,16
408,26,17
409,26,18
410,26,19
411,26,20
412,26,21
413,26,22
414,26,23
415,27,0
416,27,1
417,27,2
418,27,3
419,27,4
420,27,5
421,27,15
422,27,16
423,27,17
424,27,18
425,27,19
426,27,20
427,27,21
428,27,22
429,27,23
430,28,0
431,28,1
432,28,2
433,28,3
434,28,4
435,28,5
436,28,15
437,28,16
438,28,17
439,28,18
440,28,19
441,28,20
442,28,21
443,28,22
444,28,23
445,29,0
446,29,1
447,29,2
448,29,3
449,29,4
450,29,5
451,29,15
452,29,16
453,29,17
454,29,18
455,29,19
456,29,20
457,29,21
458,29,22
459,29,23
460,30,0
461,30,1
462,30,2
463,30,3
464,30,4
465,30,5
466,30,15
467,30,16
468,30,17
469,30,18
470,30,19
471,30,20
472,30,21
473,30,22
474,30,23
475,31,0
476,31,1
477,31,2
478,31,3
479,31,4
480,31,5
481,31,15
482,31,16
483,31,17
484,31,18
485,31,19
486,31,20
487,31,21
488,31,22
489,31,23
490,32,0
491,32,1
492,32,2
493,32,3
494,32,4
495,32,5
496,32,15
497,32,16
498,32,17
499,32,18
500,32,19
501,32,20
502,32,21
503,32,22
504,32,23
505,33,0
506,33,1
507,33,2
508,33,3
509,33,4
510,33,5
511,33,15
512,33,16
513,33,17
514,33,18
515,33,19
516,33,20
517,33,21
518,33,22
519,33,23
520,34,0
521,34,1
522,34,2
523,34,3
524,34,4
525,34,5
526,34,15
527,34,16
528,34,17
529,34,18
530,34,19
531,34,20
532,34,21
533,34,22
534,34,23
535,35,0
536,35,1
537,35,2
538,35,3
539,35,4
540,35,5
541,35,15
542,35,16
543,35,17
544,35,18
545,35,19
546,35,20
547,35,21
548,35,22
549,35,23
550,36,0
551,36,1
552,36,2
553,36,3
554,36,4
555,36,5
556,36,15
557,36,16
558,36,17
559,36,18
560,36,19
561,36,20
562,36,21
563,36,22
564,36,23
565,37,0
566,37,1
567,37,2
568,37,3
569,37,4
570,37,5
571,37,15
572,37,16
573,37,17
574,37,18
575,37,19
576,37,20
577,37,21
578,37,22
579,37,23
580,38,0
581,38,1
582,38,2
583,38,3
584,38,4
585,38,5
586,38,15
587,38,16
588,38,17
589,38,18
590,38,19
591,38,20
592,38,21
593,38,22
594,38,23
595,39,0
596,39,1
597,39,2
598,39,3
599,39,4
600,39,5
601,39,15
602,39,16
603,39,17
604,39,18
605,39,19
606,39,20
607,39,21
608,39,22
609,39,23
610,40,0
611,40,1
612,40,2
613,40,3
614,40,4
615,40,5
616,40,15
617,40,16
618,40,17
619,40,18
620,40,19
621,40,20
622,40,21
623,40,22
624,40,23
625,41,0
626,41,1
627,41,2
628,41,3
629,41,4
630,41,5
631,41,15
632,41,16
633,41,17
634,41,18
635,41,19
636,41,20
637,41,21
638,41,22
639,41,23
640,42,0
641,42,1
642,42,2
643,42,3
644,42,4
645,42,5
646,42,15
647,42,16
648,42,17
649,42,18
650,42,19
651,42,20
652,42,21
653,42,22
654,42,23
655,43,0
656,43,1
657,43,2
658,43,3
659,43,4
660,43,5
661,43,15
662,43,16
663,43,17
664,43,18
665,43,19
666,43,20
667,43,21
668,43,22
669,43,23
670,44,0
671,44,1
672,44,2
673,44,3
674,44,4
675,44,5
676,44,15
677,44,16
678,44,17
679,44,18
680,44,19
681,44,20
682,44,21
683,44,22
684,44,23
685,45,0
686,45,1
687,45,2
688,45,3
689,45,4
690,45,5
691,45,15
692,45,16
693,45,17
694,45,18
695,45,19
696,45,20
697,45,21
698,45,22
699,45,23
700,46,0
701,46,1
702,46,2
703,46,3
704,46,4
705,46,5
706,46,15
707,46,16
708,46,17
709,46,18
710,46,19
711,46,20
712,46,21
713,46,22
714,46,23
715,47,0
716,47,1
717,47,2
718,47,3
719,47,4
720,47,5
721,47,15
722,47,16
723,47,17
724,47,18
725,47,19
726,47,20
727,47,21
728,47,22
729,47,23
730,48,0
731,48,1
732,48,2
733,48,3
734,48,4
735,48,5
736,48,15
737,48,16
738,48,17
739,48,18
740,48,19
741,48,20
742,48,21
743,48,22
744,48,23
745,49,0
746,49,1
747,49,2
748,49,3
749,49,4
750,49,5
751,49,15
752,49,16
753,49,17
754,49,18
755,49,19
756,49,20
757,49,21
758,49,22
759,49,23
760,50,0
761,50,1
762,50,2
763,50,3
764,50,4
765,50,5
766,50,15
767,50,16
768,50,17
769,50,18
770,50,19
771,50,20
772,50,21
773,50,22
774,50,23
775,51,0
776,51,1
777,51,2
778,51,3
779,51,4
780,51,5
781,51,15
782,51,16
783,51,17
784,51,18
785,51,19
786,51,20
787,51,21
788,51,22
789,51,23
790,52,0
791,52,1
792,52,2
793,52,3
794,52,4
795,52,5
796,52,15
797,52,16
798,52,17
799,52,18
800,52,19
801,52,20
802,52,21
803,52,22
804,52,23
805,53,0
806,53,1
807,53,2
808,53,3
809,53,4
810,53,5
811,53,15
812,53,16
813,53,17
814,53,18
815,53,19
816,53,20
817,53,21
818,53,22
819,53,23
820,54,0
821,54,1
822,54,2
823,54,3
824,54,4
825,54,5
826,54,15
827,54,16
828,54,17
829,54,18
830,54,19
831,54,20
832,54,21
833,54,22
834,54,23
835,55,0
836,55,1
837,55,2
838,55,3
839,55,4
840,55,5
841,55,15
842,55,16
843,55,17
844,55,18
845,55,19
846,55,20
847,55,21
848,55,22
849,55,23
850,56,0
851,56,1
852,56,2
853,56,3
854,56,4
855,56,5
856,56,15
857,56,16
858,56,17
859,56,18
860,56,19
861,56,20
862,56,21
863,56,22
864,56,23
865,57,0
866,57,1
867,57,2
868,57,3
869,57,4
870,57,5
871,57,15
872,57,16
873,57,17
874,57,18
875,57,19
876,57,20
877,57,21
878,57,22
879,57,23
880,58,0
881,58,1
882,58,2
883,58,3
884,58,4
885,58,15
886,58,16
887,58,17
888,58,18
889,58,19
890,58,20
891,58,21
892,58,22
893,58,23
894,59,0
895,59,1
896,59,2
897,59,3
898,59,4
899,59,15
900,59,16
901,59,17
902,59,18
903,59,19
904,59,20
905,59,21
906,59,22
907,59,23
908,60,0
909,60,1
910,60,2
911,60,3
912,60,4
913,60,15
914,60,16
915,60,17
916,60,18
917,60,19
918,60,20
919,60,21
920,60,22
921,60,23
922,61,0
923,61,1
924,61,2
925,61,3
926,61,4
927,61,15
928,61,16
929,61,17
930,61,18
931,61,19
932,61,20
933,61,21
934,61,22
935,61,23
936,62,0
937,62,1
938,62,2
939,62,3
940,62,4
941,62,15
942,62,16
943,62,17
944,62,18
945,62,19
946,62,20
947,62,21
948,62,22
949,62,23
950,63,0
951,63,1
952,63,2
953,63,3
954,63,4
955,63,15
956,63,16
957,63,17
958,63,18
959,63,19
960,63,20
961,63,21
962,63,22
963,63,23
964,64,0
965,64,1
966,64,2
967,64,3
968,64,4
969,64,15
970,64,16
971,64,17
972,64,18
973,64,19
974,64,20
975,64,21
976,64,22
977,64,23
978,65,0
979,65,1
980,65,2
981,65,3
982,65,4
983,65,15
984,65,16
985,65,17
986,65,18
987,65,19
988,65,20
989,65,21
990,65,22
991,65,23
992,66,0
993,66,1
994,66,2
995,66,3
996,66,4
997,66,15
998,66,16
999,66,17
1000,66,18
1001,66,19
1002,66,20
1003,66,21
1004,66,22
1005,66,23
1006,67,0
1007,67,1
1008,67,2
1009,67,3
1010,67,4
1011,67,15
1012,67,16
1013,67,17
1014,67,18
1015,67,19
1016,67,20
1017,67,21
1018,67,22
1019,67,23
1020,68,0
1021,68,1
1022,68,2
1023,68,3
1024,68,4
1025,68,15
1026,68,16
1027,68,17
1028,68,18
1029,68,19
1030,68,20
1031,68,21
1032,68,22
1033,68,23
1034,69,0
1035,69,1
1036,69,2
1037,69,3
1038,69,4
1039,69,15
1040,69,16
1041,69,17
1042,69,18
1043,69,19
1044,69,20
1045,69,21
1046,69,22
1047,69,23
1048,70,0
1049,70,1
1050,70,2
1051,70,3
1052,70,4
1053,70,15
1054,70,16
1055,70,17
1056,70,18
1057,70,19
1058,70,20
1059,70,21
1060,70,22
1061,70,23
1062,71,0
1063,71,1
1064,71,2
1065,71,3
1066,71,4
1067,71,16
1068,71,17
1069,71,18
1070,71,19
1071,71,20
1072,71,21
1073,71,22
1074,71,23
1075,72,0
1076,72,1
1077,72,2
1078,72,3
1079,72,4
1080,72,16
1081,72,17
1082,72,18
1083,72,19
1084,72,20
1085,72,21
1086,72,22
1087,72,23
1088,73,0
1089,73,1
1090,73,2
1091,73,3
1092,73,4
1093,73,16
1094,73,17
1095,73,18
1096,73,19
1097,73,20
1098,73,21
1099,73,22
1100,73,23
1101,74,0
1102,74,1
1103,74,2
1104,74,3
1105,74,4
1106,74,16
1107,74,17
1108,74,18
1109,74,19
1110,74,20
1111,74,21
1112,74,22
1113,74,23
1114,75,0
1115,75,1
1116,75,2
1117,75,3
1118,75,4
1119,75,16
1120,75,17
1121,75,18
1122,75,19
1123,75,20
1124,75,21
1125,75,22
1126,75,23
1127,76,0
1128,76,1
1129,76,2
1130,76,3
1131,76,4
1132,76,16
1133,76,17
1134,76,18
1135,76,19
1136,76,20
1137,76,21
1138,76,22
1139,76,23
1140,77,0
1141,77,1
1142,77,2
1143,77,3
1144,77,4
1145,77,16
1146,77,17
1147,77,18
1148,77,19
1149,77,20
1150,77,21
1151,77,22
1152,77,23
1153,78,0
1154,78,1
1155,78,2
1156,78,3
1157,78,4
1158,78,16
1159,78,17
1160,78,18
1161,78,19
1162,78,20
1163,78,21
1164,78,22
1165,78,23
1166,79,0
1167,79,1
1168,79,2
1169,79,3
1170,79,4
1171,79,16
1172,79,17
1173,79,18
1174,79,19
1175,79,20
1176,79,21
1177,79,22
1178,79,23
1179,80,0
1180,80,1
1181,80,2
1182,80,3
1183,80,4
1184,80,16
1185,80,17
1186,80,18
1187,80,19
1188,80,20
1189,80,21
1190,80,22
1191,80,23
1192,81,0
1193,81,1
1194,81,2
1195,81,3
1196,81,4
1197,81,16
1198,81,17
1199,81,18
1200,81,19
1201,81,20
1202,81,21
1203,81,22
1204,81,23
1205,82,0
1206,82,1
1207,82,2
1208,82,3
1209,82,4
1210,82,16
1211,82,17
1212,82,18
1213,82,19
1214,82,20
1215,82,21
1216,82,22
1217,82,23
1218,83,0
1219,83,1
1220,83,2
1221,83,3
1222,83,4
1223,83,16
1224,83,17
1225,83,18
1226,83,19
1227,83,20
1228,83,21
1229,83,22
1230,83,23
1231,84,0
1232,84,1
1233,84,2
1234,84,3
1235,84,4
1236,84,16
1237,84,17
1238,84,18
1239,84,19
1240,84,20
1241,84,21
1242,84,22
1243,84,23
1244,85,0
1245,85,1
1246,85,2
1247,85,3
1248,85,4
1249,85,16
1250,85,17
1251,85,18
1252,85,19
1253,85,20
1254,85,21
1255,85,22
1256,85,23
1257,86,0
1258,86,1
1259,86,2
1260,86,3
1261,86,4
1262,86,16
1263,86,17
1264,86,18
1265,86,19
1266,86,20
1267,86,21
1268,86,22
1269,86,23
1270,87,0
1271,87,1
1272,87,2
1273,87,3
1274,87,4
1275,87,16
1276,87,17
1277,87,18
1278,87,19
1279,87,20
1280,87,21
1281,87,22
1282,87,23
1283,88,0
1284,88,1
1285,88,2
1286,88,3
1287,88,4
1288,88,16
1289,88,17
1290,88,18
1291,88,19
1292,88,20
1293,88,21
1294,88,22
1295,88,23
1296,89,0
1297,89,1
1298,89,2
1299,89,3
1300,89,4
1301,89,16
1302,89,17
1303,89,18
1304,89,19
1305,89,20
1306,89,21
1307,89,22
1308,89,23
1309,90,0
1310,90,1
1311,90,2
1312,90,3
1313,90,4
1314,90,16
1315,90,17
1316,90,18
1317,90,19
1318,90,20
1319,90,21
1320,90,22
1321,90,23
1322,91,0
1323,91,1
1324,91,2
1325,91,3
1326,91,4
1327,91,16
1328,91,17
1329,91,18
1330,91,19
1331,91,20
1332,91,21
1333,91,22
1334,91,23
1335,92,0
1336,92,1
1337,92,2
1338,92,3
1339,92,4
1340,92,16
1341,92,17
1342,92,18
1343,92,19
1344,92,20
1345,92,21
1346,92,22
1347,92,23
1348,93,0
1349,93,1
1350,93,2
1351,93,3
1352,93,4
1353,93,16
1354,93,17
1355,93,18
1356,93,19
1357,93,20
1358,93,21
1359,93,22
1360,93,23
1361,94,0
1362,94,1
1363,94,2
1364,94,3
1365,94,4
1366,94,16
1367,94,17
1368,94,18
1369,94,19
1370,94,20
1371,94,21
1372,94,22
1373,94,23
1374,95,0
1375,95,1
1376,95,2
1377,95,3
1378,95,4
1379,95,16
1380,95,17
1381,95,18
1382,95,19
1383,95,20
1384,95,21
1385,95,22
1386,95,23
1387,96,0
1388,96,1
1389,96,2
1390,96,3
1391,96,4
1392,96,16
1393,96,17
1394,96,18
1395,96,19
1396,96,20
1397,96,21
1398,96,22
1399,96,23
1400,97,0
1401,97,1
1402,97,2
1403,97,3
1404,97,4
1405,97,16
1406,97,17
1407,97,18
1408,97,19
1409,97,20
1410,97,21
1411,97,22
1412,97,23
1413,98,0
1414,98,1
1415,98,2
1416,98,3
1417,98,4
1418,98,16
1419,98,17
1420,98,18
1421,98,19
1422,98,20
1423,98,21
1424,98,22
1425,98,23
1426,99,0
1427,99,1
1428,99,2
1429,99,3
1430,99,4
1431,99,16
1432,99,17
1433,99,18
1434,99,19
1435,99,20
1436,99,21
1437,99,22
1438,99,23
1439,100,0
1440,100,1
1441,100,2
1442,100,3
1443,100,4
1444,100,16
1445,100,17
1446,100,18
1447,100,19
1448,100,20
1449,100,21
1450,100,22
1451,100,23
1452,101,0
1453,101,1
1454,101,2
1455,101,3
1456,101,4
1457,101,16
1458,101,17
1459,101,18
1460,101,19
1461,101,20
1462,101,21
1463,101,22
1464,101,23
1465,102,0
1466,102,1
1467,102,2
1468,102,3
1469,102,4
1470,102,16
1471,102,17
1472,102,18
1473,102,19
1474,102,20
1475,102,21
1476,102,22
1477,102,23
1478,103,0
1479,103,1
1480,103,2
1481,103,3
1482,103,4
1483,103,16
1484,103,17
1485,103,18
1486,103,19
1487,103,20
1488,103,21
1489,103,22
1490,103,23
1491,104,0
1492,104,1
1493,104,2
1494,104,3
1495,104,4
1496,104,16
1497,104,17
1498,104,18
1499,104,19
1500,104,20
1501,104,21
1502,104,22
1503,104,23
1504,105,0
1505,105,1
1506,105,2
1507,105,3
1508,105,4
1509,105,16
1510,105,17
1511,105,18
1512,105,19
1513,105,20
1514,105,21
1515,105,22
1516,105,23
1517,106,0
1518,106,1
1519,106,2
1520,106,3
1521,106,4
1522,106,16
1523,106,17
1524,106,18
1525,106,19
1526,106,20
1527,106,21
1528,106,22
1529,106,23
1530,107,0
1531,107,1
1532,107,2
1533,107,3
1534,107,4
1535,107,16
1536,107,17
1537,107,18
1538,107,19
1539,107,20
1540,107,21
1541,107,22
1542,107,23
1543,108,0
1544,108,1
1545,108,2
1546,108,3
1547,108,4
1548,108,16
1549,108,17
1550,108,18
1551,108,19
1552,108,20
1553,108,21
1554,108,22
1555,108,23
1556,109,0
1557,109,1
1558,109,2
1559,109,3
1560,109,4
1561,109,16
1562,109,17
1563,109,18
1564,109,19
1565,109,20
1566,109,21
1567,109,22
1568,109,23
1569,110,0
1570,110,1
1571,110,2
1572,110,3
1573,110,4
1574,110,16
1575,110,17
1576,110,18
1577,110,19
1578,110,20
1579,110,21
1580,110,22
1581,110,23
1582,111,0
1583,111,1
1584,111,2
1585,111,3
1586,111,4
1587,111,16
1588,111,17
1589,111,18
1590,111,19
1591,111,20
1592,111,21
1593,111,22
1594,111,23
1595,112,0
1596,112,1
1597,112,2
1598,112,3
1599,112,16
1600,112,17
1601,112,18
1602,112,19
1603,112,20
1604,112,21
1605,112,22
1606,112,23
1607,113,0
1608,113,1
1609,113,2
1610,113,3
1611,113,16
1612,113,17
1613,113,18
1614,113,19
1615,113,20
1616,113,21
1617,113,22
1618,113,23
1619,114,0
1620,114,1
1621,114,2
1622,114,3
1623,114,16
1624,114,17
1625,114,18
1626,114,19
1627,114,20
1628,114,21
1629,114,22
1630,114,23
1631,115,0
1632,115,1
1633,115,2
1634,115,3
1635,115,16
1636,115,17
1637,115,18
1638,115,19
1639,115,20
1640,115,21
1641,115,22
1642,115,23
1643,116,0
1644,116,1
1645,116,2
1646,116,3
1647,116,16
1648,116,17
1649,116,18
1650,116,19
1651,116,20
1652,116,21
1653,116,22
1654,116,23
1655,117,0
1656,117,1
1657,117,2
1658,117,3
1659,117,16
1660,117,17
1661,117,18
1662,117,19
1663,117,20
1664,117,21
1665,117,22
1666,117,23
1667,118,0
1668,118,1
1669,118,2
1670,118,3
1671,118,16
1672,118,17
1673,118,18
1674,118,19
1675,118,20
1676,118,21
1677,118,22
1678,118,23
1679,119,0
1680,119,1
1681,119,2
1682,119,3
1683,119,16
1684,119,17
1685,119,18
1686,119,19
1687,119,20
1688,119,21
1689,119,22
1690,119,23
1691,120,0
1692,120,1
1693,120,2
1694,120,3
1695,120,16
1696,120,17
1697,120,18
1698,120,19
1699,120,20
1700,120,21
1701,120,22
1702,120,23
1703,121,0
1704,121,1
1705,121,2
1706,121,3
1707,121,16
1708,121,17
1709,121,18
1710,121,19
1711,121,20
1712,121,21
1713,121,22
1714,121,23
1715,122,0
1716,122,1
1717,122,2
1718,122,3
1719,122,16
1720,122,17
1721,122,18
1722,122,19
1723,122,20
1724,122,21
1725,122,22
1726,122,23
1727,123,0
1728,123,1
1729,123,2
1730,123,3
1731,123,16
1732,123,17
1733,123,18
1734,123,19
1735,123,20
1736,123,21
1737,123,22
1738,123,23
1739,124,0
1740,124,1
1741,124,2
1742,124,3
1743,124,16
1744,124,17
1745,124,18
1746,124,19
1747,124,20
1748,124,21
1749,124,22
1750,124,23
1751,125,0
1752,125,1
1753,125,2
1754,125,3
1755,125,16
1756,125,17
1757,125,18
1758,125,19
1759,125,20
1760,125,21
1761,125,22
1762,125,23
1763,126,0
1764,126,1
1765,126,2
1766,126,3
1767,126,16
1768,126,17
1769,126,18
1770,126,19
1771,126,20
1772,126,21
1773,126,22
1774,126,23
1775,127,0
1776,127,1
1777,127,2
1778,127,3
1779,127,16
1780,127,17
1781,127,18
1782,127,19
1783,127,20
1784,127,21
1785,127,22
1786,127,23
1787,128,0
1788,128,1
1789,128,2
1790,128,3
1791,128,17
1792,128,18
1793,128,19
1794,128,20
1795,128,21
1796,128,22
1797,128,23
1798,129,0
1799,129,1
1800,129,2
1801,129,3
1802,129,17
1803,129,18
1804,129,19
1805,129,20
1806,129,21
1807,129,22
1808,129,23
1809,130,0
1810,130,1
1811,130,2
1812,130,3
1813,130,17
1814,130,18
1815,130,19
1816,130,20
1817,130,21
1818,130,22
1819,130,23
1820,131,0
1821,131,1
1822,131,2
1823,131,3
1824,131,17
1825,131,18
1826,131,19
1827,131,20
1828,131,21
1829,131,22
1830,131,23
1831,132,0
1832,132,1
1833,132,2
1834,132,3
1835,132,17
1836,132,18
1837,132,19
1838,132,20
1839,132,21
1840,132,22
1841,132,23
1842,133,0
1843,133,1
1844,133,2
1845,133,3
1846,133,17
1847,133,18
1848,133,19
1849,133,20
1850,133,21
1851,133,22
1852,133,23
1853,134,0
1854,134,1
1855,134,2
1856,134,3
1857,134,17
1858,134,18
1859,134,19
1860,134,20
1861,134,21
1862,134,22
1863,134,23
1864,135,0
1865,135,1
1866,135,2
1867,135,3
1868,135,17
1869,135,18
1870,135,19
1871,135,20
1872,135,21
1873,135,22
1874,135,23
1875,136,0
1876,136,1
1877,136,2
1878,136,3
1879,136,17
1880,136,18
1881,136,19
1882,136,20
1883,136,21
1884,136,22
1885,136,23
1886,137,0
1887,137,1
1888,137,2
1889,137,3
1890,137,17
1891,137,18
1892,137,19
1893,137,20
1894,137,21
1895,137,22
1896,137,23
1897,138,0
1898,138,1
1899,138,2
1900,138,3
1901,138,17
1902,138,18
1903,138,19
1904,138,20
1905,138,21
1906,138,22
1907,138,23
1908,139,0
1909,139,1
1910,139,2
1911,139,3
1912,139,17
1913,139,18
1914,139,19
1915,139,20
1916,139,21
1917,139,22
1918,139,23
1919,140,0
1920,140,1
1921,140,2
1922,140,3
1923,140,17
1924,140,18
1925,140,19
1926,140,20
1927,140,21
1928,140,22
1929,140,23
1930,141,0
1931,141,1
1932,141,2
1933,141,3
1934,141,17
1935,141,18
1936,141,19
1937,141,20
1938,141,21
1939,141,22
1940,141,23
1941,142,0
1942,142,1
1943,142,2
1944,142,3
1945,142,17
1946,142,18
1947,142,19
1948,142,20
1949,142,21
1950,142,22
1951,142,23
1952,143,0
1953,143,1
1954,143,2
1955,143,3
1956,143,17
1957,143,18
1958,143,19
1959,143,20
1960,143,21
1961,143,22
1962,143,23
1963,144,0
1964,144,1
1965,144,2
1966,144,3
1967,144,17
1968,144,18
1969,144,19
1970,144,20
1971,144,21
1972,144,22
1973,144,23
1974,145,0
1975,145,1
1976,145,2
1977,145,3
1978,145,17
1979,145,18
1980,145,19
1981,145,20
1982,145,21
1983,145,22
1984,145,23
1985,146,0
1986,146,1
1987,146,2
1988,146,3
1989,146,17
1990,146,18
1991,146,19
1992,146,20
1993,146,21
1994,146,22
1995,146,23
1996,147,0
1997,147,1
1998,147,2
1999,147,3
2000,147,17
2001,147,18
2002,147,19
2003,147,20
2004,147,21
2005,147,22
2006,147,23
2007,148,0
2008,148,1
2009,148,2
2010,148,3
2011,148,17
2012,148,18
2013,148,19
2014,148,20
2015,148,21
2016,148,22
2017,148,23
2018,149,0
2019,149,1
2020,149,2
2021,149,3
2022,149,17
2023,149,18
2024,149,19
2025,149,20
2026,149,21
2027,149,22
2028,149,23
2029,150,0
2030,150,1
2031,150,2
2032,150,3
2033,150,17
2034,150,18
2035,150,19
2036,150,20
2037,150,21
2038,150,22
2039,150,23
2040,151,0
2041,151,1
2042,151,2
2043,151,3
2044,151,17
2045,151,18
2046,151,19
2047,151,20
2048,151,21
2049,151,22
2050,151,23
2051,152,0
2052,152,1
2053,152,2
2054,152,3
2055,152,17
2056,152,18
2057,152,19
2058,152,20
2059,152,21
2060,152,22
2061,152,23
2062,153,0
2063,153,1
2064,153,2
2065,153,3
2066,153,17
2067,153,18
2068,153,19
2069,153,20
2070,153,21
2071,153,22
2072,153,23
2073,154,0
2074,154,1
2075,154,2
2076,154,3
2077,154,17
2078,154,18
2079,154,19
2080,154,20
2081,154,21
2082,154,22
2083,154,23
2084,155,0
2085,155,1
2086,155,2
2087,155,3
2088,155,17
2089,155,18
2090,155,19
2091,155,20
2092,155,21
2093,155,22
2094,155,23
2095,156,0
2096,156,1
2097,156,2
2098,156,3
2099,156,17
2100,156,18
2101,156,19
2102,156,20
2103,156,21
2104,156,22
2105,156,23
2106,157,0
2107,157,1
2108,157,2
2109,157,3
2110,157,17
2111,157,18
2112,157,19
2113,157,20
2114,157,21
2115,157,22
2116,157,23
2117,158,0
2118,158,1
2119,158,2
2120,158,3
2121,158,17
2122,158,18
2123,158,19
2124,158,20
2125,158,21
2126,158,22
2127,158,23
2128,159,0
2129,159,1
2130,159,2
2131,159,3
2132,159,17
2133,159,18
2134,159,19
2135,159,20
2136,159,21
2137,159,22
2138,159,23
2139,160,0
2140,160,1
2141,160,2
2142,160,3
2143,160,17
2144,160,18
2145,160,19
2146,160,20
2147,160,21
2148,160,22
2149,160,23
2150,161,0
2151,161,1
2152,161,2
2153,161,3
2154,161,17
2155,161,18
2156,161,19
2157,161,20
2158,161,21
2159,161,22
2160,161,23
2161,162,0
2162,162,1
2163,162,2
2164,162,3
2165,162,17
2166,162,18
2167,162,19
2168,162,20
2169,162,21
2170,162,22
2171,162,23
2172,163,0
2173,163,1
2174,163,2
2175,163,3
2176,163,17
2177,163,18
2178,163,19
2179,163,20
2180,163,21
2181,163,22
2182,163,23
2183,164,0
2184,164,1
2185,164,2
2186,164,3
2187,164,17
2188,164,18
2189,164,19
2190,164,20
2191,164,21
2192,164,22
2193,164,23
2194,165,0
2195,165,1
2196,165,2
2197,165,3
2198,165,17
2199,165,18
2200,165,19
2201,165,20
2202,165,21
2203,165,22
2204,165,23
2205,166,0
2206,166,1
2207,166,2
2208,166,3
2209,166,17
2210,166,18
2211,166,19
2212,166,20
2213,166,21
2214,166,22
2215,166,23
2216,167,0
2217,167,1
2218,167,2
2219,167,3
2220,167,17
2221,167,18
2222,167,19
2223,167,20
2224,167,21
2225,167,22
2226,167,23
2227,168,0
2228,168,1
2229,168,2
2230,168,3
2231,168,17
2232,168,18
2233,168,19
2234,168,20
2235,168,21
2236,168,22
2237,168,23
2238,169,0
2239,169,1
2240,169,2
2241,169,3
2242,169,17
2243,169,18
2244,169,19
2245,169,20
2246,169,21
2247,169,22
2248,169,23
2249,170,0
2250,170,1
2251,170,2
2252,170,3
2253,170,17
2254,170,18
2255,170,19
2256,170,20
2257,170,21
2258,170,22
2259,170,23
2260,171,0
2261,171,1
2262,171,2
2263,171,3
2264,171,17
2265,171,18
2266,171,19
2267,171,20
2268,171,21
2269,171,22
2270,171,23
2271,172,0
2272,172,1
2273,172,2
2274,172,3
2275,172,17
2276,172,18
2277,172,19
2278,172,20
2279,172,21
2280,172,22
2281,172,23
2282,173,0
2283,173,1
2284,173,2
2285,173,3
2286,173,17
2287,173,18
2288,173,19
2289,173,20
2290,173,21
2291,173,22
2292,173,23
2293,174,0
2294,174,1
2295,174,2
2296,174,3
2297,174,17
2298,174,18
2299,174,19
2300,174,20
2301,174,21
2302,174,22
2303,174,23
2304,175,0
2305,175,1
2306,175,2
2307,175,3
2308,175,17
2309,175,18
2310,175,19
2311,175,20
2312,175,21
2313,175,22
2314,175,23
2315,176,0
2316,176,1
2317,176,2
2318,176,3
2319,176,17
2320,176,18
2321,176,19
2322,176,20
2323,176,21
2324,176,22
2325,176,23
2326,177,0
2327,177,1
2328,177,2
2329,177,3
2330,177,17
2331,177,18
2332,177,19
2333,177,20
2334,177,21
2335,177,22
2336,177,23
2337,178,0
2338,178,1
2339,178,2
2340,178,3
2341,178,17
2342,178,18
2343,178,19
2344,178,20
2345,178,21
2346,178,22
2347,178,23
2348,179,0
2349,179,1
2350,179,2
2351,179,3
2352,179,17
2353,179,18
2354,179,19
2355,179,20
2356,179,21
2357,179,22
2358,179,23
2359,180,0
2360,180,1
2361,180,2
2362,180,3
2363,180,17
2364,180,18
2365,180,19
2366,180,20
2367,180,21
2368,180,22
2369,180,23
2370,181,0
2371,181,1
2372,181,2
2373,181,3
2374,181,17
2375,181,18
2376,181,19
2377,181,20
2378,181,21
2379,181,22
2380,181,23
2381,182,0
2382,182,1
2383,182,2
2384,182,3
2385,182,17
2386,182,18
2387,182,19
2388,182,20
2389,182,21
2390,182,22
2391,182,23
2392,183,0
2393,183,1
2394,183,2
2395,183,3
2396,183,17
2397,183,18
2398,183,19
2399,183,20
2400,183,21
2401,183,22
2402,183,23
2403,184,0
2404,184,1
2405,184,2
2406,184,3
2407,184,17
2408,184,18
2409,184,19
2410,184,20
2411,184,21
2412,184,22
2413,184,23
2414,185,0
2415,185,1
2416,185,2
2417,185,3
2418,185,17
2419,185,18
2420,185,19
2421,185,20
2422,185,21
2423,185,22
2424,185,23
2425,186,0
2426,186,1
2427,186,2
2428,186,3
2429,186,17
2430,186,18
2431,186,19
2432,186,20
2433,186,21
2434,186,22
2435,186,23
2436,187,0
2437,187,1
2438,187,2
2439,187,3
2440,187,17
2441,187,18
2442,187,19
2443,187,20
2444,187,21
2445,187,22
2446,187,23
2447,188,0
2448,188,1
2449,188,2
2450,188,3
2451,188,17
2452,188,18
2453,188,19
2454,188,20
2455,188,21
2456,188,22
2457,188,23
2458,189,0
2459,189,1
2460,189,2
2461,189,3
2462,189,17
2463,189,18
2464,189,19
2465,189,20
2466,189,21
2467,189,22
2468,189,23
2469,190,0
2470,190,1
2471,190,2
2472,190,3
2473,190,17
2474,190,18
2475,190,19
2476,190,20
2477,190,21
2478,190,22
2479,190,23
2480,191,0
2481,191,1
2482,191,2
2483,191,3
2484,191,17
2485,191,18
2486,191,19
2487,191,20
2488,191,21
2489,191,22
2490,191,23
2491,192,0
2492,192,1
2493,192,2
2494,192,3
2495,192,17
2496,192,18
2497,192,19
2498,192,20
2499,192,21
2500,192,22
2501,192,23
2502,193,0
2503,193,1
2504,193,2
2505,193,3
2506,193,17
2507,193,18
2508,193,19
2509,193,20
2510,193,21
2511,193,22
2512,193,23
2513,194,0
2514,194,1
2515,194,2
2516,194,3
2517,194,17
2518,194,18
2519,194,19
2520,194,20
2521,194,21
2522,194,22
2523,194,23
2524,195,0
2525,195,1
2526,195,2
2527,195,3
2528,195,17
2529,195,18
2530,195,19
2531,195,20
2532,195,21
2533,195,22
2534,195,23
2535,196,0
2536,196,1
2537,196,2
2538,196,3
2539,196,17
2540,196,18
2541,196,19
2542,196,20
2543,196,21
2544,196,22
2545,196,23
2546,197,0
2547,197,1
2548,197,2
2549,197,3
2550,197,17
2551,197,18
2552,197,19
2553,197,20
2554,197,21
2555,197,22
2556,197,23
2557,198,0
2558,198,1
2559,198,2
2560,198,3
2561,198,17
2562,198,18
2563,198,19
2564,198,20
2565,198,21
2566,198,22
2567,198,23
2568,199,0
2569,199,1
2570,199,2
2571,199,3
2572,199,17
2573,199,18
2574,199,19
2575,199,20
2576,199,21
2577,199,22
2578,199,23
2579,200,0
2580,200,1
2581,200,2
2582,200,3
2583,200,17
2584,200,18
2585,200,19
2586,200,20
2587,200,21
2588,200,22
2589,200,23
2590,201,0
2591,201,1
2592,201,2
2593,201,3
2594,201,17
2595,201,18
2596,201,19
2597,201,20
2598,201,21
2599,201,22
2600,201,23
2601,202,0
2602,202,1
2603,202,2
2604,202,3
2605,202,17
2606,202,18
2607,202,19
2608,202,20
2609,202,21
2610,202,22
2611,202,23
2612,203,0
2613,203,1
2614,203,2
2615,203,3
2616,203,17
2617,203,18
2618,203,19
2619,203,20
2620,203,21
2621,203,22
2622,203,23
2623,204,0
2624,204,1
2625,204,2
2626,204,3
2627,204,17
2628,204,18
2629,204,19
2630,204,20
2631,204,21
2632,204,22
2633,204,23
2634,205,0
2635,205,1
2636,205,2
2637,205,3
2638,205,17
2639,205,18
2640,205,19
2641,205,20
2642,205,21
2643,205,22
2644,205,23
2645,206,0
2646,206,1
2647,206,2
2648,206,3
2649,206,17
2650,206,18
2651,206,19
2652,206,20
2653,206,21
2654,206,22
2655,206,23
2656,207,0
2657,207,1
2658,207,2
2659,207,3
2660,207,17
2661,207,18
2662,207,19
2663,207,20
2664,207,21
2665,207,22
2666,207,23
2667,208,0
2668,208,1
2669,208,2
2670,208,3
2671,208,17
2672,208,18
2673,208,19
2674,208,20
2675,208,21
2676,208,22
2677,208,23
2678,209,0
2679,209,1
2680,209,2
2681,209,3
2682,209,17
2683,209,18
2684,209,19
2685,209,20
2686,209,21
2687,209,22
2688,209,23
2689,210,0
2690,210,1
2691,210,2
2692,210,3
2693,210,17
2694,210,18
2695,210,19
2696,210,20
2697,210,21
2698,210,22
2699,210,23
2700,211,0
2701,211,1
2702,211,2
2703,211,3
2704,211,17
2705,211,18
2706,211,19
2707,211,20
2708,211,21
2709,211,22
2710,211,23
2711,212,0
2712,212,1
2713,212,2
2714,212,3
2715,212,17
2716,212,18
2717,212,19
2718,212,20
2719,212,21
2720,212,22
2721,212,23
2722,213,0
2723,213,1
2724,213,2
2725,213,3
2726,213,17
2727,213,18
2728,213,19
2729,213,20
2730,213,21
2731,213,22
2732,213,23
2733,214,0
2734,214,1
2735,214,2
2736,214,3
2737,214,17
2738,214,18
2739,214,19
2740,214,20
2741,214,21
2742,214,22
2743,214,23
2744,215,0
2745,215,1
2746,215,2
2747,215,3
2748,215,17
2749,215,18
2750,215,19
2751,215,20
2752,215,21
2753,215,22
2754,215,23
2755,216,0
2756,216,1
2757,216,2
2758,216,3
2759,216,17
2760,216,18
2761,216,19
2762,216,20
2763,216,21
2764,216,22
2765,216,23
2766,217,0
2767,217,1
2768,217,2
2769,217,3
2770,217,17
2771,217,18
2772,217,19
2773,217,20
2774,217,21
2775,217,22
2776,217,23
2777,218,0
2778,218,1
2779,218,2
2780,218,3
2781,218,17
2782,218,18
2783,218,19
2784,218,20
2785,218,21
2786,218,22
2787,218,23
2788,219,0
2789,219,1
2790,219,2
2791,219,3
2792,219,17
2793,219,18
2794,219,19
2795,219,20
2796,219,21
2797,219,22
2798,219,23
2799,220,0
2800,220,1
2801,220,2
2802,220,3
2803,220,17
2804,220,18
2805,220,19
2806,220,20
2807,220,21
2808,220,22
2809,220,23
2810,221,0
2811,221,1
2812,221,2
2813,221,3
2814,221,17
2815,221,18
2816,221,19
2817,221,20
2818,221,21
2819,221,22
2820,221,23
2821,222,0
2822,222,1
2823,222,2
2824,222,3
2825,222,16
2826,222,17
2827,222,18
2828,222,19
2829,222,20
2830,222,21
2831,222,22
2832,222,23
2833,223,0
2834,223,1
2835,223,2
2836,223,3
2837,223,16
2838,223,17
2839,223,18
2840,223,19
2841,223,20
2842,223,21
2843,223,22
2844,223,23
2845,224,0
2846,224,1
2847,224,2
2848,224,3
2849,224,16
2850,224,17
2851,224,18
2852,224,19
2853,224,20
2854,224,21
2855,224,22
2856,224,23
2857,225,0
2858,225,1
2859,225,2
2860,225,3
2861,225,17
2862,225,18
2863,225,19
2864,225,20
2865,225,21
2866,225,22
2867,225,23
2868,226,0
2869,226,1
2870,226,2
2871,226,3
2872,226,17
2873,226,18
2874,226,19
2875,226,20
2876,226,21
2877,226,22
2878,226,23
2879,227,0
2880,227,1
2881,227,2
2882,227,3
2883,227,16
2884,227,17
2885,227,18
2886,227,19
2887,227,20
2888,227,21
2889,227,22
2890,227,23
2891,228,0
2892,228,1
2893,228,2
2894,228,3
2895,228,16
2896,228,17
2897,228,18
2898,228,19
2899,228,20
2900,228,21
2901,228,22
2902,228,23
2903,229,0
2904,229,1
2905,229,2
2906,229,3
2907,229,16
2908,229,17
2909,229,18
2910,229,19
2911,229,20
2912,229,21
2913,229,22
2914,229,23
2915,230,0
2916,230,1
2917,230,2
2918,230,3
2919,230,16
2920,230,17
2921,230,18
2922,230,19
2923,230,20
2924,230,21
2925,230,22
2926,230,23
2927,231,0
2928,231,1
2929,231,2
2930,231,3
2931,231,16
2932,231,17
2933,231,18
2934,231,19
2935,231,20
2936,231,21
2937,231,22
2938,231,23
2939,232,0
2940,232,1
2941,232,2
2942,232,3
2943,232,16
2944,232,17
2945,232,18
2946,232,19
2947,232,20
2948,232,21
2949,232,22
2950,232,23
2951,233,0
2952,233,1
2953,233,2
2954,233,3
2955,233,16
2956,233,17
2957,233,18
2958,233,19
2959,233,20
2960,233,21
2961,233,22
2962,233,23
2963,234,0
2964,234,1
2965,234,2
2966,234,3
2967,234,16
2968,234,17
2969,234,18
2970,234,19
2971,234,20
2972,234,21
2973,234,22
2974,234,23
2975,235,0
2976,235,1
2977,235,2
2978,235,3
2979,235,16
2980,235,17
2981,235,18
2982,235,19
2983,235,20
2984,235,21
2985,235,22
2986,235,23
2987,236,0
2988,236,1
2989,236,2
2990,236,3
2991,236,16
2992,236,17
2993,236,18
2994,236,19
2995,236,20
2996,236,21
2997,236,22
2998,236,23
2999,237,0
3000,237,1
3001,237,2
3002,237,3
3003,237,16
3004,237,17
3005,237,18
3006,237,19
3007,237,20
3008,237,21
3009,237,22
3010,237,23
3011,238,0
3012,238,1
3013,238,2
3014,238,3
3015,238,16
3016,238,17
3017,238,18
3018,238,19
3019,238,20
3020,238,21
3021,238,22
3022,238,23
3023,239,0
3024,239,1
3025,239,2
3026,239,3
3027,239,16
3028,239,17
3029,239,18
3030,239,19
3031,239,20
3032,239,21
3033,239,22
3034,239,23
3035,240,0
3036,240,1
3037,240,2
3038,240,3
3039,240,4
3040,240,16
3041,240,17
3042,240,18
3043,240,19
3044,240,20
3045,240,21
3046,240,22
3047,240,23
3048,241,0
3049,241,1
3050,241,2
3051,241,3
3052,241,4
3053,241,16
3054,241,17
3055,241,18
3056,241,19
3057,241,20
3058,241,21
3059,241,22
3060,241,23
3061,242,0
3062,242,1
3063,242,2
3064,242,3
3065,242,4
3066,242,16
3067,242,17
3068,242,18
3069,242,19
3070,242,20
3071,242,21
3072,242,22
3073,242,23
3074,243,0
3075,243,1
3076,243,2
3077,243,3
3078,243,4
3079,243,16
3080,243,17
3081,243,18
3082,243,19
3083,243,20
3084,243,21
3085,243,22
3086,243,23
3087,244,0
3088,244,1
3089,244,2
3090,244,3
3091,244,4
3092,244,16
3093,244,17
3094,244,18
3095,244,19
3096,244,20
3097,244,21
3098,244,22
3099,244,23
3100,245,0
3101,245,1
3102,245,2
3103,245,3
3104,245,4
3105,245,16
3106,245,17
3107,245,18
3108,245,19
3109,245,20
3110,245,21
3111,245,22
3112,245,23
3113,246,0
3114,246,1
3115,246,2
3116,246,3
3117,246,4
3118,246,16
3119,246,17
3120,246,18
3121,246,19
3122,246,20
3123,246,21
3124,246,22
3125,246,23
3126,247,0
3127,247,1
3128,247,2
3129,247,3
3130,247,4
3131,247,16
3132,247,17
3133,247,18
3134,247,19
3135,247,20
3136,247,21
3137,247,22
3138,247,23
3139,248,0
3140,248,1
3141,248,2
3142,248,3
3143,248,4
3144,248,16
3145,248,17
3146,248,18
3147,248,19
3148,248,20
3149,248,21
3150,248,22
3151,248,23
3152,249,0
3153,249,1
3154,249,2
3155,249,3
3156,249,4
3157,249,16
3158,249,17
3159,249,18
3160,249,19
3161,249,20
3162,249,21
3163,249,22
3164,249,23
3165,250,0
3166,250,1
3167,250,2
3168,250,3
3169,250,4
3170,250,16
3171,250,17
3172,250,18
3173,250,19
3174,250,20
3175,250,21
3176,250,22
3177,250,23
3178,251,0
3179,251,1
3180,251,2
3181,251,3
3182,251,4
3183,251,16
3184,251,17
3185,251,18
3186,251,19
3187,251,20
3188,251,21
3189,251,22
3190,251,23
3191,252,0
3192,252,1
3193,252,2
3194,252,3
3195,252,4
3196,252,16
3197,252,17
3198,252,18
3199,252,19
3200,252,20
3201,252,21
3202,252,22
3203,252,23
3204,253,0
3205,253,1
3206,253,2
3207,253,3
3208,253,4
3209,253,16
3210,253,17
3211,253,18
3212,253,19
3213,253,20
3214,253,21
3215,253,22
3216,253,23
3217,254,0
3218,254,1
3219,254,2
3220,254,3
3221,254,4
3222,254,16
3223,254,17
3224,254,18
3225,254,19
3226,254,20
3227,254,21
3228,254,22
3229,254,23
3230,255,0
3231,255,1
3232,255,2
3233,255,3
3234,255,4
3235,255,16
3236,255,17
3237,255,18
3238,255,19
3239,255,20
3240,255,21
3241,255,22
3242,255,23
3243,256,0
3244,256,1
3245,256,2
3246,256,3
3247,256,4
3248,256,16
3249,256,17
3250,256,18
3251,256,19
3252,256,20
3253,256,21
3254,256,22
3255,256,23
3256,257,0
3257,257,1
3258,257,2
3259,257,3
3260,257,4
3261,257,16
3262,257,17
3263,257,18
3264,257,19
3265,257,20
3266,257,21
3267,257,22
3268,257,23
3269,258,0
3270,258,1
3271,258,2
3272,258,3
3273,258,4
3274,258,16
3275,258,17
3276,258,18
3277,258,19
3278,258,20
3279,258,21
3280,258,22
3281,258,23
3282,259,0
3283,259,1
3284,259,2
3285,259,3
3286,259,4
3287,259,16
3288,259,17
3289,259,18
3290,259,19
3291,259,20
3292,259,21
3293,259,22
3294,259,23
3295,260,0
3296,260,1
3297,260,2
3298,260,3
3299,260,4
3300,260,16
3301,260,17
3302,260,18
3303,260,19
3304,260,20
3305,260,21
3306,260,22
3307,260,23
3308,261,0
3309,261,1
3310,261,2
3311,261,3
3312,261,4
3313,261,16
3314,261,17
3315,261,18
3316,261,19
3317,261,20
3318,261,21
3319,261,22
3320,261,23
3321,262,0
3322,262,1
3323,262,2
3324,262,3
3325,262,4
3326,262,16
3327,262,17
3328,262,18
3329,262,19
3330,262,20
3331,262,21
3332,262,22
3333,262,23
3334,263,0
3335,263,1
3336,263,2
3337,263,3
3338,263,4
3339,263,16
3340,263,17
3341,263,18
3342,263,19
3343,263,20
3344,263,21
3345,263,22
3346,263,23
3347,264,0
3348,264,1
3349,264,2
3350,264,3
3351,264,4
3352,264,16
3353,264,17
3354,264,18
3355,264,19
3356,264,20
3357,264,21
3358,264,22
3359,264,23
3360,265,0
3361,265,1
3362,265,2
3363,265,3
3364,265,4
3365,265,16
3366,265,17
3367,265,18
3368,265,19
3369,265,20
3370,265,21
3371,265,22
3372,265,23
3373,266,0
3374,266,1
3375,266,2
3376,266,3
3377,266,4
3378,266,16
3379,266,17
3380,266,18
3381,266,19
3382,266,20
3383,266,21
3384,266,22
3385,266,23
3386,267,0
3387,267,1
3388,267,2
3389,267,3
3390,267,4
3391,267,16
3392,267,17
3393,267,18
3394,267,19
3395,267,20
3396,267,21
3397,267,22
3398,267,23
3399,268,0
3400,268,1
3401,268,2
3402,268,3
3403,268,4
3404,268,16
3405,268,17
3406,268,18
3407,268,19
3408,268,20
3409,268,21
3410,268,22
3411,268,23
3412,269,0
3413,269,1
3414,269,2
3415,269,3
3416,269,4
3417,269,16
3418,269,17
3419,269,18
3420,269,19
3421,269,20
3422,269,21
3423,269,22
3424,269,23
3425,270,0
3426,270,1
3427,270,2
3428,270,3
3429,270,4
3430,270,16
3431,270,17
3432,270,18
3433,270,19
3434,270,20
3435,270,21
3436,270,22
3437,270,23
3438,271,0
3439,271,1
3440,271,2
3441,271,3
3442,271,4
3443,271,16
3444,271,17
3445,271,18
3446,271,19
3447,271,20
3448,271,21
3449,271,22
3450,271,23
3451,272,0
3452,272,1
3453,272,2
3454,272,3
3455,272,4
3456,272,16
3457,272,17
3458,272,18
3459,272,19
3460,272,20
3461,272,21
3462,272,22
3463,272,23
3464,273,0
3465,273,1
3466,273,2
3467,273,3
3468,273,4
3469,273,16
3470,273,17
3471,273,18
3472,273,19
3473,273,20
3474,273,21
3475,273,22
3476,273,23
3477,274,0
3478,274,1
3479,274,2
3480,274,3
3481,274,4
3482,274,16
3483,274,17
3484,274,18
3485,274,19
3486,274,20
3487,274,21
3488,274,22
3489,274,23
3490,275,0
3491,275,1
3492,275,2
3493,275,3
3494,275,4
3495,275,16
3496,275,17
3497,275,18
3498,275,19
3499,275,20
3500,275,21
3501,275,22
3502,275,23
3503,276,0
3504,276,1
3505,276,2
3506,276,3
3507,276,4
3508,276,16
3509,276,17
3510,276,18
3511,276,19
3512,276,20
3513,276,21
3514,276,22
3515,276,23
3516,277,0
3517,277,1
3518,277,2
3519,277,3
3520,277,4
3521,277,16
3522,277,17
3523,277,18
3524,277,19
3525,277,20
3526,277,21
3527,277,22
3528,277,23
3529,278,0
3530,278,1
3531,278,2
3532,278,3
3533,278,4
3534,278,16
3535,278,17
3536,278,18
3537,278,19
3538,278,20
3539,278,21
3540,278,22
3541,278,23
3542,279,0
3543,279,1
3544,279,2
3545,279,3
3546,279,4
3547,279,15
3548,279,16
3549,279,17
3550,279,18
3551,279,19
3552,279,20
3553,279,21
3554,279,22
3555,279,23
3556,280,0
3557,280,1
3558,280,2
3559,280,3
3560,280,4
3561,280,15
3562,280,16
3563,280,17
3564,280,18
3565,280,19
3566,280,20
3567,280,21
3568,280,22
3569,280,23
3570,281,0
3571,281,1
3572,281,2
3573,281,3
3574,281,4
3575,281,15
3576,281,16
3577,281,17
3578,281,18
3579,281,19
3580,281,20
3581,281,21
3582,281,22
3583,281,23
3584,282,0
3585,282,1
3586,282,2
3587,282,3
3588,282,4
3589,282,15
3590,282,16
3591,282,17
3592,282,18
3593,282,19
3594,282,20
3595,282,21
3596,282,22
3597,282,23
3598,283,0
3599,283,1
3600,283,2
3601,283,3
3602,283,4
3603,283,15
3604,283,16
3605,283,17
3606,283,18
3607,283,19
3608,283,20
3609,283,21
3610,283,22
3611,283,23
3612,284,0
3613,284,1
3614,284,2
3615,284,3
3616,284,4
3617,284,15
3618,284,16
3619,284,17
3620,284,18
3621,284,19
3622,284,20
3623,284,21
3624,284,22
3625,284,23
3626,285,0
3627,285,1
3628,285,2
3629,285,3
3630,285,4
3631,285,15
3632,285,16
3633,285,17
3634,285,18
3635,285,19
3636,285,20
3637,285,21
3638,285,22
3639,285,23
3640,286,0
3641,286,1
3642,286,2
3643,286,3
3644,286,4
3645,286,15
3646,286,16
3647,286,17
3648,286,18
3649,286,19
3650,286,20
3651,286,21
3652,286,22
3653,286,23
3654,287,0
3655,287,1
3656,287,2
3657,287,3
3658,287,4
3659,287,15
3660,287,16
3661,287,17
3662,287,18
3663,287,19
3664,287,20
3665,287,21
3666,287,22
3667,287,23
3668,288,0
3669,288,1
3670,288,2
3671,288,3
3672,288,4
3673,288,5
3674,288,15
3675,288,16
3676,288,17
3677,288,18
3678,288,19
3679,288,20
3680,288,21
3681,288,22
3682,288,23
3683,289,0
3684,289,1
3685,289,2
3686,289,3
3687,289,4
3688,289,5
3689,289,15
3690,289,16
3691,289,17
3692,289,18
3693,289,19
3694,289,20
3695,289,21
3696,289,22
3697,289,23
3698,290,0
3699,290,1
3700,290,2
3701,290,3
3702,290,4
3703,290,5
3704,290,15
3705,290,16
3706,290,17
3707,290,18
3708,290,19
3709,290,20
3710,290,21
3711,290,22
3712,290,23
3713,291,0
3714,291,1
3715,291,2
3716,291,3
3717,291,4
3718,291,5
3719,291,15
3720,291,16
3721,291,17
3722,291,18
3723,291,19
3724,291,20
3725,291,21
3726,291,22
3727,291,23
3728,292,0
3729,292,1
3730,292,2
3731,292,3
3732,292,4
3733,292,5
3734,292,15
3735,292,16
3736,292,17
3737,292,18
3738,292,19
3739,292,20
3740,292,21
3741,292,22
3742,292,23
3743,293,0
3744,293,1
3745,293,2
3746,293,3
3747,293,4
3748,293,5
3749,293,15
3750,293,16
3751,293,17
3752,293,18
3753,293,19
3754,293,20
3755,293,21
3756,293,22
3757,293,23
3758,294,0
3759,294,1
3760,294,2
3761,294,3
3762,294,4
3763,294,5
3764,294,15
3765,294,16
3766,294,17
3767,294,18
3768,294,19
3769,294,20
3770,294,21
3771,294,22
3772,294,23
3773,295,0
3774,295,1
3775,295,2
3776,295,3
3777,295,4
3778,295,5
3779,295,15
3780,295,16
3781,295,17
3782,295,18
3783,295,19
3784,295,20
3785,295,21
3786,295,22
3787,295,23
3788,296,0
3789,296,1
3790,296,2
3791,296,3
3792,296,4
3793,296,5
3794,296,15
3795,296,16
3796,296,17
3797,296,18
3798,296,19
3799,296,20
3800,296,21
3801,296,22
3802,296,23
3803,297,0
3804,297,1
3805,297,2
3806,297,3
3807,297,4
3808,297,5
3809,297,15
3810,297,16
3811,297,17
3812,297,18
3813,297,19
3814,297,20
3815,297,21
3816,297,22
3817,297,23
3818,298,0
3819,298,1
3820,298,2
3821,298,3
3822,298,4
3823,298,5
3824,298,15
3825,298,16
3826,298,17
3827,298,18
3828,298,19
3829,298,20
3830,298,21
3831,298,22
3832,298,23
3833,299,0
3834,299,1
3835,299,2
3836,299,3
3837,299,4
3838,299,5
3839,299,15
3840,299,16
3841,299,17
3842,299,18
3843,299,19
3844,299,20
3845,299,21
3846,299,22
3847,299,23
3848,300,0
3849,300,1
3850,300,2
3851,300,3
3852,300,4
3853,300,5
3854,300,15
3855,300,16
3856,300,17
3857,300,18
3858,300,19
3859,300,20
3860,300,21
3861,300,22
3862,300,23
3863,301,0
3864,301,1
3865,301,2
3866,301,3
3867,301,4
3868,301,5
3869,301,15
3870,301,16
3871,301,17
3872,301,18
3873,301,19
3874,301,20
3875,301,21
3876,301,22
3877,301,23
3878,302,0
3879,302,1
3880,302,2
3881,302,3
3882,302,4
3883,302,5
3884,302,15
3885,302,16
3886,302,17
3887,302,18
3888,302,19
3889,302,20
3890,302,21
3891,302,22
3892,302,23
3893,303,0
3894,303,1
3895,303,2
3896,303,3
3897,303,4
3898,303,5
3899,303,15
3900,303,16
3901,303,17
3902,303,18
3903,303,19
3904,303,20
3905,303,21
3906,303,22
3907,303,23
3908,304,0
3909,304,1
3910,304,2
3911,304,3
3912,304,4
3913,304,5
3914,304,15
3915,304,16
3916,304,17
3917,304,18
3918,304,19
3919,304,20
3920,304,21
3921,304,22
3922,304,23
3923,305,0
3924,305,1
3925,305,2
3926,305,3
3927,305,4
3928,305,5
3929,305,15
3930,305,16
3931,305,17
3932,305,18
3933,305,19
3934,305,20
3935,305,21
3936,305,22
3937,305,23
3938,306,0
3939,306,1
3940,306,2
3941,306,3
3942,306,4
3943,306,5
3944,306,15
3945,306,16
3946,306,17
3947,306,18
3948,306,19
3949,306,20
3950,306,21
3951,306,22
3952,306,23
3953,307,0
3954,307,1
3955,307,2
3956,307,3
3957,307,4
3958,307,5
3959,307,15
3960,307,16
3961,307,17
3962,307,18
3963,307,19
3964,307,20
3965,307,21
3966,307,22
3967,307,23
3968,308,0
3969,308,1
3970,308,2
3971,308,3
3972,308,4
3973,308,5
3974,308,15
3975,308,16
3976,308,17
3977,308,18
3978,308,19
3979,308,20
3980,308,21
3981,308,22
3982,308,23
3983,309,0
3984,309,1
3985,309,2
3986,309,3
3987,309,4
3988,309,5
3989,309,15
3990,309,16
3991,309,17
3992,309,18
3993,309,19
3994,309,20
3995,309,21
3996,309,22
3997,309,23
3998,310,0
3999,310,1
4000,310,2
4001,310,3
4002,310,4
4003,310,5
4004,310,15
4005,310,16
4006,310,17
4007,310,18
4008,310,19
4009,310,20
4010,310,21
4011,310,22
4012,310,23
4013,311,0
4014,311,1
4015,311,2
4016,311,3
4017,311,4
4018,311,5
4019,311,15
4020,311,16
4021,311,17
4022,311,18
4023,311,19
4024,311,20
4025,311,21
4026,311,22
4027,311,23
4028,312,0
4029,312,1
4030,312,2
4031,312,3
4032,312,4
4033,312,5
4034,312,15
4035,312,16
4036,312,17
4037,312,18
4038,312,19
4039,312,20
4040,312,21
4041,312,22
4042,312,23
4043,313,0
4044,313,1
4045,313,2
4046,313,3
4047,313,4
4048,313,5
4049,313,15
4050,313,16
4051,313,17
4052,313,18
4053,313,19
4054,313,20
4055,313,21
4056,313,22
4057,313,23
4058,314,0
4059,314,1
4060,314,2
4061,314,3
4062,314,4
4063,314,5
4064,314,15
4065,314,16
4066,314,17
4067,314,18
4068,314,19
4069,314,20
4070,314,21
4071,314,22
4072,314,23
4073,315,0
4074,315,1
4075,315,2
4076,315,3
4077,315,4
4078,315,5
4079,315,15
4080,315,16
4081,315,17
4082,315,18
4083,315,19
4084,315,20
4085,315,21
4086,315,22
4087,315,23
4088,316,0
4089,316,1
4090,316,2
4091,316,3
4092,316,4
4093,316,5
4094,316,15
4095,316,16
4096,316,17
4097,316,18
4098,316,19
4099,316,20
4100,316,21
4101,316,22
4102,316,23
4103,317,0
4104,317,1
4105,317,2
4106,317,3
4107,317,4
4108,317,5
4109,317,15
4110,317,16
4111,317,17
4112,317,18
4113,317,19
4114,317,20
4115,317,21
4116,317,22
4117,317,23
4118,318,0
4119,318,1
4120,318,2
4121,318,3
4122,318,4
4123,318,5
4124,318,15
4125,318,16
4126,318,17
4127,318,18
4128,318,19
4129,318,20
4130,318,21
4131,318,22
4132,318,23
4133,319,0
4134,319,1
4135,319,2
4136,319,3
4137,319,4
4138,319,5
4139,319,15
4140,319,16
4141,319,17
4142,319,18
4143,319,19
4144,319,20
4145,319,21
4146,319,22
4147,319,23
4148,320,0
4149,320,1
4150,320,2
4151,320,3
4152,320,4
4153,320,5
4154,320,15
4155,320,16
4156,320,17
4157,320,18
4158,320,19
4159,320,20
4160,320,21
4161,320,22
4162,320,23
4163,321,0
4164,321,1
4165,321,2
4166,321,3
4167,321,4
4168,321,5
4169,321,15
4170,321,16
4171,321,17
4172,321,18
4173,321,19
4174,321,20
4175,321,21
4176,321,22
4177,321,23
4178,322,0
4179,322,1
4180,322,2
4181,322,3
4182,322,4
4183,322,5
4184,322,15
4185,322,16
4186,322,17
4187,322,18
4188,322,19
4189,322,20
4190,322,21
4191,322,22
4192,322,23
4193,323,0
4194,323,1
4195,323,2
4196,323,3
4197,323,4
4198,323,5
4199,323,15
4200,323,16
4201,323,17
4202,323,18
4203,323,19
4204,323,20
4205,323,21
4206,323,22
4207,323,23
4208,324,0
4209,324,1
4210,324,2
4211,324,3
4212,324,4
4213,324,5
4214,324,15
4215,324,16
4216,324,17
4217,324,18
4218,324,19
4219,324,20
4220,324,21
4221,324,22
4222,324,23
4223,325,0
4224,325,1
4225,325,2
4226,325,3
4227,325,4
4228,325,5
4229,325,15
4230,325,16
4231,325,17
4232,325,18
4233,325,19
4234,325,20
4235,325,21
4236,325,22
4237,325,23
4238,326,0
4239,326,1
4240,326,2
4241,326,3
4242,326,4
4243,326,5
4244,326,15
4245,326,16
4246,326,17
4247,326,18
4248,326,19
4249,326,20
4250,326,21
4251,326,22
4252,326,23
4253,327,0
4254,327,1
4255,327,2
4256,327,3
4257,327,4
4258,327,5
4259,327,14
4260,327,15
4261,327,16
4262,327,17
4263,327,18
4264,327,19
4265,327,20
4266,327,21
4267,327,22
4268,327,23
4269,328,0
4270,328,1
4271,328,2
4272,328,3
4273,328,4
4274,328,5
4275,328,14
4276,328,15
4277,328,16
4278,328,17
4279,328,18
4280,328,19
4281,328,20
4282,328,21
4283,328,22
4284,328,23
4285,329,0
4286,329,1
4287,329,2
4288,329,3
4289,329,4
4290,329,5
4291,329,14
4292,329,15
4293,329,16
4294,329,17
4295,329,18
4296,329,19
4297,329,20
4298,329,21
4299,329,22
4300,329,23
4301,330,0
4302,330,1
4303,330,2
4304,330,3
4305,330,4
4306,330,5
4307,330,14
4308,330,15
4309,330,16
4310,330,17
4311,330,18
4312,330,19
4313,330,20
4314,330,21
4315,330,22
4316,330,23
4317,331,0
4318,331,1
4319,331,2
4320,331,3
4321,331,4
4322,331,5
4323,331,14
4324,331,15
4325,331,16
4326,331,17
4327,331,18
4328,331,19
4329,331,20
4330,331,21
4331,331,22
4332,331,23
4333,332,0
4334,332,1
4335,332,2
4336,332,3
4337,332,4
4338,332,5
4339,332,15
4340,332,16
4341,332,17
4342,332,18
4343,332,19
4344,332,20
4345,332,21
4346,332,22
4347,332,23
4348,333,0
4349,333,1
4350,333,2
4351,333,3
4352,333,4
4353,333,5
4354,333,14
4355,333,15
4356,333,16
4357,333,17
4358,333,18
4359,333,19
4360,333,20
4361,333,21
4362,333,22
4363,333,23
4364,334,0
4365,334,1
4366,334,2
4367,334,3
4368,334,4
4369,334,5
4370,334,6
4371,334,14
4372,334,15
4373,334,16
4374,334,17
4375,334,18
4376,334,19
4377,334,20
4378,334,21
4379,334,22
4380,334,23
4381,335,0
4382,335,1
4383,335,2
4384,335,3
4385,335,4
4386,335,5
4387,335,6
4388,335,14
4389,335,15
4390,335,16
4391,335,17
4392,335,18
4393,335,19
4394,335,20
4395,335,21
4396,335,22
4397,335,23
4398,336,0
4399,336,1
4400,336,2
4401,336,3
4402,336,4
4403,336,5
4404,336,6
4405,336,14
4406,336,15
4407,336,16
4408,336,17
4409,336,18
4410,336,19
4411,336,20
4412,336,21
4413,336,22
4414,336,23
4415,337,0
4416,337,1
4417,337,2
4418,337,3
4419,337,4
4420,337,5
4421,337,6
4422,337,14
4423,337,15
4424,337,16
4425,337,17
4426,337,18
4427,337,19
4428,337,20
4429,337,21
4430,337,22
4431,337,23
4432,338,0
4433,338,1
4434,338,2
4435,338,3
4436,338,4
4437,338,5
4438,338,14
4439,338,15
4440,338,16
4441,338,17
4442,338,18
4443,338,19
4444,338,20
4445,338,21
4446,338,22
4447,338,23
4448,339,0
4449,339,1
4450,339,2
4451,339,3
4452,339,4
4453,339,5
4454,339,14
4455,339,15
4456,339,16
4457,339,17
4458,339,18
4459,339,19
4460,339,20
4461,339,21
4462,339,22
4463,339,23
4464,340,0
4465,340,1
4466,340,2
4467,340,3
4468,340,4
4469,340,5
4470,340,6
4471,340,14
4472,340,15
4473,340,16
4474,340,17
4475,340,18
4476,340,19
4477,340,20
4478,340,21
4479,340,22
4480,340,23
4481,341,0
4482,341,1
4483,341,2
4484,341,3
4485,341,4
4486,341,5
4487,341,6
4488,341,14
4489,341,15
4490,341,16
4491,341,17
4492,341,18
4493,341,19
4494,341,20
4495,341,21
4496,341,22
4497,341,23
4498,342,0
4499,342,1
4500,342,2
4501,342,3
4502,342,4
4503,342,5
4504,342,6
4505,342,14
4506,342,15
4507,342,16
4508,342,17
4509,342,18
4510,342,19
4511,342,20
4512,342,21
4513,342,22
4514,342,23
4515,343,0
4516,343,1
4517,343,2
4518,343,3
4519,343,4
4520,343,5
4521,343,6
4522,343,14
4523,343,15
4524,343,16
4525,343,17
4526,343,18
4527,343,19
4528,343,20
4529,343,21
4530,343,22
4531,343,23
4532,344,0
4533,344,1
4534,344,2
4535,344,3
4536,344,4
4537,344,5
4538,344,6
4539,344,14
4540,344,15
4541,344,16
4542,344,17
4543,344,18
4544,344,19
4545,344,20
4546,344,21
4547,344,22
4548,344,23
4549,345,0
4550,345,1
4551,345,2
4552,345,3
4553,345,4
4554,345,5
4555,345,14
4556,345,15
4557,345,16
4558,345,17
4559,345,18
4560,345,19
4561,345,20
4562,345,21
4563,345,22
4564,345,23
4565,346,0
4566,346,1
4567,346,2
4568,346,3
4569,346,4
4570,346,5
4571,346,6
4572,346,14
4573,346,15
4574,346,16
4575,346,17
4576,346,18
4577,346,19
4578,346,20
4579,346,21
4580,346,22
4581,346,23
4582,347,0
4583,347,1
4584,347,2
4585,347,3
4586,347,4
4587,347,5
4588,347,6
4589,347,14
4590,347,15
4591,347,16
4592,347,17
4593,347,18
4594,347,19
4595,347,20
4596,347,21
4597,347,22
4598,347,23
4599,348,0
4600,348,1
4601,348,2
4602,348,3
4603,348,4
4604,348,5
4605,348,6
4606,348,14
4607,348,15
4608,348,16
4609,348,17
4610,348,18
4611,348,19
4612,348,20
4613,348,21
4614,348,22
4615,348,23
4616,349,0
4617,349,1
4618,349,2
4619,349,3
4620,349,4
4621,349,5
4622,349,6
4623,349,14
4624,349,15
4625,349,16
4626,349,17
4627,349,18
4628,349,19
4629,349,20
4630,349,21
4631,349,22
4632,349,23
4633,350,0
4634,350,1
4635,350,2
4636,350,3
4637,350,4
4638,350,5
4639,350,6
4640,350,14
4641,350,15
4642,350,16
4643,350,17
4644,350,18
4645,350,19
4646,350,20
4647,350,21
4648,350,22
4649,350,23
4650,351,0
4651,351,1
4652,351,2
4653,351,3
4654,351,4
4655,351,5
4656,351,6
4657,351,14
4658,351,15
4659,351,16
4660,351,17
4661,351,18
4662,351,19
4663,351,20
4664,351,21
4665,351,22
4666,351,23
4667,352,0
4668,352,1
4669,352,2
4670,352,3
4671,352,4
4672,352,5
4673,352,6
4674,352,14
4675,352,15
4676,352,16
4677,352,17
4678,352,18
4679,352,19
4680,352,20
4681,352,21
4682,352,22
4683,352,23
4684,353,0
4685,353,1
4686,353,2
4687,353,3
4688,353,4
4689,353,5
4690,353,14
4691,353,15
4692,353,16
4693,353,17
4694,353,18
4695,353,19
4696,353,20
4697,353,21
4698,353,22
4699,353,23
4700,354,0
4701,354,1
4702,354,2
4703,354,3
4704,354,4
4705,354,5
4706,354,6
4707,354,14
4708,354,15
4709,354,16
4710,354,17
4711,354,18
4712,354,19
4713,354,20
4714,354,21
4715,354,22
4716,354,23
4717,355,0
4718,355,1
4719,355,2
4720,355,3
4721,355,4
4722,355,5
4723,355,6
4724,355,14
4725,355,15
4726,355,16
4727,355,17
4728,355,18
4729,355,19
4730,355,20
4731,355,21
4732,355,22
4733,355,23
4734,356,0
4735,356,1
4736,356,2
4737,356,3
4738,356,4
4739,356,5
4740,356,6
4741,356,14
4742,356,15
4743,356,16
4744,356,17
4745,356,18
4746,356,19
4747,356,20
4748,356,21
4749,356,22
4750,356,23
4751,357,0
4752,357,1
4753,357,2
4754,357,3
4755,357,4
4756,357,5
4757,357,6
4758,357,14
4759,357,15
4760,357,16
4761,357,17
4762,357,18
4763,357,19
4764,357,20
4765,357,21
4766,357,22
4767,357,23
4768,358,0
4769,358,1
4770,358,2
4771,358,3
4772,358,4
4773,358,5
4774,358,14
4775,358,15
4776,358,16
4777,358,17
4778,358,18
4779,358,19
4780,358,20
4781,358,21
4782,358,22
4783,358,23
4784,359,0
4785,359,1
4786,359,2
4787,359,3
4788,359,4
4789,359,5
4790,359,6
4791,359,14
4792,359,15
4793,359,16
4794,359,17
4795,359,18
4796,359,19
4797,359,20
4798,359,21
4799,359,22
4800,359,23
4801,360,0
4802,360,1
4803,360,2
4804,360,3
4805,360,4
4806,360,5
4807,360,14
4808,360,15
4809,360,16
4810,360,17
4811,360,18
4812,360,19
4813,360,20
4814,360,21
4815,360,22
4816,360,23
4817,361,0
4818,361,1
4819,361,2
4820,361,3
4821,361,4
4822,361,5
4823,361,6
4824,361,14
4825,361,15
4826,361,16
4827,361,17
4828,361,18
4829,361,19
4830,361,20
4831,361,21
4832,361,22
4833,361,23
4834,362,0
4835,362,1
4836,362,2
4837,362,3
4838,362,4
4839,362,5
4840,362,14
4841,362,15
4842,362,16
4843,362,17
4844,362,18
4845,362,19
4846,362,20
4847,362,21
4848,362,22
4849,362,23
4850,363,0
4851,363,1
4852,363,2
4853,363,3
4854,363,4
4855,363,5
4856,363,6
4857,363,14
4858,363,15
4859,363,16
4860,363,17
4861,363,18
4862,363,19
4863,363,20
4864,363,21
4865,363,22
4866,363,23
4867,364,0
4868,364,1
4869,364,2
4870,364,3
4871,364,4
4872,364,5
4873,364,6
4874,364,14
4875,364,15
4876,364,16
4877,364,17
4878,364,18
4879,364,19
4880,364,20
4881,364,21
4882,364,22
4883,364,23
4884,365,0
4885,365,1
4886,365,2
4887,365,3
4888,365,4
4889,365,5
4890,365,14
4891,365,15
4892,365,16
4893,365,17
4894,365,18
4895,365,19
4896,365,20
4897,365,21
4898,365,22
4899,365,23
