,day,hour
0,1,0
1,1,1
2,1,2
3,1,3
4,1,4
5,1,5
6,1,6
7,1,7
8,1,15
9,1,16
10,1,17
11,1,18
12,1,19
13,1,20
14,1,21
15,1,22
16,1,23
17,2,0
18,2,1
19,2,2
20,2,3
21,2,4
22,2,5
23,2,6
24,2,7
25,2,15
26,2,16
27,2,17
28,2,18
29,2,19
30,2,20
31,2,21
32,2,22
33,2,23
34,3,0
35,3,1
36,3,2
37,3,3
38,3,4
39,3,5
40,3,6
41,3,15
42,3,16
43,3,17
44,3,18
45,3,19
46,3,20
47,3,21
48,3,22
49,3,23
50,4,0
51,4,1
52,4,2
53,4,3
54,4,4
55,4,5
56,4,6
57,4,15
58,4,16
59,4,17
60,4,18
61,4,19
62,4,20
63,4,21
64,4,22
65,4,23
66,5,0
67,5,1
68,5,2
69,5,3
70,5,4
71,5,5
72,5,6
73,5,15
74,5,16
75,5,17
76,5,18
77,5,19
78,5,20
79,5,21
80,5,22
81,5,23
82,6,0
83,6,1
84,6,2
85,6,3
86,6,4
87,6,5
88,6,6
89,6,15
90,6,16
91,6,17
92,6,18
93,6,19
94,6,20
95,6,21
96,6,22
97,6,23
98,7,0
99,7,1
100,7,2
101,7,3
102,7,4
103,7,5
104,7,6
105,7,15
106,7,16
107,7,17
108,7,18
109,7,19
110,7,20
111,7,21
112,7,22
113,7,23
114,8,0
115,8,1
116,8,2
117,8,3
118,8,4
119,8,5
120,8,6
121,8,15
122,8,16
123,8,17
124,8,18
125,8,19
126,8,20
127,8,21
128,8,22
129,8,23
130,9,0
131,9,1
132,9,2
133,9,3
134,9,4
135,9,5
136,9,6
137,9,7
138,9,15
139,9,16
140,9,17
141,9,18
142,9,19
143,9,20
144,9,21
145,9,22
146,9,23
147,10,0
148,10,1
149,10,2
150,10,3
151,10,4
152,10,5
153,10,6
154,10,7
155,10,15
156,10,16
157,10,17
158,10,18
159,10,19
160,10,20
161,10,21
162,10,22
163,10,23
164,11,0
165,11,1
166,11,2
167,11,3
168,11,4
169,11,5
170,11,6
171,11,7
172,11,15
173,11,16
174,11,17
175,11,18
176,11,19
177,11,20
178,11,21
179,11,22
180,11,23
181,12,0
182,12,1
183,12,2
184,12,3
185,12,4
186,12,5
187,12,6
188,12,15
189,12,16
190,12,17
191,12,18
192,12,19
193,12,20
194,12,21
195,12,22
196,12,23
197,13,0
198,13,1
199,13,2
200,13,3
201,13,4
202,13,5
203,13,6
204,13,15
205,13,16
206,13,17
207,13,18
208,13,19
209,13,20
210,13,21
211,13,22
212,13,23
213,14,0
214,14,1
215,14,2
216,14,3
217,14,4
218,14,5
219,14,6
220,14,15
221,14,16
222,14,17
223,14,18
224,14,19
225,14,20
226,14,21
227,14,22
228,14,23
229,15,0
230,15,1
231,15,2
232,15,3
233,15,4
234,15,5
235,15,6
236,15,15
237,15,16
238,15,17
239,15,18
240,15,19
241,15,20
242,15,21
243,15,22
244,15,23
245,16,0
246,16,1
247,16,2
248,16,3
249,16,4
250,16,5
251,16,6
252,16,15
253,16,16
254,16,17
255,16,18
256,16,19
257,16,20
258,16,21
259,16,22
260,16,23
261,17,0
262,17,1
263,17,2
264,17,3
265,17,4
266,17,5
267,17,6
268,17,15
269,17,16
270,17,17
271,17,18
272,17,19
273,17,20
274,17,21
275,17,22
276,17,23
277,18,0
278,18,1
279,18,2
280,18,3
281,18,4
282,18,5
283,18,6
284,18,15
285,18,16
286,18,17
287,18,18
288,18,19
289,18,20
290,18,21
291,18,22
292,18,23
293,19,0
294,19,1
295,19,2
296,19,3
297,19,4
298,19,5
299,19,6
300,19,15
301,19,16
302,19,17
303,19,18
304,19,19
305,19,20
306,19,21
307,19,22
308,19,23
309,20,0
310,20,1
311,20,2
312,20,3
313,20,4
314,20,5
315,20,6
316,20,15
317,20,16
318,20,17
319,20,18
320,20,19
321,20,20
322,20,21
323,20,22
324,20,23
325,21,0
326,21,1
327,21,2
328,21,3
329,21,4
330,21,5
331,21,6
332,21,15
333,21,16
334,21,17
335,21,18
336,21,19
337,21,20
338,21,21
339,21,22
340,21,23
341,22,0
342,22,1
343,22,2
344,22,3
345,22,4
346,22,5
347,22,6
348,22,15
349,22,16
350,22,17
351,22,18
352,22,19
353,22,20
354,22,21
355,22,22
356,22,23
357,23,0
358,23,1
359,23,2
360,23,3
361,23,4
362,23,5
363,23,6
364,23,15
365,23,16
366,23,17
367,23,18
368,23,19
369,23,20
370,23,21
371,23,22
372,23,23
373,24,0
374,24,1
375,24,2
376,24,3
377,24,4
378,24,5
379,24,6
380,24,15
381,24,16
382,24,17
383,24,18
384,24,19
385,24,20
386,24,21
387,24,22
388,24,23
389,25,0
390,25,1
391,25,2
392,25,3
393,25,4
394,25,5
395,25,6
396,25,15
397,25,16
398,25,17
399,25,18
400,25,19
401,25,20
402,25,21
403,25,22
404,25,23
405,26,0
406,26,1
407,26,2
408,26,3
409,26,4
410,26,5
411,26,6
412,26,15
413,26,16
414,26,17
415,26,18
416,26,19
417,26,20
418,26,21
419,26,22
420,26,23
421,27,0
422,27,1
423,27,2
424,27,3
425,27,4
426,27,5
427,27,6
428,27,15
429,27,16
430,27,17
431,27,18
432,27,19
433,27,20
434,27,21
435,27,22
436,27,23
437,28,0
438,28,1
439,28,2
440,28,3
441,28,4
442,28,5
443,28,6
444,28,15
445,28,16
446,28,17
447,28,18
448,28,19
449,28,20
450,28,21
451,28,22
452,28,23
453,29,0
454,29,1
455,29,2
456,29,3
457,29,4
458,29,5
459,29,6
460,29,15
461,29,16
462,29,17
463,29,18
464,29,19
465,29,20
466,29,21
467,29,22
468,29,23
469,30,0
470,30,1
471,30,2
472,30,3
473,30,4
474,30,5
475,30,6
476,30,15
477,30,16
478,30,17
479,30,18
480,30,19
481,30,20
482,30,21
483,30,22
484,30,23
485,31,0
486,31,1
487,31,2
488,31,3
489,31,4
490,31,5
491,31,6
492,31,15
493,31,16
494,31,17
495,31,18
496,31,19
497,31,20
498,31,21
499,31,22
500,31,23
501,32,0
502,32,1
503,32,2
504,32,3
505,32,4
506,32,5
507,32,6
508,32,15
509,32,16
510,32,17
511,32,18
512,32,19
513,32,20
514,32,21
515,32,22
516,32,23
517,33,0
518,33,1
519,33,2
520,33,3
521,33,4
522,33,5
523,33,6
524,33,15
525,33,16
526,33,17
527,33,18
528,33,19
529,33,20
530,33,21
531,33,22
532,33,23
533,34,0
534,34,1
535,34,2
536,34,3
537,34,4
538,34,5
539,34,6
540,34,15
541,34,16
542,34,17
543,34,18
544,34,19
545,34,20
546,34,21
547,34,22
548,34,23
549,35,0
550,35,1
551,35,2
552,35,3
553,35,4
554,35,5
555,35,6
556,35,15
557,35,16
558,35,17
559,35,18
560,35,19
561,35,20
562,35,21
563,35,22
564,35,23
565,36,0
566,36,1
567,36,2
568,36,3
569,36,4
570,36,5
571,36,6
572,36,15
573,36,16
574,36,17
575,36,18
576,36,19
577,36,20
578,36,21
579,36,22
580,36,23
581,37,0
582,37,1
583,37,2
584,37,3
585,37,4
586,37,5
587,37,6
588,37,15
589,37,16
590,37,17
591,37,18
592,37,19
593,37,20
594,37,21
595,37,22
596,37,23
597,38,0
598,38,1
599,38,2
600,38,3
601,38,4
602,38,5
603,38,6
604,38,15
605,38,16
606,38,17
607,38,18
608,38,19
609,38,20
610,38,21
611,38,22
612,38,23
613,39,0
614,39,1
615,39,2
616,39,3
617,39,4
618,39,5
619,39,6
620,39,15
621,39,16
622,39,17
623,39,18
624,39,19
625,39,20
626,39,21
627,39,22
628,39,23
629,40,0
630,40,1
631,40,2
632,40,3
633,40,4
634,40,5
635,40,6
636,40,15
637,40,16
638,40,17
639,40,18
640,40,19
641,40,20
642,40,21
643,40,22
644,40,23
645,41,0
646,41,1
647,41,2
648,41,3
649,41,4
650,41,5
651,41,6
652,41,15
653,41,16
654,41,17
655,41,18
656,41,19
657,41,20
658,41,21
659,41,22
660,41,23
661,42,0
662,42,1
663,42,2
664,42,3
665,42,4
666,42,5
667,42,6
668,42,15
669,42,16
670,42,17
671,42,18
672,42,19
673,42,20
674,42,21
675,42,22
676,42,23
677,43,0
678,43,1
679,43,2
680,43,3
681,43,4
682,43,5
683,43,6
684,43,15
685,43,16
686,43,17
687,43,18
688,43,19
689,43,20
690,43,21
691,43,22
692,43,23
693,44,0
694,44,1
695,44,2
696,44,3
697,44,4
698,44,5
699,44,6
700,44,15
701,44,16
702,44,17
703,44,18
704,44,19
705,44,20
706,44,21
707,44,22
708,44,23
709,45,0
710,45,1
711,45,2
712,45,3
713,45,4
714,45,5
715,45,6
716,45,15
717,45,16
718,45,17
719,45,18
720,45,19
721,45,20
722,45,21
723,45,22
724,45,23
725,46,0
726,46,1
727,46,2
728,46,3
729,46,4
730,46,5
731,46,6
732,46,16
733,46,17
734,46,18
735,46,19
736,46,20
737,46,21
738,46,22
739,46,23
740,47,0
741,47,1
742,47,2
743,47,3
744,47,4
745,47,5
746,47,6
747,47,15
748,47,16
749,47,17
750,47,18
751,47,19
752,47,20
753,47,21
754,47,22
755,47,23
756,48,0
757,48,1
758,48,2
759,48,3
760,48,4
761,48,5
762,48,16
763,48,17
764,48,18
765,48,19
766,48,20
767,48,21
768,48,22
769,48,23
770,49,0
771,49,1
772,49,2
773,49,3
774,49,4
775,49,5
776,49,16
777,49,17
778,49,18
779,49,19
780,49,20
781,49,21
782,49,22
783,49,23
784,50,0
785,50,1
786,50,2
787,50,3
788,50,4
789,50,5
790,50,16
791,50,17
792,50,18
793,50,19
794,50,20
795,50,21
796,50,22
797,50,23
798,51,0
799,51,1
800,51,2
801,51,3
802,51,4
803,51,5
804,51,16
805,51,17
806,51,18
807,51,19
808,51,20
809,51,21
810,51,22
811,51,23
812,52,0
813,52,1
814,52,2
815,52,3
816,52,4
817,52,5
818,52,16
819,52,17
820,52,18
821,52,19
822,52,20
823,52,21
824,52,22
825,52,23
826,53,0
827,53,1
828,53,2
829,53,3
830,53,4
831,53,5
832,53,6
833,53,16
834,53,17
835,53,18
836,53,19
837,53,20
838,53,21
839,53,22
840,53,23
841,54,0
842,54,1
843,54,2
844,54,3
845,54,4
846,54,5
847,54,16
848,54,17
849,54,18
850,54,19
851,54,20
852,54,21
853,54,22
854,54,23
855,55,0
856,55,1
857,55,2
858,55,3
859,55,4
860,55,5
861,55,16
862,55,17
863,55,18
864,55,19
865,55,20
866,55,21
867,55,22
868,55,23
869,56,0
870,56,1
871,56,2
872,56,3
873,56,4
874,56,5
875,56,16
876,56,17
877,56,18
878,56,19
879,56,20
880,56,21
881,56,22
882,56,23
883,57,0
884,57,1
885,57,2
886,57,3
887,57,4
888,57,5
889,57,16
890,57,17
891,57,18
892,57,19
893,57,20
894,57,21
895,57,22
896,57,23
897,58,0
898,58,1
899,58,2
900,58,3
901,58,4
902,58,5
903,58,16
904,58,17
905,58,18
906,58,19
907,58,20
908,58,21
909,58,22
910,58,23
911,59,0
912,59,1
913,59,2
914,59,3
915,59,4
916,59,5
917,59,16
918,59,17
919,59,18
920,59,19
921,59,20
922,59,21
923,59,22
924,59,23
925,60,0
926,60,1
927,60,2
928,60,3
929,60,4
930,60,5
931,60,16
932,60,17
933,60,18
934,60,19
935,60,20
936,60,21
937,60,22
938,60,23
939,61,0
940,61,1
941,61,2
942,61,3
943,61,4
944,61,5
945,61,16
946,61,17
947,61,18
948,61,19
949,61,20
950,61,21
951,61,22
952,61,23
953,62,0
954,62,1
955,62,2
956,62,3
957,62,4
958,62,5
959,62,16
960,62,17
961,62,18
962,62,19
963,62,20
964,62,21
965,62,22
966,62,23
967,63,0
968,63,1
969,63,2
970,63,3
971,63,4
972,63,5
973,63,16
974,63,17
975,63,18
976,63,19
977,63,20
978,63,21
979,63,22
980,63,23
981,64,0
982,64,1
983,64,2
984,64,3
985,64,4
986,64,5
987,64,16
988,64,17
989,64,18
990,64,19
991,64,20
992,64,21
993,64,22
994,64,23
995,65,0
996,65,1
997,65,2
998,65,3
999,65,4
1000,65,5
1001,65,16
1002,65,17
1003,65,18
1004,65,19
1005,65,20
1006,65,21
1007,65,22
1008,65,23
1009,66,0
1010,66,1
1011,66,2
1012,66,3
1013,66,4
1014,66,5
1015,66,16
1016,66,17
1017,66,18
1018,66,19
1019,66,20
1020,66,21
1021,66,22
1022,66,23
1023,67,0
1024,67,1
1025,67,2
1026,67,3
1027,67,4
1028,67,5
1029,67,16
1030,67,17
1031,67,18
1032,67,19
1033,67,20
1034,67,21
1035,67,22
1036,67,23
1037,68,0
1038,68,1
1039,68,2
1040,68,3
1041,68,4
1042,68,5
1043,68,16
1044,68,17
1045,68,18
1046,68,19
1047,68,20
1048,68,21
1049,68,22
1050,68,23
1051,69,0
1052,69,1
1053,69,2
1054,69,3
1055,69,4
1056,69,5
1057,69,16
1058,69,17
1059,69,18
1060,69,19
1061,69,20
1062,69,21
1063,69,22
1064,69,23
1065,70,0
1066,70,1
1067,70,2
1068,70,3
1069,70,4
1070,70,5
1071,70,16
1072,70,17
1073,70,18
1074,70,19
1075,70,20
1076,70,21
1077,70,22
1078,70,23
1079,71,0
1080,71,1
1081,71,2
1082,71,3
1083,71,4
1084,71,5
1085,71,16
1086,71,17
1087,71,18
1088,71,19
1089,71,20
1090,71,21
1091,71,22
1092,71,23
1093,72,0
1094,72,1
1095,72,2
1096,72,3
1097,72,4
1098,72,5
1099,72,16
1100,72,17
1101,72,18
1102,72,19
1103,72,20
1104,72,21
1105,72,22
1106,72,23
1107,73,0
1108,73,1
1109,73,2
1110,73,3
1111,73,4
1112,73,5
1113,73,16
1114,73,17
1115,73,18
1116,73,19
1117,73,20
1118,73,21
1119,73,22
1120,73,23
1121,74,0
1122,74,1
1123,74,2
1124,74,3
1125,74,4
1126,74,5
1127,74,16
1128,74,17
1129,74,18
1130,74,19
1131,74,20
1132,74,21
1133,74,22
1134,74,23
1135,75,0
1136,75,1
1137,75,2
1138,75,3
1139,75,4
1140,75,5
1141,75,16
1142,75,17
1143,75,18
1144,75,19
1145,75,20
1146,75,21
1147,75,22
1148,75,23
1149,76,0
1150,76,1
1151,76,2
1152,76,3
1153,76,4
1154,76,5
1155,76,16
1156,76,17
1157,76,18
1158,76,19
1159,76,20
1160,76,21
1161,76,22
1162,76,23
1163,77,0
1164,77,1
1165,77,2
1166,77,3
1167,77,4
1168,77,5
1169,77,16
1170,77,17
1171,77,18
1172,77,19
1173,77,20
1174,77,21
1175,77,22
1176,77,23
1177,78,0
1178,78,1
1179,78,2
1180,78,3
1181,78,4
1182,78,5
1183,78,16
1184,78,17
1185,78,18
1186,78,19
1187,78,20
1188,78,21
1189,78,22
1190,78,23
1191,79,0
1192,79,1
1193,79,2
1194,79,3
1195,79,4
1196,79,5
1197,79,16
1198,79,17
1199,79,18
1200,79,19
1201,79,20
1202,79,21
1203,79,22
1204,79,23
1205,80,0
1206,80,1
1207,80,2
1208,80,3
1209,80,4
1210,80,5
1211,80,16
1212,80,17
1213,80,18
1214,80,19
1215,80,20
1216,80,21
1217,80,22
1218,80,23
1219,81,0
1220,81,1
1221,81,2
1222,81,3
1223,81,4
1224,81,5
1225,81,16
1226,81,17
1227,81,18
1228,81,19
1229,81,20
1230,81,21
1231,81,22
1232,81,23
1233,82,0
1234,82,1
1235,82,2
1236,82,3
1237,82,4
1238,82,5
1239,82,16
1240,82,17
1241,82,18
1242,82,19
1243,82,20
1244,82,21
1245,82,22
1246,82,23
1247,83,0
1248,83,1
1249,83,2
1250,83,3
1251,83,4
1252,83,5
1253,83,16
1254,83,17
1255,83,18
1256,83,19
1257,83,20
1258,83,21
1259,83,22
1260,83,23
1261,84,0
1262,84,1
1263,84,2
1264,84,3
1265,84,4
1266,84,5
1267,84,16
1268,84,17
1269,84,18
1270,84,19
1271,84,20
1272,84,21
1273,84,22
1274,84,23
1275,85,0
1276,85,1
1277,85,2
1278,85,3
1279,85,4
1280,85,5
1281,85,16
1282,85,17
1283,85,18
1284,85,19
1285,85,20
1286,85,21
1287,85,22
1288,85,23
1289,86,0
1290,86,1
1291,86,2
1292,86,3
1293,86,4
1294,86,5
1295,86,16
1296,86,17
1297,86,18
1298,86,19
1299,86,20
1300,86,21
1301,86,22
1302,86,23
1303,87,0
1304,87,1
1305,87,2
1306,87,3
1307,87,4
1308,87,5
1309,87,16
1310,87,17
1311,87,18
1312,87,19
1313,87,20
1314,87,21
1315,87,22
1316,87,23
1317,88,0
1318,88,1
1319,88,2
1320,88,3
1321,88,4
1322,88,5
1323,88,16
1324,88,17
1325,88,18
1326,88,19
1327,88,20
1328,88,21
1329,88,22
1330,88,23
1331,89,0
1332,89,1
1333,89,2
1334,89,3
1335,89,4
1336,89,5
1337,89,17
1338,89,18
1339,89,19
1340,89,20
1341,89,21
1342,89,22
1343,89,23
1344,90,0
1345,90,1
1346,90,2
1347,90,3
1348,90,4
1349,90,5
1350,90,17
1351,90,18
1352,90,19
1353,90,20
1354,90,21
1355,90,22
1356,90,23
1357,91,0
1358,91,1
1359,91,2
1360,91,3
1361,91,4
1362,91,5
1363,91,17
1364,91,18
1365,91,19
1366,91,20
1367,91,21
1368,91,22
1369,91,23
1370,92,0
1371,92,1
1372,92,2
1373,92,3
1374,92,4
1375,92,5
1376,92,17
1377,92,18
1378,92,19
1379,92,20
1380,92,21
1381,92,22
1382,92,23
1383,93,0
1384,93,1
1385,93,2
1386,93,3
1387,93,4
1388,93,17
1389,93,18
1390,93,19
1391,93,20
1392,93,21
1393,93,22
1394,93,23
1395,94,0
1396,94,1
1397,94,2
1398,94,3
1399,94,4
1400,94,5
1401,94,17
1402,94,18
1403,94,19
1404,94,20
1405,94,21
1406,94,22
1407,94,23
1408,95,0
1409,95,1
1410,95,2
1411,95,3
1412,95,4
1413,95,5
1414,95,17
1415,95,18
1416,95,19
1417,95,20
1418,95,21
1419,95,22
1420,95,23
1421,96,0
1422,96,1
1423,96,2
1424,96,3
1425,96,4
1426,96,5
1427,96,17
1428,96,18
1429,96,19
1430,96,20
1431,96,21
1432,96,22
1433,96,23
1434,97,0
1435,97,1
1436,97,2
1437,97,3
1438,97,4
1439,97,17
1440,97,18
1441,97,19
1442,97,20
1443,97,21
1444,97,22
1445,97,23
1446,98,0
1447,98,1
1448,98,2
1449,98,3
1450,98,4
1451,98,17
1452,98,18
1453,98,19
1454,98,20
1455,98,21
1456,98,22
1457,98,23
1458,99,0
1459,99,1
1460,99,2
1461,99,3
1462,99,4
1463,99,17
1464,99,18
1465,99,19
1466,99,20
1467,99,21
1468,99,22
1469,99,23
1470,100,0
1471,100,1
1472,100,2
1473,100,3
1474,100,4
1475,100,17
1476,100,18
1477,100,19
1478,100,20
1479,100,21
1480,100,22
1481,100,23
1482,101,0
1483,101,1
1484,101,2
1485,101,3
1486,101,4
1487,101,17
1488,101,18
1489,101,19
1490,101,20
1491,101,21
1492,101,22
1493,101,23
1494,102,0
1495,102,1
1496,102,2
1497,102,3
1498,102,4
1499,102,17
1500,102,18
1501,102,19
1502,102,20
1503,102,21
1504,102,22
1505,102,23
1506,103,0
1507,103,1
1508,103,2
1509,103,3
1510,103,4
1511,103,17
1512,103,18
1513,103,19
1514,103,20
1515,103,21
1516,103,22
1517,103,23
1518,104,0
1519,104,1
1520,104,2
1521,104,3
1522,104,4
1523,104,17
1524,104,18
1525,104,19
1526,104,20
1527,104,21
1528,104,22
1529,104,23
1530,105,0
1531,105,1
1532,105,2
1533,105,3
1534,105,4
1535,105,17
1536,105,18
1537,105,19
1538,105,20
1539,105,21
1540,105,22
1541,105,23
1542,106,0
1543,106,1
1544,106,2
1545,106,3
1546,106,4
1547,106,17
1548,106,18
1549,106,19
1550,106,20
1551,106,21
1552,106,22
1553,106,23
1554,107,0
1555,107,1
1556,107,2
1557,107,3
1558,107,4
1559,107,17
1560,107,18
1561,107,19
1562,107,20
1563,107,21
1564,107,22
1565,107,23
1566,108,0
1567,108,1
1568,108,2
1569,108,3
1570,108,4
1571,108,17
1572,108,18
1573,108,19
1574,108,20
1575,108,21
1576,108,22
1577,108,23
1578,109,0
1579,109,1
1580,109,2
1581,109,3
1582,109,4
1583,109,17
1584,109,18
1585,109,19
1586,109,20
1587,109,21
1588,109,22
1589,109,23
1590,110,0
1591,110,1
1592,110,2
1593,110,3
1594,110,4
1595,110,17
1596,110,18
1597,110,19
1598,110,20
1599,110,21
1600,110,22
1601,110,23
1602,111,0
1603,111,1
1604,111,2
1605,111,3
1606,111,4
1607,111,17
1608,111,18
1609,111,19
1610,111,20
1611,111,21
1612,111,22
1613,111,23
1614,112,0
1615,112,1
1616,112,2
1617,112,3
1618,112,4
1619,112,17
1620,112,18
1621,112,19
1622,112,20
1623,112,21
1624,112,22
1625,112,23
1626,113,0
1627,113,1
1628,113,2
1629,113,3
1630,113,4
1631,113,17
1632,113,18
1633,113,19
1634,113,20
1635,113,21
1636,113,22
1637,113,23
1638,114,0
1639,114,1
1640,114,2
1641,114,3
1642,114,4
1643,114,17
1644,114,18
1645,114,19
1646,114,20
1647,114,21
1648,114,22
1649,114,23
1650,115,0
1651,115,1
1652,115,2
1653,115,3
1654,115,4
1655,115,17
1656,115,18
1657,115,19
1658,115,20
1659,115,21
1660,115,22
1661,115,23
1662,116,0
1663,116,1
1664,116,2
1665,116,3
1666,116,4
1667,116,17
1668,116,18
1669,116,19
1670,116,20
1671,116,21
1672,116,22
1673,116,23
1674,117,0
1675,117,1
1676,117,2
1677,117,3
1678,117,4
1679,117,17
1680,117,18
1681,117,19
1682,117,20
1683,117,21
1684,117,22
1685,117,23
1686,118,0
1687,118,1
1688,118,2
1689,118,3
1690,118,4
1691,118,17
1692,118,18
1693,118,19
1694,118,20
1695,118,21
1696,118,22
1697,118,23
1698,119,0
1699,119,1
1700,119,2
1701,119,3
1702,119,4
1703,119,17
1704,119,18
1705,119,19
1706,119,20
1707,119,21
1708,119,22
1709,119,23
1710,120,0
1711,120,1
1712,120,2
1713,120,3
1714,120,4
1715,120,17
1716,120,18
1717,120,19
1718,120,20
1719,120,21
1720,120,22
1721,120,23
1722,121,0
1723,121,1
1724,121,2
1725,121,3
1726,121,4
1727,121,17
1728,121,18
1729,121,19
1730,121,20
1731,121,21
1732,121,22
1733,121,23
1734,122,0
1735,122,1
1736,122,2
1737,122,3
1738,122,4
1739,122,17
1740,122,18
1741,122,19
1742,122,20
1743,122,21
1744,122,22
1745,122,23
1746,123,0
1747,123,1
1748,123,2
1749,123,3
1750,123,4
1751,123,17
1752,123,18
1753,123,19
1754,123,20
1755,123,21
1756,123,22
1757,123,23
1758,124,0
1759,124,1
1760,124,2
1761,124,3
1762,124,4
1763,124,17
1764,124,18
1765,124,19
1766,124,20
1767,124,21
1768,124,22
1769,124,23
1770,125,0
1771,125,1
1772,125,2
1773,125,3
1774,125,4
1775,125,17
1776,125,18
1777,125,19
1778,125,20
1779,125,21
1780,125,22
1781,125,23
1782,126,0
1783,126,1
1784,126,2
1785,126,3
1786,126,4
1787,126,17
1788,126,18
1789,126,19
1790,126,20
1791,126,21
1792,126,22
1793,126,23
1794,127,0
1795,127,1
1796,127,2
1797,127,3
1798,127,4
1799,127,17
1800,127,18
1801,127,19
1802,127,20
1803,127,21
1804,127,22
1805,127,23
1806,128,0
1807,128,1
1808,128,2
1809,128,3
1810,128,4
1811,128,17
1812,128,18
1813,128,19
1814,128,20
1815,128,21
1816,128,22
1817,128,23
1818,129,0
1819,129,1
1820,129,2
1821,129,3
1822,129,4
1823,129,17
1824,129,18
1825,129,19
1826,129,20
1827,129,21
1828,129,22
1829,129,23
1830,130,0
1831,130,1
1832,130,2
1833,130,3
1834,130,4
1835,130,17
1836,130,18
1837,130,19
1838,130,20
1839,130,21
1840,130,22
1841,130,23
1842,131,0
1843,131,1
1844,131,2
1845,131,3
1846,131,4
1847,131,17
1848,131,18
1849,131,19
1850,131,20
1851,131,21
1852,131,22
1853,131,23
1854,132,0
1855,132,1
1856,132,2
1857,132,3
1858,132,4
1859,132,17
1860,132,18
1861,132,19
1862,132,20
1863,132,21
1864,132,22
1865,132,23
1866,133,0
1867,133,1
1868,133,2
1869,133,3
1870,133,4
1871,133,17
1872,133,18
1873,133,19
1874,133,20
1875,133,21
1876,133,22
1877,133,23
1878,134,0
1879,134,1
1880,134,2
1881,134,3
1882,134,4
1883,134,17
1884,134,18
1885,134,19
1886,134,20
1887,134,21
1888,134,22
1889,134,23
1890,135,0
1891,135,1
1892,135,2
1893,135,3
1894,135,4
1895,135,17
1896,135,18
1897,135,19
1898,135,20
1899,135,21
1900,135,22
1901,135,23
1902,136,0
1903,136,1
1904,136,2
1905,136,3
1906,136,4
1907,136,17
1908,136,18
1909,136,19
1910,136,20
1911,136,21
1912,136,22
1913,136,23
1914,137,0
1915,137,1
1916,137,2
1917,137,3
1918,137,4
1919,137,17
1920,137,18
1921,137,19
1922,137,20
1923,137,21
1924,137,22
1925,137,23
1926,138,0
1927,138,1
1928,138,2
1929,138,3
1930,138,4
1931,138,17
1932,138,18
1933,138,19
1934,138,20
1935,138,21
1936,138,22
1937,138,23
1938,139,0
1939,139,1
1940,139,2
1941,139,3
1942,139,4
1943,139,18
1944,139,19
1945,139,20
1946,139,21
1947,139,22
1948,139,23
1949,140,0
1950,140,1
1951,140,2
1952,140,3
1953,140,4
1954,140,17
1955,140,18
1956,140,19
1957,140,20
1958,140,21
1959,140,22
1960,140,23
1961,141,0
1962,141,1
1963,141,2
1964,141,3
1965,141,4
1966,141,17
1967,141,18
1968,141,19
1969,141,20
1970,141,21
1971,141,22
1972,141,23
1973,142,0
1974,142,1
1975,142,2
1976,142,3
1977,142,4
1978,142,18
1979,142,19
1980,142,20
1981,142,21
1982,142,22
1983,142,23
1984,143,0
1985,143,1
1986,143,2
1987,143,3
1988,143,4
1989,143,17
1990,143,18
1991,143,19
1992,143,20
1993,143,21
1994,143,22
1995,143,23
1996,144,0
1997,144,1
1998,144,2
1999,144,3
2000,144,4
2001,144,17
2002,144,18
2003,144,19
2004,144,20
2005,144,21
2006,144,22
2007,144,23
2008,145,0
2009,145,1
2010,145,2
2011,145,3
2012,145,4
2013,145,18
2014,145,19
2015,145,20
2016,145,21
2017,145,22
2018,145,23
2019,146,0
2020,146,1
2021,146,2
2022,146,3
2023,146,4
2024,146,18
2025,146,19
2026,146,20
2027,146,21
2028,146,22
2029,146,23
2030,147,0
2031,147,1
2032,147,2
2033,147,3
2034,147,4
2035,147,18
2036,147,19
2037,147,20
2038,147,21
2039,147,22
2040,147,23
2041,148,0
2042,148,1
2043,148,2
2044,148,3
2045,148,4
2046,148,18
2047,148,19
2048,148,20
2049,148,21
2050,148,22
2051,148,23
2052,149,0
2053,149,1
2054,149,2
2055,149,3
2056,149,4
2057,149,18
2058,149,19
2059,149,20
2060,149,21
2061,149,22
2062,149,23
2063,150,0
2064,150,1
2065,150,2
2066,150,3
2067,150,4
2068,150,18
2069,150,19
2070,150,20
2071,150,21
2072,150,22
2073,150,23
2074,151,0
2075,151,1
2076,151,2
2077,151,3
2078,151,4
2079,151,18
2080,151,19
2081,151,20
2082,151,21
2083,151,22
2084,151,23
2085,152,0
2086,152,1
2087,152,2
2088,152,3
2089,152,4
2090,152,18
2091,152,19
2092,152,20
2093,152,21
2094,152,22
2095,152,23
2096,153,0
2097,153,1
2098,153,2
2099,153,3
2100,153,4
2101,153,18
2102,153,19
2103,153,20
2104,153,21
2105,153,22
2106,153,23
2107,154,0
2108,154,1
2109,154,2
2110,154,3
2111,154,4
2112,154,18
2113,154,19
2114,154,20
2115,154,21
2116,154,22
2117,154,23
2118,155,0
2119,155,1
2120,155,2
2121,155,3
2122,155,4
2123,155,18
2124,155,19
2125,155,20
2126,155,21
2127,155,22
2128,155,23
2129,156,0
2130,156,1
2131,156,2
2132,156,3
2133,156,4
2134,156,18
2135,156,19
2136,156,20
2137,156,21
2138,156,22
2139,156,23
2140,157,0
2141,157,1
2142,157,2
2143,157,3
2144,157,4
2145,157,18
2146,157,19
2147,157,20
2148,157,21
2149,157,22
2150,157,23
2151,158,0
2152,158,1
2153,158,2
2154,158,3
2155,158,18
2156,158,19
2157,158,20
2158,158,21
2159,158,22
2160,158,23
2161,159,0
2162,159,1
2163,159,2
2164,159,3
2165,159,18
2166,159,19
2167,159,20
2168,159,21
2169,159,22
2170,159,23
2171,160,0
2172,160,1
2173,160,2
2174,160,3
2175,160,18
2176,160,19
2177,160,20
2178,160,21
2179,160,22
2180,160,23
2181,161,0
2182,161,1
2183,161,2
2184,161,3
2185,161,18
2186,161,19
2187,161,20
2188,161,21
2189,161,22
2190,161,23
2191,162,0
2192,162,1
2193,162,2
2194,162,3
2195,162,18
2196,162,19
2197,162,20
2198,162,21
2199,162,22
2200,162,23
2201,163,0
2202,163,1
2203,163,2
2204,163,3
2205,163,18
2206,163,19
2207,163,20
2208,163,21
2209,163,22
2210,163,23
2211,164,0
2212,164,1
2213,164,2
2214,164,3
2215,164,18
2216,164,19
2217,164,20
2218,164,21
2219,164,22
2220,164,23
2221,165,0
2222,165,1
2223,165,2
2224,165,3
2225,165,4
2226,165,18
2227,165,19
2228,165,20
2229,165,21
2230,165,22
2231,165,23
2232,166,0
2233,166,1
2234,166,2
2235,166,3
2236,166,18
2237,166,19
2238,166,20
2239,166,21
2240,166,22
2241,166,23
2242,167,0
2243,167,1
2244,167,2
2245,167,3
2246,167,18
2247,167,19
2248,167,20
2249,167,21
2250,167,22
2251,167,23
2252,168,0
2253,168,1
2254,168,2
2255,168,3
2256,168,18
2257,168,19
2258,168,20
2259,168,21
2260,168,22
2261,168,23
2262,169,0
2263,169,1
2264,169,2
2265,169,3
2266,169,18
2267,169,19
2268,169,20
2269,169,21
2270,169,22
2271,169,23
2272,170,0
2273,170,1
2274,170,2
2275,170,3
2276,170,18
2277,170,19
2278,170,20
2279,170,21
2280,170,22
2281,170,23
2282,171,0
2283,171,1
2284,171,2
2285,171,3
2286,171,18
2287,171,19
2288,171,20
2289,171,21
2290,171,22
2291,171,23
2292,172,0
2293,172,1
2294,172,2
2295,172,3
2296,172,18
2297,172,19
2298,172,20
2299,172,21
2300,172,22
2301,172,23
2302,173,0
2303,173,1
2304,173,2
2305,173,3
2306,173,18
2307,173,19
2308,173,20
2309,173,21
2310,173,22
2311,173,23
2312,174,0
2313,174,1
2314,174,2
2315,174,3
2316,174,18
2317,174,19
2318,174,20
2319,174,21
2320,174,22
2321,174,23
2322,175,0
2323,175,1
2324,175,2
2325,175,3
2326,175,4
2327,175,18
2328,175,19
2329,175,20
2330,175,21
2331,175,22
2332,175,23
2333,176,0
2334,176,1
2335,176,2
2336,176,3
2337,176,18
2338,176,19
2339,176,20
2340,176,21
2341,176,22
2342,176,23
2343,177,0
2344,177,1
2345,177,2
2346,177,3
2347,177,18
2348,177,19
2349,177,20
2350,177,21
2351,177,22
2352,177,23
2353,178,0
2354,178,1
2355,178,2
2356,178,3
2357,178,18
2358,178,19
2359,178,20
2360,178,21
2361,178,22
2362,178,23
2363,179,0
2364,179,1
2365,179,2
2366,179,3
2367,179,18
2368,179,19
2369,179,20
2370,179,21
2371,179,22
2372,179,23
2373,180,0
2374,180,1
2375,180,2
2376,180,3
2377,180,18
2378,180,19
2379,180,20
2380,180,21
2381,180,22
2382,180,23
2383,181,0
2384,181,1
2385,181,2
2386,181,3
2387,181,18
2388,181,19
2389,181,20
2390,181,21
2391,181,22
2392,181,23
2393,182,0
2394,182,1
2395,182,2
2396,182,3
2397,182,18
2398,182,19
2399,182,20
2400,182,21
2401,182,22
2402,182,23
2403,183,0
2404,183,1
2405,183,2
2406,183,3
2407,183,18
2408,183,19
2409,183,20
2410,183,21
2411,183,22
2412,183,23
2413,184,0
2414,184,1
2415,184,2
2416,184,3
2417,184,18
2418,184,19
2419,184,20
2420,184,21
2421,184,22
2422,184,23
2423,185,0
2424,185,1
2425,185,2
2426,185,3
2427,185,18
2428,185,19
2429,185,20
2430,185,21
2431,185,22
2432,185,23
2433,186,0
2434,186,1
2435,186,2
2436,186,3
2437,186,18
2438,186,19
2439,186,20
2440,186,21
2441,186,22
2442,186,23
2443,187,0
2444,187,1
2445,187,2
2446,187,3
2447,187,4
2448,187,18
2449,187,19
2450,187,20
2451,187,21
2452,187,22
2453,187,23
2454,188,0
2455,188,1
2456,188,2
2457,188,3
2458,188,18
2459,188,19
2460,188,20
2461,188,21
2462,188,22
2463,188,23
2464,189,0
2465,189,1
2466,189,2
2467,189,3
2468,189,4
2469,189,18
2470,189,19
2471,189,20
2472,189,21
2473,189,22
2474,189,23
2475,190,0
2476,190,1
2477,190,2
2478,190,3
2479,190,18
2480,190,19
2481,190,20
2482,190,21
2483,190,22
2484,190,23
2485,191,0
2486,191,1
2487,191,2
2488,191,3
2489,191,4
2490,191,18
2491,191,19
2492,191,20
2493,191,21
2494,191,22
2495,191,23
2496,192,0
2497,192,1
2498,192,2
2499,192,3
2500,192,4
2501,192,18
2502,192,19
2503,192,20
2504,192,21
2505,192,22
2506,192,23
2507,193,0
2508,193,1
2509,193,2
2510,193,3
2511,193,4
2512,193,18
2513,193,19
2514,193,20
2515,193,21
2516,193,22
2517,193,23
2518,194,0
2519,194,1
2520,194,2
2521,194,3
2522,194,4
2523,194,18
2524,194,19
2525,194,20
2526,194,21
2527,194,22
2528,194,23
2529,195,0
2530,195,1
2531,195,2
2532,195,3
2533,195,4
2534,195,18
2535,195,19
2536,195,20
2537,195,21
2538,195,22
2539,195,23
2540,196,0
2541,196,1
2542,196,2
2543,196,3
2544,196,4
2545,196,18
2546,196,19
2547,196,20
2548,196,21
2549,196,22
2550,196,23
2551,197,0
2552,197,1
2553,197,2
2554,197,3
2555,197,4
2556,197,18
2557,197,19
2558,197,20
2559,197,21
2560,197,22
2561,197,23
2562,198,0
2563,198,1
2564,198,2
2565,198,3
2566,198,4
2567,198,18
2568,198,19
2569,198,20
2570,198,21
2571,198,22
2572,198,23
2573,199,0
2574,199,1
2575,199,2
2576,199,3
2577,199,4
2578,199,18
2579,199,19
2580,199,20
2581,199,21
2582,199,22
2583,199,23
2584,200,0
2585,200,1
2586,200,2
2587,200,3
2588,200,4
2589,200,18
2590,200,19
2591,200,20
2592,200,21
2593,200,22
2594,200,23
2595,201,0
2596,201,1
2597,201,2
2598,201,3
2599,201,4
2600,201,18
2601,201,19
2602,201,20
2603,201,21
2604,201,22
2605,201,23
2606,202,0
2607,202,1
2608,202,2
2609,202,3
2610,202,4
2611,202,18
2612,202,19
2613,202,20
2614,202,21
2615,202,22
2616,202,23
2617,203,0
2618,203,1
2619,203,2
2620,203,3
2621,203,4
2622,203,18
2623,203,19
2624,203,20
2625,203,21
2626,203,22
2627,203,23
2628,204,0
2629,204,1
2630,204,2
2631,204,3
2632,204,4
2633,204,18
2634,204,19
2635,204,20
2636,204,21
2637,204,22
2638,204,23
2639,205,0
2640,205,1
2641,205,2
2642,205,3
2643,205,4
2644,205,17
2645,205,18
2646,205,19
2647,205,20
2648,205,21
2649,205,22
2650,205,23
2651,206,0
2652,206,1
2653,206,2
2654,206,3
2655,206,4
2656,206,17
2657,206,18
2658,206,19
2659,206,20
2660,206,21
2661,206,22
2662,206,23
2663,207,0
2664,207,1
2665,207,2
2666,207,3
2667,207,4
2668,207,17
2669,207,18
2670,207,19
2671,207,20
2672,207,21
2673,207,22
2674,207,23
2675,208,0
2676,208,1
2677,208,2
2678,208,3
2679,208,4
2680,208,17
2681,208,18
2682,208,19
2683,208,20
2684,208,21
2685,208,22
2686,208,23
2687,209,0
2688,209,1
2689,209,2
2690,209,3
2691,209,4
2692,209,17
2693,209,18
2694,209,19
2695,209,20
2696,209,21
2697,209,22
2698,209,23
2699,210,0
2700,210,1
2701,210,2
2702,210,3
2703,210,4
2704,210,17
2705,210,18
2706,210,19
2707,210,20
2708,210,21
2709,210,22
2710,210,23
2711,211,0
2712,211,1
2713,211,2
2714,211,3
2715,211,4
2716,211,17
2717,211,18
2718,211,19
2719,211,20
2720,211,21
2721,211,22
2722,211,23
2723,212,0
2724,212,1
2725,212,2
2726,212,3
2727,212,4
2728,212,17
2729,212,18
2730,212,19
2731,212,20
2732,212,21
2733,212,22
2734,212,23
2735,213,0
2736,213,1
2737,213,2
2738,213,3
2739,213,4
2740,213,17
2741,213,18
2742,213,19
2743,213,20
2744,213,21
2745,213,22
2746,213,23
2747,214,0
2748,214,1
2749,214,2
2750,214,3
2751,214,4
2752,214,17
2753,214,18
2754,214,19
2755,214,20
2756,214,21
2757,214,22
2758,214,23
2759,215,0
2760,215,1
2761,215,2
2762,215,3
2763,215,4
2764,215,17
2765,215,18
2766,215,19
2767,215,20
2768,215,21
2769,215,22
2770,215,23
2771,216,0
2772,216,1
2773,216,2
2774,216,3
2775,216,4
2776,216,17
2777,216,18
2778,216,19
2779,216,20
2780,216,21
2781,216,22
2782,216,23
2783,217,0
2784,217,1
2785,217,2
2786,217,3
2787,217,4
2788,217,17
2789,217,18
2790,217,19
2791,217,20
2792,217,21
2793,217,22
2794,217,23
2795,218,0
2796,218,1
2797,218,2
2798,218,3
2799,218,4
2800,218,17
2801,218,18
2802,218,19
2803,218,20
2804,218,21
2805,218,22
2806,218,23
2807,219,0
2808,219,1
2809,219,2
2810,219,3
2811,219,4
2812,219,17
2813,219,18
2814,219,19
2815,219,20
2816,219,21
2817,219,22
2818,219,23
2819,220,0
2820,220,1
2821,220,2
2822,220,3
2823,220,4
2824,220,17
2825,220,18
2826,220,19
2827,220,20
2828,220,21
2829,220,22
2830,220,23
2831,221,0
2832,221,1
2833,221,2
2834,221,3
2835,221,4
2836,221,17
2837,221,18
2838,221,19
2839,221,20
2840,221,21
2841,221,22
2842,221,23
2843,222,0
2844,222,1
2845,222,2
2846,222,3
2847,222,4
2848,222,17
2849,222,18
2850,222,19
2851,222,20
2852,222,21
2853,222,22
2854,222,23
2855,223,0
2856,223,1
2857,223,2
2858,223,3
2859,223,4
2860,223,17
2861,223,18
2862,223,19
2863,223,20
2864,223,21
2865,223,22
2866,223,23
2867,224,0
2868,224,1
2869,224,2
2870,224,3
2871,224,4
2872,224,17
2873,224,18
2874,224,19
2875,224,20
2876,224,21
2877,224,22
2878,224,23
2879,225,0
2880,225,1
2881,225,2
2882,225,3
2883,225,4
2884,225,17
2885,225,18
2886,225,19
2887,225,20
2888,225,21
2889,225,22
2890,225,23
2891,226,0
2892,226,1
2893,226,2
2894,226,3
2895,226,4
2896,226,17
2897,226,18
2898,226,19
2899,226,20
2900,226,21
2901,226,22
2902,226,23
2903,227,0
2904,227,1
2905,227,2
2906,227,3
2907,227,4
2908,227,17
2909,227,18
2910,227,19
2911,227,20
2912,227,21
2913,227,22
2914,227,23
2915,228,0
2916,228,1
2917,228,2
2918,228,3
2919,228,4
2920,228,17
2921,228,18
2922,228,19
2923,228,20
2924,228,21
2925,228,22
2926,228,23
2927,229,0
2928,229,1
2929,229,2
2930,229,3
2931,229,4
2932,229,17
2933,229,18
2934,229,19
2935,229,20
2936,229,21
2937,229,22
2938,229,23
2939,230,0
2940,230,1
2941,230,2
2942,230,3
2943,230,4
2944,230,17
2945,230,18
2946,230,19
2947,230,20
2948,230,21
2949,230,22
2950,230,23
2951,231,0
2952,231,1
2953,231,2
2954,231,3
2955,231,4
2956,231,17
2957,231,18
2958,231,19
2959,231,20
2960,231,21
2961,231,22
2962,231,23
2963,232,0
2964,232,1
2965,232,2
2966,232,3
2967,232,4
2968,232,17
2969,232,18
2970,232,19
2971,232,20
2972,232,21
2973,232,22
2974,232,23
2975,233,0
2976,233,1
2977,233,2
2978,233,3
2979,233,4
2980,233,17
2981,233,18
2982,233,19
2983,233,20
2984,233,21
2985,233,22
2986,233,23
2987,234,0
2988,234,1
2989,234,2
2990,234,3
2991,234,4
2992,234,17
2993,234,18
2994,234,19
2995,234,20
2996,234,21
2997,234,22
2998,234,23
2999,235,0
3000,235,1
3001,235,2
3002,235,3
3003,235,4
3004,235,17
3005,235,18
3006,235,19
3007,235,20
3008,235,21
3009,235,22
3010,235,23
3011,236,0
3012,236,1
3013,236,2
3014,236,3
3015,236,4
3016,236,17
3017,236,18
3018,236,19
3019,236,20
3020,236,21
3021,236,22
3022,236,23
3023,237,0
3024,237,1
3025,237,2
3026,237,3
3027,237,4
3028,237,17
3029,237,18
3030,237,19
3031,237,20
3032,237,21
3033,237,22
3034,237,23
3035,238,0
3036,238,1
3037,238,2
3038,238,3
3039,238,4
3040,238,17
3041,238,18
3042,238,19
3043,238,20
3044,238,21
3045,238,22
3046,238,23
3047,239,0
3048,239,1
3049,239,2
3050,239,3
3051,239,4
3052,239,17
3053,239,18
3054,239,19
3055,239,20
3056,239,21
3057,239,22
3058,239,23
3059,240,0
3060,240,1
3061,240,2
3062,240,3
3063,240,4
3064,240,17
3065,240,18
3066,240,19
3067,240,20
3068,240,21
3069,240,22
3070,240,23
3071,241,0
3072,241,1
3073,241,2
3074,241,3
3075,241,4
3076,241,17
3077,241,18
3078,241,19
3079,241,20
3080,241,21
3081,241,22
3082,241,23
3083,242,0
3084,242,1
3085,242,2
3086,242,3
3087,242,4
3088,242,17
3089,242,18
3090,242,19
3091,242,20
3092,242,21
3093,242,22
3094,242,23
3095,243,0
3096,243,1
3097,243,2
3098,243,3
3099,243,4
3100,243,17
3101,243,18
3102,243,19
3103,243,20
3104,243,21
3105,243,22
3106,243,23
3107,244,0
3108,244,1
3109,244,2
3110,244,3
3111,244,4
3112,244,17
3113,244,18
3114,244,19
3115,244,20
3116,244,21
3117,244,22
3118,244,23
3119,245,0
3120,245,1
3121,245,2
3122,245,3
3123,245,4
3124,245,17
3125,245,18
3126,245,19
3127,245,20
3128,245,21
3129,245,22
3130,245,23
3131,246,0
3132,246,1
3133,246,2
3134,246,3
3135,246,4
3136,246,17
3137,246,18
3138,246,19
3139,246,20
3140,246,21
3141,246,22
3142,246,23
3143,247,0
3144,247,1
3145,247,2
3146,247,3
3147,247,4
3148,247,17
3149,247,18
3150,247,19
3151,247,20
3152,247,21
3153,247,22
3154,247,23
3155,248,0
3156,248,1
3157,248,2
3158,248,3
3159,248,4
3160,248,17
3161,248,18
3162,248,19
3163,248,20
3164,248,21
3165,248,22
3166,248,23
3167,249,0
3168,249,1
3169,249,2
3170,249,3
3171,249,4
3172,249,17
3173,249,18
3174,249,19
3175,249,20
3176,249,21
3177,249,22
3178,249,23
3179,250,0
3180,250,1
3181,250,2
3182,250,3
3183,250,4
3184,250,17
3185,250,18
3186,250,19
3187,250,20
3188,250,21
3189,250,22
3190,250,23
3191,251,0
3192,251,1
3193,251,2
3194,251,3
3195,251,4
3196,251,17
3197,251,18
3198,251,19
3199,251,20
3200,251,21
3201,251,22
3202,251,23
3203,252,0
3204,252,1
3205,252,2
3206,252,3
3207,252,4
3208,252,17
3209,252,18
3210,252,19
3211,252,20
3212,252,21
3213,252,22
3214,252,23
3215,253,0
3216,253,1
3217,253,2
3218,253,3
3219,253,4
3220,253,17
3221,253,18
3222,253,19
3223,253,20
3224,253,21
3225,253,22
3226,253,23
3227,254,0
3228,254,1
3229,254,2
3230,254,3
3231,254,4
3232,254,17
3233,254,18
3234,254,19
3235,254,20
3236,254,21
3237,254,22
3238,254,23
3239,255,0
3240,255,1
3241,255,2
3242,255,3
3243,255,4
3244,255,17
3245,255,18
3246,255,19
3247,255,20
3248,255,21
3249,255,22
3250,255,23
3251,256,0
3252,256,1
3253,256,2
3254,256,3
3255,256,4
3256,256,5
3257,256,17
3258,256,18
3259,256,19
3260,256,20
3261,256,21
3262,256,22
3263,256,23
3264,257,0
3265,257,1
3266,257,2
3267,257,3
3268,257,4
3269,257,5
3270,257,16
3271,257,17
3272,257,18
3273,257,19
3274,257,20
3275,257,21
3276,257,22
3277,257,23
3278,258,0
3279,258,1
3280,258,2
3281,258,3
3282,258,4
3283,258,5
3284,258,17
3285,258,18
3286,258,19
3287,258,20
3288,258,21
3289,258,22
3290,258,23
3291,259,0
3292,259,1
3293,259,2
3294,259,3
3295,259,4
3296,259,5
3297,259,16
3298,259,17
3299,259,18
3300,259,19
3301,259,20
3302,259,21
3303,259,22
3304,259,23
3305,260,0
3306,260,1
3307,260,2
3308,260,3
3309,260,4
3310,260,5
3311,260,16
3312,260,17
3313,260,18
3314,260,19
3315,260,20
3316,260,21
3317,260,22
3318,260,23
3319,261,0
3320,261,1
3321,261,2
3322,261,3
3323,261,4
3324,261,5
3325,261,16
3326,261,17
3327,261,18
3328,261,19
3329,261,20
3330,261,21
3331,261,22
3332,261,23
3333,262,0
3334,262,1
3335,262,2
3336,262,3
3337,262,4
3338,262,5
3339,262,16
3340,262,17
3341,262,18
3342,262,19
3343,262,20
3344,262,21
3345,262,22
3346,262,23
3347,263,0
3348,263,1
3349,263,2
3350,263,3
3351,263,4
3352,263,5
3353,263,16
3354,263,17
3355,263,18
3356,263,19
3357,263,20
3358,263,21
3359,263,22
3360,263,23
3361,264,0
3362,264,1
3363,264,2
3364,264,3
3365,264,4
3366,264,5
3367,264,16
3368,264,17
3369,264,18
3370,264,19
3371,264,20
3372,264,21
3373,264,22
3374,264,23
3375,265,0
3376,265,1
3377,265,2
3378,265,3
3379,265,4
3380,265,5
3381,265,16
3382,265,17
3383,265,18
3384,265,19
3385,265,20
3386,265,21
3387,265,22
3388,265,23
3389,266,0
3390,266,1
3391,266,2
3392,266,3
3393,266,4
3394,266,5
3395,266,16
3396,266,17
3397,266,18
3398,266,19
3399,266,20
3400,266,21
3401,266,22
3402,266,23
3403,267,0
3404,267,1
3405,267,2
3406,267,3
3407,267,4
3408,267,5
3409,267,16
3410,267,17
3411,267,18
3412,267,19
3413,267,20
3414,267,21
3415,267,22
3416,267,23
3417,268,0
3418,268,1
3419,268,2
3420,268,3
3421,268,4
3422,268,5
3423,268,16
3424,268,17
3425,268,18
3426,268,19
3427,268,20
3428,268,21
3429,268,22
3430,268,23
3431,269,0
3432,269,1
3433,269,2
3434,269,3
3435,269,4
3436,269,5
3437,269,16
3438,269,17
3439,269,18
3440,269,19
3441,269,20
3442,269,21
3443,269,22
3444,269,23
3445,270,0
3446,270,1
3447,270,2
3448,270,3
3449,270,4
3450,270,5
3451,270,16
3452,270,17
3453,270,18
3454,270,19
3455,270,20
3456,270,21
3457,270,22
3458,270,23
3459,271,0
3460,271,1
3461,271,2
3462,271,3
3463,271,4
3464,271,5
3465,271,16
3466,271,17
3467,271,18
3468,271,19
3469,271,20
3470,271,21
3471,271,22
3472,271,23
3473,272,0
3474,272,1
3475,272,2
3476,272,3
3477,272,4
3478,272,5
3479,272,16
3480,272,17
3481,272,18
3482,272,19
3483,272,20
3484,272,21
3485,272,22
3486,272,23
3487,273,0
3488,273,1
3489,273,2
3490,273,3
3491,273,4
3492,273,5
3493,273,16
3494,273,17
3495,273,18
3496,273,19
3497,273,20
3498,273,21
3499,273,22
3500,273,23
3501,274,0
3502,274,1
3503,274,2
3504,274,3
3505,274,4
3506,274,5
3507,274,16
3508,274,17
3509,274,18
3510,274,19
3511,274,20
3512,274,21
3513,274,22
3514,274,23
3515,275,0
3516,275,1
3517,275,2
3518,275,3
3519,275,4
3520,275,5
3521,275,16
3522,275,17
3523,275,18
3524,275,19
3525,275,20
3526,275,21
3527,275,22
3528,275,23
3529,276,0
3530,276,1
3531,276,2
3532,276,3
3533,276,4
3534,276,5
3535,276,16
3536,276,17
3537,276,18
3538,276,19
3539,276,20
3540,276,21
3541,276,22
3542,276,23
3543,277,0
3544,277,1
3545,277,2
3546,277,3
3547,277,4
3548,277,5
3549,277,16
3550,277,17
3551,277,18
3552,277,19
3553,277,20
3554,277,21
3555,277,22
3556,277,23
3557,278,0
3558,278,1
3559,278,2
3560,278,3
3561,278,4
3562,278,5
3563,278,16
3564,278,17
3565,278,18
3566,278,19
3567,278,20
3568,278,21
3569,278,22
3570,278,23
3571,279,0
3572,279,1
3573,279,2
3574,279,3
3575,279,4
3576,279,5
3577,279,16
3578,279,17
3579,279,18
3580,279,19
3581,279,20
3582,279,21
3583,279,22
3584,279,23
3585,280,0
3586,280,1
3587,280,2
3588,280,3
3589,280,4
3590,280,5
3591,280,16
3592,280,17
3593,280,18
3594,280,19
3595,280,20
3596,280,21
3597,280,22
3598,280,23
3599,281,0
3600,281,1
3601,281,2
3602,281,3
3603,281,4
3604,281,5
3605,281,16
3606,281,17
3607,281,18
3608,281,19
3609,281,20
3610,281,21
3611,281,22
3612,281,23
3613,282,0
3614,282,1
3615,282,2
3616,282,3
3617,282,4
3618,282,5
3619,282,16
3620,282,17
3621,282,18
3622,282,19
3623,282,20
3624,282,21
3625,282,22
3626,282,23
3627,283,0
3628,283,1
3629,283,2
3630,283,3
3631,283,4
3632,283,5
3633,283,16
3634,283,17
3635,283,18
3636,283,19
3637,283,20
3638,283,21
3639,283,22
3640,283,23
3641,284,0
3642,284,1
3643,284,2
3644,284,3
3645,284,4
3646,284,5
3647,284,16
3648,284,17
3649,284,18
3650,284,19
3651,284,20
3652,284,21
3653,284,22
3654,284,23
3655,285,0
3656,285,1
3657,285,2
3658,285,3
3659,285,4
3660,285,5
3661,285,16
3662,285,17
3663,285,18
3664,285,19
3665,285,20
3666,285,21
3667,285,22
3668,285,23
3669,286,0
3670,286,1
3671,286,2
3672,286,3
3673,286,4
3674,286,5
3675,286,16
3676,286,17
3677,286,18
3678,286,19
3679,286,20
3680,286,21
3681,286,22
3682,286,23
3683,287,0
3684,287,1
3685,287,2
3686,287,3
3687,287,4
3688,287,5
3689,287,16
3690,287,17
3691,287,18
3692,287,19
3693,287,20
3694,287,21
3695,287,22
3696,287,23
3697,288,0
3698,288,1
3699,288,2
3700,288,3
3701,288,4
3702,288,5
3703,288,16
3704,288,17
3705,288,18
3706,288,19
3707,288,20
3708,288,21
3709,288,22
3710,288,23
3711,289,0
3712,289,1
3713,289,2
3714,289,3
3715,289,4
3716,289,5
3717,289,16
3718,289,17
3719,289,18
3720,289,19
3721,289,20
3722,289,21
3723,289,22
3724,289,23
3725,290,0
3726,290,1
3727,290,2
3728,290,3
3729,290,4
3730,290,5
3731,290,16
3732,290,17
3733,290,18
3734,290,19
3735,290,20
3736,290,21
3737,290,22
3738,290,23
3739,291,0
3740,291,1
3741,291,2
3742,291,3
3743,291,4
3744,291,5
3745,291,16
3746,291,17
3747,291,18
3748,291,19
3749,291,20
3750,291,21
3751,291,22
3752,291,23
3753,292,0
3754,292,1
3755,292,2
3756,292,3
3757,292,4
3758,292,5
3759,292,16
3760,292,17
3761,292,18
3762,292,19
3763,292,20
3764,292,21
3765,292,22
3766,292,23
3767,293,0
3768,293,1
3769,293,2
3770,293,3
3771,293,4
3772,293,5
3773,293,6
3774,293,16
3775,293,17
3776,293,18
3777,293,19
3778,293,20
3779,293,21
3780,293,22
3781,293,23
3782,294,0
3783,294,1
3784,294,2
3785,294,3
3786,294,4
3787,294,5
3788,294,6
3789,294,16
3790,294,17
3791,294,18
3792,294,19
3793,294,20
3794,294,21
3795,294,22
3796,294,23
3797,295,0
3798,295,1
3799,295,2
3800,295,3
3801,295,4
3802,295,5
3803,295,6
3804,295,16
3805,295,17
3806,295,18
3807,295,19
3808,295,20
3809,295,21
3810,295,22
3811,295,23
3812,296,0
3813,296,1
3814,296,2
3815,296,3
3816,296,4
3817,296,5
3818,296,6
3819,296,16
3820,296,17
3821,296,18
3822,296,19
3823,296,20
3824,296,21
3825,296,22
3826,296,23
3827,297,0
3828,297,1
3829,297,2
3830,297,3
3831,297,4
3832,297,5
3833,297,6
3834,297,16
3835,297,17
3836,297,18
3837,297,19
3838,297,20
3839,297,21
3840,297,22
3841,297,23
3842,298,0
3843,298,1
3844,298,2
3845,298,3
3846,298,4
3847,298,5
3848,298,6
3849,298,16
3850,298,17
3851,298,18
3852,298,19
3853,298,20
3854,298,21
3855,298,22
3856,298,23
3857,299,0
3858,299,1
3859,299,2
3860,299,3
3861,299,4
3862,299,5
3863,299,6
3864,299,16
3865,299,17
3866,299,18
3867,299,19
3868,299,20
3869,299,21
3870,299,22
3871,299,23
3872,300,0
3873,300,1
3874,300,2
3875,300,3
3876,300,4
3877,300,5
3878,300,6
3879,300,16
3880,300,17
3881,300,18
3882,300,19
3883,300,20
3884,300,21
3885,300,22
3886,300,23
3887,301,0
3888,301,1
3889,301,2
3890,301,3
3891,301,4
3892,301,5
3893,301,6
3894,301,16
3895,301,17
3896,301,18
3897,301,19
3898,301,20
3899,301,21
3900,301,22
3901,301,23
3902,302,0
3903,302,1
3904,302,2
3905,302,3
3906,302,4
3907,302,5
3908,302,6
3909,302,16
3910,302,17
3911,302,18
3912,302,19
3913,302,20
3914,302,21
3915,302,22
3916,302,23
3917,303,0
3918,303,1
3919,303,2
3920,303,3
3921,303,4
3922,303,5
3923,303,6
3924,303,15
3925,303,16
3926,303,17
3927,303,18
3928,303,19
3929,303,20
3930,303,21
3931,303,22
3932,303,23
3933,304,0
3934,304,1
3935,304,2
3936,304,3
3937,304,4
3938,304,5
3939,304,6
3940,304,16
3941,304,17
3942,304,18
3943,304,19
3944,304,20
3945,304,21
3946,304,22
3947,304,23
3948,305,0
3949,305,1
3950,305,2
3951,305,3
3952,305,4
3953,305,5
3954,305,6
3955,305,15
3956,305,16
3957,305,17
3958,305,18
3959,305,19
3960,305,20
3961,305,21
3962,305,22
3963,305,23
3964,306,0
3965,306,1
3966,306,2
3967,306,3
3968,306,4
3969,306,5
3970,306,6
3971,306,15
3972,306,16
3973,306,17
3974,306,18
3975,306,19
3976,306,20
3977,306,21
3978,306,22
3979,306,23
3980,307,0
3981,307,1
3982,307,2
3983,307,3
3984,307,4
3985,307,5
3986,307,6
3987,307,15
3988,307,16
3989,307,17
3990,307,18
3991,307,19
3992,307,20
3993,307,21
3994,307,22
3995,307,23
3996,308,0
3997,308,1
3998,308,2
3999,308,3
4000,308,4
4001,308,5
4002,308,6
4003,308,15
4004,308,16
4005,308,17
4006,308,18
4007,308,19
4008,308,20
4009,308,21
4010,308,22
4011,308,23
4012,309,0
4013,309,1
4014,309,2
4015,309,3
4016,309,4
4017,309,5
4018,309,6
4019,309,15
4020,309,16
4021,309,17
4022,309,18
4023,309,19
4024,309,20
4025,309,21
4026,309,22
4027,309,23
4028,310,0
4029,310,1
4030,310,2
4031,310,3
4032,310,4
4033,310,5
4034,310,6
4035,310,15
4036,310,16
4037,310,17
4038,310,18
4039,310,19
4040,310,20
4041,310,21
4042,310,22
4043,310,23
4044,311,0
4045,311,1
4046,311,2
4047,311,3
4048,311,4
4049,311,5
4050,311,6
4051,311,15
4052,311,16
4053,311,17
4054,311,18
4055,311,19
4056,311,20
4057,311,21
4058,311,22
4059,311,23
4060,312,0
4061,312,1
4062,312,2
4063,312,3
4064,312,4
4065,312,5
4066,312,6
4067,312,15
4068,312,16
4069,312,17
4070,312,18
4071,312,19
4072,312,20
4073,312,21
4074,312,22
4075,312,23
4076,313,0
4077,313,1
4078,313,2
4079,313,3
4080,313,4
4081,313,5
4082,313,6
4083,313,15
4084,313,16
4085,313,17
4086,313,18
4087,313,19
4088,313,20
4089,313,21
4090,313,22
4091,313,23
4092,314,0
4093,314,1
4094,314,2
4095,314,3
4096,314,4
4097,314,5
4098,314,6
4099,314,15
4100,314,16
4101,314,17
4102,314,18
4103,314,19
4104,314,20
4105,314,21
4106,314,22
4107,314,23
4108,315,0
4109,315,1
4110,315,2
4111,315,3
4112,315,4
4113,315,5
4114,315,6
4115,315,15
4116,315,16
4117,315,17
4118,315,18
4119,315,19
4120,315,20
4121,315,21
4122,315,22
4123,315,23
4124,316,0
4125,316,1
4126,316,2
4127,316,3
4128,316,4
4129,316,5
4130,316,6
4131,316,15
4132,316,16
4133,316,17
4134,316,18
4135,316,19
4136,316,20
4137,316,21
4138,316,22
4139,316,23
4140,317,0
4141,317,1
4142,317,2
4143,317,3
4144,317,4
4145,317,5
4146,317,6
4147,317,15
4148,317,16
4149,317,17
4150,317,18
4151,317,19
4152,317,20
4153,317,21
4154,317,22
4155,317,23
4156,318,0
4157,318,1
4158,318,2
4159,318,3
4160,318,4
4161,318,5
4162,318,6
4163,318,15
4164,318,16
4165,318,17
4166,318,18
4167,318,19
4168,318,20
4169,318,21
4170,318,22
4171,318,23
4172,319,0
4173,319,1
4174,319,2
4175,319,3
4176,319,4
4177,319,5
4178,319,6
4179,319,15
4180,319,16
4181,319,17
4182,319,18
4183,319,19
4184,319,20
4185,319,21
4186,319,22
4187,319,23
4188,320,0
4189,320,1
4190,320,2
4191,320,3
4192,320,4
4193,320,5
4194,320,6
4195,320,15
4196,320,16
4197,320,17
4198,320,18
4199,320,19
4200,320,20
4201,320,21
4202,320,22
4203,320,23
4204,321,0
4205,321,1
4206,321,2
4207,321,3
4208,321,4
4209,321,5
4210,321,6
4211,321,15
4212,321,16
4213,321,17
4214,321,18
4215,321,19
4216,321,20
4217,321,21
4218,321,22
4219,321,23
4220,322,0
4221,322,1
4222,322,2
4223,322,3
4224,322,4
4225,322,5
4226,322,6
4227,322,15
4228,322,16
4229,322,17
4230,322,18
4231,322,19
4232,322,20
4233,322,21
4234,322,22
4235,322,23
4236,323,0
4237,323,1
4238,323,2
4239,323,3
4240,323,4
4241,323,5
4242,323,6
4243,323,15
4244,323,16
4245,323,17
4246,323,18
4247,323,19
4248,323,20
4249,323,21
4250,323,22
4251,323,23
4252,324,0
4253,324,1
4254,324,2
4255,324,3
4256,324,4
4257,324,5
4258,324,6
4259,324,15
4260,324,16
4261,324,17
4262,324,18
4263,324,19
4264,324,20
4265,324,21
4266,324,22
4267,324,23
4268,325,0
4269,325,1
4270,325,2
4271,325,3
4272,325,4
4273,325,5
4274,325,6
4275,325,15
4276,325,16
4277,325,17
4278,325,18
4279,325,19
4280,325,20
4281,325,21
4282,325,22
4283,325,23
4284,326,0
4285,326,1
4286,326,2
4287,326,3
4288,326,4
4289,326,5
4290,326,6
4291,326,7
4292,326,15
4293,326,16
4294,326,17
4295,326,18
4296,326,19
4297,326,20
4298,326,21
4299,326,22
4300,326,23
4301,327,0
4302,327,1
4303,327,2
4304,327,3
4305,327,4
4306,327,5
4307,327,6
4308,327,15
4309,327,16
4310,327,17
4311,327,18
4312,327,19
4313,327,20
4314,327,21
4315,327,22
4316,327,23
4317,328,0
4318,328,1
4319,328,2
4320,328,3
4321,328,4
4322,328,5
4323,328,6
4324,328,15
4325,328,16
4326,328,17
4327,328,18
4328,328,19
4329,328,20
4330,328,21
4331,328,22
4332,328,23
4333,329,0
4334,329,1
4335,329,2
4336,329,3
4337,329,4
4338,329,5
4339,329,6
4340,329,15
4341,329,16
4342,329,17
4343,329,18
4344,329,19
4345,329,20
4346,329,21
4347,329,22
4348,329,23
4349,330,0
4350,330,1
4351,330,2
4352,330,3
4353,330,4
4354,330,5
4355,330,6
4356,330,7
4357,330,15
4358,330,16
4359,330,17
4360,330,18
4361,330,19
4362,330,20
4363,330,21
4364,330,22
4365,330,23
4366,331,0
4367,331,1
4368,331,2
4369,331,3
4370,331,4
4371,331,5
4372,331,6
4373,331,7
4374,331,15
4375,331,16
4376,331,17
4377,331,18
4378,331,19
4379,331,20
4380,331,21
4381,331,22
4382,331,23
4383,332,0
4384,332,1
4385,332,2
4386,332,3
4387,332,4
4388,332,5
4389,332,6
4390,332,15
4391,332,16
4392,332,17
4393,332,18
4394,332,19
4395,332,20
4396,332,21
4397,332,22
4398,332,23
4399,333,0
4400,333,1
4401,333,2
4402,333,3
4403,333,4
4404,333,5
4405,333,6
4406,333,15
4407,333,16
4408,333,17
4409,333,18
4410,333,19
4411,333,20
4412,333,21
4413,333,22
4414,333,23
4415,334,0
4416,334,1
4417,334,2
4418,334,3
4419,334,4
4420,334,5
4421,334,6
4422,334,15
4423,334,16
4424,334,17
4425,334,18
4426,334,19
4427,334,20
4428,334,21
4429,334,22
4430,334,23
4431,335,0
4432,335,1
4433,335,2
4434,335,3
4435,335,4
4436,335,5
4437,335,6
4438,335,15
4439,335,16
4440,335,17
4441,335,18
4442,335,19
4443,335,20
4444,335,21
4445,335,22
4446,335,23
4447,336,0
4448,336,1
4449,336,2
4450,336,3
4451,336,4
4452,336,5
4453,336,6
4454,336,15
4455,336,16
4456,336,17
4457,336,18
4458,336,19
4459,336,20
4460,336,21
4461,336,22
4462,336,23
4463,337,0
4464,337,1
4465,337,2
4466,337,3
4467,337,4
4468,337,5
4469,337,6
4470,337,7
4471,337,15
4472,337,16
4473,337,17
4474,337,18
4475,337,19
4476,337,20
4477,337,21
4478,337,22
4479,337,23
4480,338,0
4481,338,1
4482,338,2
4483,338,3
4484,338,4
4485,338,5
4486,338,6
4487,338,7
4488,338,15
4489,338,16
4490,338,17
4491,338,18
4492,338,19
4493,338,20
4494,338,21
4495,338,22
4496,338,23
4497,339,0
4498,339,1
4499,339,2
4500,339,3
4501,339,4
4502,339,5
4503,339,6
4504,339,7
4505,339,15
4506,339,16
4507,339,17
4508,339,18
4509,339,19
4510,339,20
4511,339,21
4512,339,22
4513,339,23
4514,340,0
4515,340,1
4516,340,2
4517,340,3
4518,340,4
4519,340,5
4520,340,6
4521,340,7
4522,340,15
4523,340,16
4524,340,17
4525,340,18
4526,340,19
4527,340,20
4528,340,21
4529,340,22
4530,340,23
4531,341,0
4532,341,1
4533,341,2
4534,341,3
4535,341,4
4536,341,5
4537,341,6
4538,341,7
4539,341,15
4540,341,16
4541,341,17
4542,341,18
4543,341,19
4544,341,20
4545,341,21
4546,341,22
4547,341,23
4548,342,0
4549,342,1
4550,342,2
4551,342,3
4552,342,4
4553,342,5
4554,342,6
4555,342,15
4556,342,16
4557,342,17
4558,342,18
4559,342,19
4560,342,20
4561,342,21
4562,342,22
4563,342,23
4564,343,0
4565,343,1
4566,343,2
4567,343,3
4568,343,4
4569,343,5
4570,343,6
4571,343,7
4572,343,15
4573,343,16
4574,343,17
4575,343,18
4576,343,19
4577,343,20
4578,343,21
4579,343,22
4580,343,23
4581,344,0
4582,344,1
4583,344,2
4584,344,3
4585,344,4
4586,344,5
4587,344,6
4588,344,15
4589,344,16
4590,344,17
4591,344,18
4592,344,19
4593,344,20
4594,344,21
4595,344,22
4596,344,23
4597,345,0
4598,345,1
4599,345,2
4600,345,3
4601,345,4
4602,345,5
4603,345,6
4604,345,7
4605,345,15
4606,345,16
4607,345,17
4608,345,18
4609,345,19
4610,345,20
4611,345,21
4612,345,22
4613,345,23
4614,346,0
4615,346,1
4616,346,2
4617,346,3
4618,346,4
4619,346,5
4620,346,6
4621,346,15
4622,346,16
4623,346,17
4624,346,18
4625,346,19
4626,346,20
4627,346,21
4628,346,22
4629,346,23
4630,347,0
4631,347,1
4632,347,2
4633,347,3
4634,347,4
4635,347,5
4636,347,6
4637,347,7
4638,347,15
4639,347,16
4640,347,17
4641,347,18
4642,347,19
4643,347,20
4644,347,21
4645,347,22
4646,347,23
4647,348,0
4648,348,1
4649,348,2
4650,348,3
4651,348,4
4652,348,5
4653,348,6
4654,348,7
4655,348,15
4656,348,16
4657,348,17
4658,348,18
4659,348,19
4660,348,20
4661,348,21
4662,348,22
4663,348,23
4664,349,0
4665,349,1
4666,349,2
4667,349,3
4668,349,4
4669,349,5
4670,349,6
4671,349,7
4672,349,15
4673,349,16
4674,349,17
4675,349,18
4676,349,19
4677,349,20
4678,349,21
4679,349,22
4680,349,23
4681,350,0
4682,350,1
4683,350,2
4684,350,3
4685,350,4
4686,350,5
4687,350,6
4688,350,7
4689,350,15
4690,350,16
4691,350,17
4692,350,18
4693,350,19
4694,350,20
4695,350,21
4696,350,22
4697,350,23
4698,351,0
4699,351,1
4700,351,2
4701,351,3
4702,351,4
4703,351,5
4704,351,6
4705,351,7
4706,351,15
4707,351,16
4708,351,17
4709,351,18
4710,351,19
4711,351,20
4712,351,21
4713,351,22
4714,351,23
4715,352,0
4716,352,1
4717,352,2
4718,352,3
4719,352,4
4720,352,5
4721,352,6
4722,352,7
4723,352,15
4724,352,16
4725,352,17
4726,352,18
4727,352,19
4728,352,20
4729,352,21
4730,352,22
4731,352,23
4732,353,0
4733,353,1
4734,353,2
4735,353,3
4736,353,4
4737,353,5
4738,353,6
4739,353,7
4740,353,15
4741,353,16
4742,353,17
4743,353,18
4744,353,19
4745,353,20
4746,353,21
4747,353,22
4748,353,23
4749,354,0
4750,354,1
4751,354,2
4752,354,3
4753,354,4
4754,354,5
4755,354,6
4756,354,7
4757,354,15
4758,354,16
4759,354,17
4760,354,18
4761,354,19
4762,354,20
4763,354,21
4764,354,22
4765,354,23
4766,355,0
4767,355,1
4768,355,2
4769,355,3
4770,355,4
4771,355,5
4772,355,6
4773,355,7
4774,355,15
4775,355,16
4776,355,17
4777,355,18
4778,355,19
4779,355,20
4780,355,21
4781,355,22
4782,355,23
4783,356,0
4784,356,1
4785,356,2
4786,356,3
4787,356,4
4788,356,5
4789,356,6
4790,356,15
4791,356,16
4792,356,17
4793,356,18
4794,356,19
4795,356,20
4796,356,21
4797,356,22
4798,356,23
4799,357,0
4800,357,1
4801,357,2
4802,357,3
4803,357,4
4804,357,5
4805,357,6
4806,357,7
4807,357,15
4808,357,16
4809,357,17
4810,357,18
4811,357,19
4812,357,20
4813,357,21
4814,357,22
4815,357,23
4816,358,0
4817,358,1
4818,358,2
4819,358,3
4820,358,4
4821,358,5
4822,358,6
4823,358,7
4824,358,15
4825,358,16
4826,358,17
4827,358,18
4828,358,19
4829,358,20
4830,358,21
4831,358,22
4832,358,23
4833,359,0
4834,359,1
4835,359,2
4836,359,3
4837,359,4
4838,359,5
4839,359,6
4840,359,7
4841,359,15
4842,359,16
4843,359,17
4844,359,18
4845,359,19
4846,359,20
4847,359,21
4848,359,22
4849,359,23
4850,360,0
4851,360,1
4852,360,2
4853,360,3
4854,360,4
4855,360,5
4856,360,6
4857,360,7
4858,360,15
4859,360,16
4860,360,17
4861,360,18
4862,360,19
4863,360,20
4864,360,21
4865,360,22
4866,360,23
4867,361,0
4868,361,1
4869,361,2
4870,361,3
4871,361,4
4872,361,5
4873,361,6
4874,361,7
4875,361,15
4876,361,16
4877,361,17
4878,361,18
4879,361,19
4880,361,20
4881,361,21
4882,361,22
4883,361,23
4884,362,0
4885,362,1
4886,362,2
4887,362,3
4888,362,4
4889,362,5
4890,362,6
4891,362,7
4892,362,15
4893,362,16
4894,362,17
4895,362,18
4896,362,19
4897,362,20
4898,362,21
4899,362,22
4900,362,23
4901,363,0
4902,363,1
4903,363,2
4904,363,3
4905,363,4
4906,363,5
4907,363,6
4908,363,7
4909,363,15
4910,363,16
4911,363,17
4912,363,18
4913,363,19
4914,363,20
4915,363,21
4916,363,22
4917,363,23
4918,364,0
4919,364,1
4920,364,2
4921,364,3
4922,364,4
4923,364,5
4924,364,6
4925,364,7
4926,364,15
4927,364,16
4928,364,17
4929,364,18
4930,364,19
4931,364,20
4932,364,21
4933,364,22
4934,364,23
4935,365,0
4936,365,1
4937,365,2
4938,365,3
4939,365,4
4940,365,5
4941,365,6
4942,365,15
4943,365,16
4944,365,17
4945,365,18
4946,365,19
4947,365,20
4948,365,21
4949,365,22
4950,365,23
