,day,hour
0,1,0
1,1,1
2,1,2
3,1,3
4,1,4
5,1,5
6,1,6
7,1,14
8,1,15
9,1,16
10,1,17
11,1,18
12,1,19
13,1,20
14,1,21
15,1,22
16,1,23
17,2,0
18,2,1
19,2,2
20,2,3
21,2,4
22,2,5
23,2,6
24,2,14
25,2,15
26,2,16
27,2,17
28,2,18
29,2,19
30,2,20
31,2,21
32,2,22
33,2,23
34,3,0
35,3,1
36,3,2
37,3,3
38,3,4
39,3,5
40,3,6
41,3,14
42,3,15
43,3,16
44,3,17
45,3,18
46,3,19
47,3,20
48,3,21
49,3,22
50,3,23
51,4,0
52,4,1
53,4,2
54,4,3
55,4,4
56,4,5
57,4,6
58,4,14
59,4,15
60,4,16
61,4,17
62,4,18
63,4,19
64,4,20
65,4,21
66,4,22
67,4,23
68,5,0
69,5,1
70,5,2
71,5,3
72,5,4
73,5,5
74,5,6
75,5,14
76,5,15
77,5,16
78,5,17
79,5,18
80,5,19
81,5,20
82,5,21
83,5,22
84,5,23
85,6,0
86,6,1
87,6,2
88,6,3
89,6,4
90,6,5
91,6,6
92,6,14
93,6,15
94,6,16
95,6,17
96,6,18
97,6,19
98,6,20
99,6,21
100,6,22
101,6,23
102,7,0
103,7,1
104,7,2
105,7,3
106,7,4
107,7,5
108,7,6
109,7,14
110,7,15
111,7,16
112,7,17
113,7,18
114,7,19
115,7,20
116,7,21
117,7,22
118,7,23
119,8,0
120,8,1
121,8,2
122,8,3
123,8,4
124,8,5
125,8,6
126,8,14
127,8,15
128,8,16
129,8,17
130,8,18
131,8,19
132,8,20
133,8,21
134,8,22
135,8,23
136,9,0
137,9,1
138,9,2
139,9,3
140,9,4
141,9,5
142,9,6
143,9,14
144,9,15
145,9,16
146,9,17
147,9,18
148,9,19
149,9,20
150,9,21
151,9,22
152,9,23
153,10,0
154,10,1
155,10,2
156,10,3
157,10,4
158,10,5
159,10,6
160,10,7
161,10,14
162,10,15
163,10,16
164,10,17
165,10,18
166,10,19
167,10,20
168,10,21
169,10,22
170,10,23
171,11,0
172,11,1
173,11,2
174,11,3
175,11,4
176,11,5
177,11,6
178,11,14
179,11,15
180,11,16
181,11,17
182,11,18
183,11,19
184,11,20
185,11,21
186,11,22
187,11,23
188,12,0
189,12,1
190,12,2
191,12,3
192,12,4
193,12,5
194,12,6
195,12,14
196,12,15
197,12,16
198,12,17
199,12,18
200,12,19
201,12,20
202,12,21
203,12,22
204,12,23
205,13,0
206,13,1
207,13,2
208,13,3
209,13,4
210,13,5
211,13,6
212,13,14
213,13,15
214,13,16
215,13,17
216,13,18
217,13,19
218,13,20
219,13,21
220,13,22
221,13,23
222,14,0
223,14,1
224,14,2
225,14,3
226,14,4
227,14,5
228,14,6
229,14,14
230,14,15
231,14,16
232,14,17
233,14,18
234,14,19
235,14,20
236,14,21
237,14,22
238,14,23
239,15,0
240,15,1
241,15,2
242,15,3
243,15,4
244,15,5
245,15,6
246,15,15
247,15,16
248,15,17
249,15,18
250,15,19
251,15,20
252,15,21
253,15,22
254,15,23
255,16,0
256,16,1
257,16,2
258,16,3
259,16,4
260,16,5
261,16,6
262,16,15
263,16,16
264,16,17
265,16,18
266,16,19
267,16,20
268,16,21
269,16,22
270,16,23
271,17,0
272,17,1
273,17,2
274,17,3
275,17,4
276,17,5
277,17,6
278,17,14
279,17,15
280,17,16
281,17,17
282,17,18
283,17,19
284,17,20
285,17,21
286,17,22
287,17,23
288,18,0
289,18,1
290,18,2
291,18,3
292,18,4
293,18,5
294,18,6
295,18,14
296,18,15
297,18,16
298,18,17
299,18,18
300,18,19
301,18,20
302,18,21
303,18,22
304,18,23
305,19,0
306,19,1
307,19,2
308,19,3
309,19,4
310,19,5
311,19,6
312,19,14
313,19,15
314,19,16
315,19,17
316,19,18
317,19,19
318,19,20
319,19,21
320,19,22
321,19,23
322,20,0
323,20,1
324,20,2
325,20,3
326,20,4
327,20,5
328,20,6
329,20,14
330,20,15
331,20,16
332,20,17
333,20,18
334,20,19
335,20,20
336,20,21
337,20,22
338,20,23
339,21,0
340,21,1
341,21,2
342,21,3
343,21,4
344,21,5
345,21,6
346,21,14
347,21,15
348,21,16
349,21,17
350,21,18
351,21,19
352,21,20
353,21,21
354,21,22
355,21,23
356,22,0
357,22,1
358,22,2
359,22,3
360,22,4
361,22,5
362,22,6
363,22,14
364,22,15
365,22,16
366,22,17
367,22,18
368,22,19
369,22,20
370,22,21
371,22,22
372,22,23
373,23,0
374,23,1
375,23,2
376,23,3
377,23,4
378,23,5
379,23,6
380,23,15
381,23,16
382,23,17
383,23,18
384,23,19
385,23,20
386,23,21
387,23,22
388,23,23
389,24,0
390,24,1
391,24,2
392,24,3
393,24,4
394,24,5
395,24,6
396,24,15
397,24,16
398,24,17
399,24,18
400,24,19
401,24,20
402,24,21
403,24,22
404,24,23
405,25,0
406,25,1
407,25,2
408,25,3
409,25,4
410,25,5
411,25,6
412,25,15
413,25,16
414,25,17
415,25,18
416,25,19
417,25,20
418,25,21
419,25,22
420,25,23
421,26,0
422,26,1
423,26,2
424,26,3
425,26,4
426,26,5
427,26,6
428,26,15
429,26,16
430,26,17
431,26,18
432,26,19
433,26,20
434,26,21
435,26,22
436,26,23
437,27,0
438,27,1
439,27,2
440,27,3
441,27,4
442,27,5
443,27,6
444,27,15
445,27,16
446,27,17
447,27,18
448,27,19
449,27,20
450,27,21
451,27,22
452,27,23
453,28,0
454,28,1
455,28,2
456,28,3
457,28,4
458,28,5
459,28,6
460,28,15
461,28,16
462,28,17
463,28,18
464,28,19
465,28,20
466,28,21
467,28,22
468,28,23
469,29,0
470,29,1
471,29,2
472,29,3
473,29,4
474,29,5
475,29,6
476,29,15
477,29,16
478,29,17
479,29,18
480,29,19
481,29,20
482,29,21
483,29,22
484,29,23
485,30,0
486,30,1
487,30,2
488,30,3
489,30,4
490,30,5
491,30,6
492,30,15
493,30,16
494,30,17
495,30,18
496,30,19
497,30,20
498,30,21
499,30,22
500,30,23
501,31,0
502,31,1
503,31,2
504,31,3
505,31,4
506,31,5
507,31,6
508,31,15
509,31,16
510,31,17
511,31,18
512,31,19
513,31,20
514,31,21
515,31,22
516,31,23
517,32,0
518,32,1
519,32,2
520,32,3
521,32,4
522,32,5
523,32,6
524,32,15
525,32,16
526,32,17
527,32,18
528,32,19
529,32,20
530,32,21
531,32,22
532,32,23
533,33,0
534,33,1
535,33,2
536,33,3
537,33,4
538,33,5
539,33,6
540,33,15
541,33,16
542,33,17
543,33,18
544,33,19
545,33,20
546,33,21
547,33,22
548,33,23
549,34,0
550,34,1
551,34,2
552,34,3
553,34,4
554,34,5
555,34,6
556,34,15
557,34,16
558,34,17
559,34,18
560,34,19
561,34,20
562,34,21
563,34,22
564,34,23
565,35,0
566,35,1
567,35,2
568,35,3
569,35,4
570,35,5
571,35,6
572,35,15
573,35,16
574,35,17
575,35,18
576,35,19
577,35,20
578,35,21
579,35,22
580,35,23
581,36,0
582,36,1
583,36,2
584,36,3
585,36,4
586,36,5
587,36,6
588,36,15
589,36,16
590,36,17
591,36,18
592,36,19
593,36,20
594,36,21
595,36,22
596,36,23
597,37,0
598,37,1
599,37,2
600,37,3
601,37,4
602,37,5
603,37,6
604,37,15
605,37,16
606,37,17
607,37,18
608,37,19
609,37,20
610,37,21
611,37,22
612,37,23
613,38,0
614,38,1
615,38,2
616,38,3
617,38,4
618,38,5
619,38,6
620,38,15
621,38,16
622,38,17
623,38,18
624,38,19
625,38,20
626,38,21
627,38,22
628,38,23
629,39,0
630,39,1
631,39,2
632,39,3
633,39,4
634,39,5
635,39,6
636,39,15
637,39,16
638,39,17
639,39,18
640,39,19
641,39,20
642,39,21
643,39,22
644,39,23
645,40,0
646,40,1
647,40,2
648,40,3
649,40,4
650,40,5
651,40,6
652,40,15
653,40,16
654,40,17
655,40,18
656,40,19
657,40,20
658,40,21
659,40,22
660,40,23
661,41,0
662,41,1
663,41,2
664,41,3
665,41,4
666,41,5
667,41,15
668,41,16
669,41,17
670,41,18
671,41,19
672,41,20
673,41,21
674,41,22
675,41,23
676,42,0
677,42,1
678,42,2
679,42,3
680,42,4
681,42,5
682,42,6
683,42,15
684,42,16
685,42,17
686,42,18
687,42,19
688,42,20
689,42,21
690,42,22
691,42,23
692,43,0
693,43,1
694,43,2
695,43,3
696,43,4
697,43,5
698,43,15
699,43,16
700,43,17
701,43,18
702,43,19
703,43,20
704,43,21
705,43,22
706,43,23
707,44,0
708,44,1
709,44,2
710,44,3
711,44,4
712,44,5
713,44,6
714,44,15
715,44,16
716,44,17
717,44,18
718,44,19
719,44,20
720,44,21
721,44,22
722,44,23
723,45,0
724,45,1
725,45,2
726,45,3
727,45,4
728,45,5
729,45,15
730,45,16
731,45,17
732,45,18
733,45,19
734,45,20
735,45,21
736,45,22
737,45,23
738,46,0
739,46,1
740,46,2
741,46,3
742,46,4
743,46,5
744,46,15
745,46,16
746,46,17
747,46,18
748,46,19
749,46,20
750,46,21
751,46,22
752,46,23
753,47,0
754,47,1
755,47,2
756,47,3
757,47,4
758,47,5
759,47,15
760,47,16
761,47,17
762,47,18
763,47,19
764,47,20
765,47,21
766,47,22
767,47,23
768,48,0
769,48,1
770,48,2
771,48,3
772,48,4
773,48,5
774,48,15
775,48,16
776,48,17
777,48,18
778,48,19
779,48,20
780,48,21
781,48,22
782,48,23
783,49,0
784,49,1
785,49,2
786,49,3
787,49,4
788,49,5
789,49,15
790,49,16
791,49,17
792,49,18
793,49,19
794,49,20
795,49,21
796,49,22
797,49,23
798,50,0
799,50,1
800,50,2
801,50,3
802,50,4
803,50,5
804,50,15
805,50,16
806,50,17
807,50,18
808,50,19
809,50,20
810,50,21
811,50,22
812,50,23
813,51,0
814,51,1
815,51,2
816,51,3
817,51,4
818,51,5
819,51,15
820,51,16
821,51,17
822,51,18
823,51,19
824,51,20
825,51,21
826,51,22
827,51,23
828,52,0
829,52,1
830,52,2
831,52,3
832,52,4
833,52,5
834,52,15
835,52,16
836,52,17
837,52,18
838,52,19
839,52,20
840,52,21
841,52,22
842,52,23
843,53,0
844,53,1
845,53,2
846,53,3
847,53,4
848,53,5
849,53,15
850,53,16
851,53,17
852,53,18
853,53,19
854,53,20
855,53,21
856,53,22
857,53,23
858,54,0
859,54,1
860,54,2
861,54,3
862,54,4
863,54,5
864,54,15
865,54,16
866,54,17
867,54,18
868,54,19
869,54,20
870,54,21
871,54,22
872,54,23
873,55,0
874,55,1
875,55,2
876,55,3
877,55,4
878,55,5
879,55,15
880,55,16
881,55,17
882,55,18
883,55,19
884,55,20
885,55,21
886,55,22
887,55,23
888,56,0
889,56,1
890,56,2
891,56,3
892,56,4
893,56,5
894,56,15
895,56,16
896,56,17
897,56,18
898,56,19
899,56,20
900,56,21
901,56,22
902,56,23
903,57,0
904,57,1
905,57,2
906,57,3
907,57,4
908,57,5
909,57,15
910,57,16
911,57,17
912,57,18
913,57,19
914,57,20
915,57,21
916,57,22
917,57,23
918,58,0
919,58,1
920,58,2
921,58,3
922,58,4
923,58,5
924,58,15
925,58,16
926,58,17
927,58,18
928,58,19
929,58,20
930,58,21
931,58,22
932,58,23
933,59,0
934,59,1
935,59,2
936,59,3
937,59,4
938,59,5
939,59,15
940,59,16
941,59,17
942,59,18
943,59,19
944,59,20
945,59,21
946,59,22
947,59,23
948,60,0
949,60,1
950,60,2
951,60,3
952,60,4
953,60,5
954,60,16
955,60,17
956,60,18
957,60,19
958,60,20
959,60,21
960,60,22
961,60,23
962,61,0
963,61,1
964,61,2
965,61,3
966,61,4
967,61,5
968,61,15
969,61,16
970,61,17
971,61,18
972,61,19
973,61,20
974,61,21
975,61,22
976,61,23
977,62,0
978,62,1
979,62,2
980,62,3
981,62,4
982,62,5
983,62,15
984,62,16
985,62,17
986,62,18
987,62,19
988,62,20
989,62,21
990,62,22
991,62,23
992,63,0
993,63,1
994,63,2
995,63,3
996,63,4
997,63,5
998,63,16
999,63,17
1000,63,18
1001,63,19
1002,63,20
1003,63,21
1004,63,22
1005,63,23
1006,64,0
1007,64,1
1008,64,2
1009,64,3
1010,64,4
1011,64,5
1012,64,16
1013,64,17
1014,64,18
1015,64,19
1016,64,20
1017,64,21
1018,64,22
1019,64,23
1020,65,0
1021,65,1
1022,65,2
1023,65,3
1024,65,4
1025,65,5
1026,65,16
1027,65,17
1028,65,18
1029,65,19
1030,65,20
1031,65,21
1032,65,22
1033,65,23
1034,66,0
1035,66,1
1036,66,2
1037,66,3
1038,66,4
1039,66,5
1040,66,16
1041,66,17
1042,66,18
1043,66,19
1044,66,20
1045,66,21
1046,66,22
1047,66,23
1048,67,0
1049,67,1
1050,67,2
1051,67,3
1052,67,4
1053,67,5
1054,67,16
1055,67,17
1056,67,18
1057,67,19
1058,67,20
1059,67,21
1060,67,22
1061,67,23
1062,68,0
1063,68,1
1064,68,2
1065,68,3
1066,68,4
1067,68,5
1068,68,16
1069,68,17
1070,68,18
1071,68,19
1072,68,20
1073,68,21
1074,68,22
1075,68,23
1076,69,0
1077,69,1
1078,69,2
1079,69,3
1080,69,4
1081,69,5
1082,69,16
1083,69,17
1084,69,18
1085,69,19
1086,69,20
1087,69,21
1088,69,22
1089,69,23
1090,70,0
1091,70,1
1092,70,2
1093,70,3
1094,70,4
1095,70,5
1096,70,16
1097,70,17
1098,70,18
1099,70,19
1100,70,20
1101,70,21
1102,70,22
1103,70,23
1104,71,0
1105,71,1
1106,71,2
1107,71,3
1108,71,4
1109,71,5
1110,71,16
1111,71,17
1112,71,18
1113,71,19
1114,71,20
1115,71,21
1116,71,22
1117,71,23
1118,72,0
1119,72,1
1120,72,2
1121,72,3
1122,72,4
1123,72,5
1124,72,16
1125,72,17
1126,72,18
1127,72,19
1128,72,20
1129,72,21
1130,72,22
1131,72,23
1132,73,0
1133,73,1
1134,73,2
1135,73,3
1136,73,4
1137,73,5
1138,73,16
1139,73,17
1140,73,18
1141,73,19
1142,73,20
1143,73,21
1144,73,22
1145,73,23
1146,74,0
1147,74,1
1148,74,2
1149,74,3
1150,74,4
1151,74,5
1152,74,16
1153,74,17
1154,74,18
1155,74,19
1156,74,20
1157,74,21
1158,74,22
1159,74,23
1160,75,0
1161,75,1
1162,75,2
1163,75,3
1164,75,4
1165,75,5
1166,75,16
1167,75,17
1168,75,18
1169,75,19
1170,75,20
1171,75,21
1172,75,22
1173,75,23
1174,76,0
1175,76,1
1176,76,2
1177,76,3
1178,76,4
1179,76,5
1180,76,16
1181,76,17
1182,76,18
1183,76,19
1184,76,20
1185,76,21
1186,76,22
1187,76,23
1188,77,0
1189,77,1
1190,77,2
1191,77,3
1192,77,4
1193,77,5
1194,77,16
1195,77,17
1196,77,18
1197,77,19
1198,77,20
1199,77,21
1200,77,22
1201,77,23
1202,78,0
1203,78,1
1204,78,2
1205,78,3
1206,78,4
1207,78,5
1208,78,16
1209,78,17
1210,78,18
1211,78,19
1212,78,20
1213,78,21
1214,78,22
1215,78,23
1216,79,0
1217,79,1
1218,79,2
1219,79,3
1220,79,4
1221,79,5
1222,79,16
1223,79,17
1224,79,18
1225,79,19
1226,79,20
1227,79,21
1228,79,22
1229,79,23
1230,80,0
1231,80,1
1232,80,2
1233,80,3
1234,80,4
1235,80,16
1236,80,17
1237,80,18
1238,80,19
1239,80,20
1240,80,21
1241,80,22
1242,80,23
1243,81,0
1244,81,1
1245,81,2
1246,81,3
1247,81,4
1248,81,16
1249,81,17
1250,81,18
1251,81,19
1252,81,20
1253,81,21
1254,81,22
1255,81,23
1256,82,0
1257,82,1
1258,82,2
1259,82,3
1260,82,4
1261,82,5
1262,82,16
1263,82,17
1264,82,18
1265,82,19
1266,82,20
1267,82,21
1268,82,22
1269,82,23
1270,83,0
1271,83,1
1272,83,2
1273,83,3
1274,83,4
1275,83,5
1276,83,16
1277,83,17
1278,83,18
1279,83,19
1280,83,20
1281,83,21
1282,83,22
1283,83,23
1284,84,0
1285,84,1
1286,84,2
1287,84,3
1288,84,4
1289,84,16
1290,84,17
1291,84,18
1292,84,19
1293,84,20
1294,84,21
1295,84,22
1296,84,23
1297,85,0
1298,85,1
1299,85,2
1300,85,3
1301,85,4
1302,85,16
1303,85,17
1304,85,18
1305,85,19
1306,85,20
1307,85,21
1308,85,22
1309,85,23
1310,86,0
1311,86,1
1312,86,2
1313,86,3
1314,86,4
1315,86,16
1316,86,17
1317,86,18
1318,86,19
1319,86,20
1320,86,21
1321,86,22
1322,86,23
1323,87,0
1324,87,1
1325,87,2
1326,87,3
1327,87,4
1328,87,16
1329,87,17
1330,87,18
1331,87,19
1332,87,20
1333,87,21
1334,87,22
1335,87,23
1336,88,0
1337,88,1
1338,88,2
1339,88,3
1340,88,4
1341,88,16
1342,88,17
1343,88,18
1344,88,19
1345,88,20
1346,88,21
1347,88,22
1348,88,23
1349,89,0
1350,89,1
1351,89,2
1352,89,3
1353,89,4
1354,89,16
1355,89,17
1356,89,18
1357,89,19
1358,89,20
1359,89,21
1360,89,22
1361,89,23
1362,90,0
1363,90,1
1364,90,2
1365,90,3
1366,90,4
1367,90,16
1368,90,17
1369,90,18
1370,90,19
1371,90,20
1372,90,21
1373,90,22
1374,90,23
1375,91,0
1376,91,1
1377,91,2
1378,91,3
1379,91,4
1380,91,16
1381,91,17
1382,91,18
1383,91,19
1384,91,20
1385,91,21
1386,91,22
1387,91,23
1388,92,0
1389,92,1
1390,92,2
1391,92,3
1392,92,4
1393,92,16
1394,92,17
1395,92,18
1396,92,19
1397,92,20
1398,92,21
1399,92,22
1400,92,23
1401,93,0
1402,93,1
1403,93,2
1404,93,3
1405,93,4
1406,93,16
1407,93,17
1408,93,18
1409,93,19
1410,93,20
1411,93,21
1412,93,22
1413,93,23
1414,94,0
1415,94,1
1416,94,2
1417,94,3
1418,94,4
1419,94,16
1420,94,17
1421,94,18
1422,94,19
1423,94,20
1424,94,21
1425,94,22
1426,94,23
1427,95,0
1428,95,1
1429,95,2
1430,95,3
1431,95,4
1432,95,16
1433,95,17
1434,95,18
1435,95,19
1436,95,20
1437,95,21
1438,95,22
1439,95,23
1440,96,0
1441,96,1
1442,96,2
1443,96,3
1444,96,4
1445,96,16
1446,96,17
1447,96,18
1448,96,19
1449,96,20
1450,96,21
1451,96,22
1452,96,23
1453,97,0
1454,97,1
1455,97,2
1456,97,3
1457,97,4
1458,97,16
1459,97,17
1460,97,18
1461,97,19
1462,97,20
1463,97,21
1464,97,22
1465,97,23
1466,98,0
1467,98,1
1468,98,2
1469,98,3
1470,98,4
1471,98,16
1472,98,17
1473,98,18
1474,98,19
1475,98,20
1476,98,21
1477,98,22
1478,98,23
1479,99,0
1480,99,1
1481,99,2
1482,99,3
1483,99,4
1484,99,16
1485,99,17
1486,99,18
1487,99,19
1488,99,20
1489,99,21
1490,99,22
1491,99,23
1492,100,0
1493,100,1
1494,100,2
1495,100,3
1496,100,4
1497,100,16
1498,100,17
1499,100,18
1500,100,19
1501,100,20
1502,100,21
1503,100,22
1504,100,23
1505,101,0
1506,101,1
1507,101,2
1508,101,3
1509,101,4
1510,101,16
1511,101,17
1512,101,18
1513,101,19
1514,101,20
1515,101,21
1516,101,22
1517,101,23
1518,102,0
1519,102,1
1520,102,2
1521,102,3
1522,102,4
1523,102,16
1524,102,17
1525,102,18
1526,102,19
1527,102,20
1528,102,21
1529,102,22
1530,102,23
1531,103,0
1532,103,1
1533,103,2
1534,103,3
1535,103,4
1536,103,16
1537,103,17
1538,103,18
1539,103,19
1540,103,20
1541,103,21
1542,103,22
1543,103,23
1544,104,0
1545,104,1
1546,104,2
1547,104,3
1548,104,4
1549,104,16
1550,104,17
1551,104,18
1552,104,19
1553,104,20
1554,104,21
1555,104,22
1556,104,23
1557,105,0
1558,105,1
1559,105,2
1560,105,3
1561,105,4
1562,105,17
1563,105,18
1564,105,19
1565,105,20
1566,105,21
1567,105,22
1568,105,23
1569,106,0
1570,106,1
1571,106,2
1572,106,3
1573,106,4
1574,106,17
1575,106,18
1576,106,19
1577,106,20
1578,106,21
1579,106,22
1580,106,23
1581,107,0
1582,107,1
1583,107,2
1584,107,3
1585,107,4
1586,107,17
1587,107,18
1588,107,19
1589,107,20
1590,107,21
1591,107,22
1592,107,23
1593,108,0
1594,108,1
1595,108,2
1596,108,3
1597,108,4
1598,108,16
1599,108,17
1600,108,18
1601,108,19
1602,108,20
1603,108,21
1604,108,22
1605,108,23
1606,109,0
1607,109,1
1608,109,2
1609,109,3
1610,109,4
1611,109,17
1612,109,18
1613,109,19
1614,109,20
1615,109,21
1616,109,22
1617,109,23
1618,110,0
1619,110,1
1620,110,2
1621,110,3
1622,110,4
1623,110,17
1624,110,18
1625,110,19
1626,110,20
1627,110,21
1628,110,22
1629,110,23
1630,111,0
1631,111,1
1632,111,2
1633,111,3
1634,111,4
1635,111,17
1636,111,18
1637,111,19
1638,111,20
1639,111,21
1640,111,22
1641,111,23
1642,112,0
1643,112,1
1644,112,2
1645,112,3
1646,112,4
1647,112,17
1648,112,18
1649,112,19
1650,112,20
1651,112,21
1652,112,22
1653,112,23
1654,113,0
1655,113,1
1656,113,2
1657,113,3
1658,113,4
1659,113,17
1660,113,18
1661,113,19
1662,113,20
1663,113,21
1664,113,22
1665,113,23
1666,114,0
1667,114,1
1668,114,2
1669,114,3
1670,114,4
1671,114,17
1672,114,18
1673,114,19
1674,114,20
1675,114,21
1676,114,22
1677,114,23
1678,115,0
1679,115,1
1680,115,2
1681,115,3
1682,115,4
1683,115,17
1684,115,18
1685,115,19
1686,115,20
1687,115,21
1688,115,22
1689,115,23
1690,116,0
1691,116,1
1692,116,2
1693,116,3
1694,116,4
1695,116,17
1696,116,18
1697,116,19
1698,116,20
1699,116,21
1700,116,22
1701,116,23
1702,117,0
1703,117,1
1704,117,2
1705,117,3
1706,117,4
1707,117,17
1708,117,18
1709,117,19
1710,117,20
1711,117,21
1712,117,22
1713,117,23
1714,118,0
1715,118,1
1716,118,2
1717,118,3
1718,118,4
1719,118,17
1720,118,18
1721,118,19
1722,118,20
1723,118,21
1724,118,22
1725,118,23
1726,119,0
1727,119,1
1728,119,2
1729,119,3
1730,119,4
1731,119,17
1732,119,18
1733,119,19
1734,119,20
1735,119,21
1736,119,22
1737,119,23
1738,120,0
1739,120,1
1740,120,2
1741,120,3
1742,120,4
1743,120,17
1744,120,18
1745,120,19
1746,120,20
1747,120,21
1748,120,22
1749,120,23
1750,121,0
1751,121,1
1752,121,2
1753,121,3
1754,121,4
1755,121,17
1756,121,18
1757,121,19
1758,121,20
1759,121,21
1760,121,22
1761,121,23
1762,122,0
1763,122,1
1764,122,2
1765,122,3
1766,122,4
1767,122,17
1768,122,18
1769,122,19
1770,122,20
1771,122,21
1772,122,22
1773,122,23
1774,123,0
1775,123,1
1776,123,2
1777,123,3
1778,123,4
1779,123,17
1780,123,18
1781,123,19
1782,123,20
1783,123,21
1784,123,22
1785,123,23
1786,124,0
1787,124,1
1788,124,2
1789,124,3
1790,124,4
1791,124,17
1792,124,18
1793,124,19
1794,124,20
1795,124,21
1796,124,22
1797,124,23
1798,125,0
1799,125,1
1800,125,2
1801,125,3
1802,125,4
1803,125,17
1804,125,18
1805,125,19
1806,125,20
1807,125,21
1808,125,22
1809,125,23
1810,126,0
1811,126,1
1812,126,2
1813,126,3
1814,126,4
1815,126,17
1816,126,18
1817,126,19
1818,126,20
1819,126,21
1820,126,22
1821,126,23
1822,127,0
1823,127,1
1824,127,2
1825,127,3
1826,127,4
1827,127,17
1828,127,18
1829,127,19
1830,127,20
1831,127,21
1832,127,22
1833,127,23
1834,128,0
1835,128,1
1836,128,2
1837,128,3
1838,128,4
1839,128,17
1840,128,18
1841,128,19
1842,128,20
1843,128,21
1844,128,22
1845,128,23
1846,129,0
1847,129,1
1848,129,2
1849,129,3
1850,129,4
1851,129,17
1852,129,18
1853,129,19
1854,129,20
1855,129,21
1856,129,22
1857,129,23
1858,130,0
1859,130,1
1860,130,2
1861,130,3
1862,130,4
1863,130,17
1864,130,18
1865,130,19
1866,130,20
1867,130,21
1868,130,22
1869,130,23
1870,131,0
1871,131,1
1872,131,2
1873,131,3
1874,131,17
1875,131,18
1876,131,19
1877,131,20
1878,131,21
1879,131,22
1880,131,23
1881,132,0
1882,132,1
1883,132,2
1884,132,3
1885,132,17
1886,132,18
1887,132,19
1888,132,20
1889,132,21
1890,132,22
1891,132,23
1892,133,0
1893,133,1
1894,133,2
1895,133,3
1896,133,17
1897,133,18
1898,133,19
1899,133,20
1900,133,21
1901,133,22
1902,133,23
1903,134,0
1904,134,1
1905,134,2
1906,134,3
1907,134,4
1908,134,17
1909,134,18
1910,134,19
1911,134,20
1912,134,21
1913,134,22
1914,134,23
1915,135,0
1916,135,1
1917,135,2
1918,135,3
1919,135,17
1920,135,18
1921,135,19
1922,135,20
1923,135,21
1924,135,22
1925,135,23
1926,136,0
1927,136,1
1928,136,2
1929,136,3
1930,136,17
1931,136,18
1932,136,19
1933,136,20
1934,136,21
1935,136,22
1936,136,23
1937,137,0
1938,137,1
1939,137,2
1940,137,3
1941,137,17
1942,137,18
1943,137,19
1944,137,20
1945,137,21
1946,137,22
1947,137,23
1948,138,0
1949,138,1
1950,138,2
1951,138,3
1952,138,17
1953,138,18
1954,138,19
1955,138,20
1956,138,21
1957,138,22
1958,138,23
1959,139,0
1960,139,1
1961,139,2
1962,139,3
1963,139,17
1964,139,18
1965,139,19
1966,139,20
1967,139,21
1968,139,22
1969,139,23
1970,140,0
1971,140,1
1972,140,2
1973,140,3
1974,140,17
1975,140,18
1976,140,19
1977,140,20
1978,140,21
1979,140,22
1980,140,23
1981,141,0
1982,141,1
1983,141,2
1984,141,3
1985,141,17
1986,141,18
1987,141,19
1988,141,20
1989,141,21
1990,141,22
1991,141,23
1992,142,0
1993,142,1
1994,142,2
1995,142,3
1996,142,17
1997,142,18
1998,142,19
1999,142,20
2000,142,21
2001,142,22
2002,142,23
2003,143,0
2004,143,1
2005,143,2
2006,143,3
2007,143,17
2008,143,18
2009,143,19
2010,143,20
2011,143,21
2012,143,22
2013,143,23
2014,144,0
2015,144,1
2016,144,2
2017,144,3
2018,144,17
2019,144,18
2020,144,19
2021,144,20
2022,144,21
2023,144,22
2024,144,23
2025,145,0
2026,145,1
2027,145,2
2028,145,3
2029,145,17
2030,145,18
2031,145,19
2032,145,20
2033,145,21
2034,145,22
2035,145,23
2036,146,0
2037,146,1
2038,146,2
2039,146,3
2040,146,17
2041,146,18
2042,146,19
2043,146,20
2044,146,21
2045,146,22
2046,146,23
2047,147,0
2048,147,1
2049,147,2
2050,147,3
2051,147,17
2052,147,18
2053,147,19
2054,147,20
2055,147,21
2056,147,22
2057,147,23
2058,148,0
2059,148,1
2060,148,2
2061,148,3
2062,148,17
2063,148,18
2064,148,19
2065,148,20
2066,148,21
2067,148,22
2068,148,23
2069,149,0
2070,149,1
2071,149,2
2072,149,3
2073,149,17
2074,149,18
2075,149,19
2076,149,20
2077,149,21
2078,149,22
2079,149,23
2080,150,0
2081,150,1
2082,150,2
2083,150,3
2084,150,17
2085,150,18
2086,150,19
2087,150,20
2088,150,21
2089,150,22
2090,150,23
2091,151,0
2092,151,1
2093,151,2
2094,151,3
2095,151,17
2096,151,18
2097,151,19
2098,151,20
2099,151,21
2100,151,22
2101,151,23
2102,152,0
2103,152,1
2104,152,2
2105,152,3
2106,152,17
2107,152,18
2108,152,19
2109,152,20
2110,152,21
2111,152,22
2112,152,23
2113,153,0
2114,153,1
2115,153,2
2116,153,3
2117,153,17
2118,153,18
2119,153,19
2120,153,20
2121,153,21
2122,153,22
2123,153,23
2124,154,0
2125,154,1
2126,154,2
2127,154,3
2128,154,17
2129,154,18
2130,154,19
2131,154,20
2132,154,21
2133,154,22
2134,154,23
2135,155,0
2136,155,1
2137,155,2
2138,155,3
2139,155,17
2140,155,18
2141,155,19
2142,155,20
2143,155,21
2144,155,22
2145,155,23
2146,156,0
2147,156,1
2148,156,2
2149,156,3
2150,156,17
2151,156,18
2152,156,19
2153,156,20
2154,156,21
2155,156,22
2156,156,23
2157,157,0
2158,157,1
2159,157,2
2160,157,3
2161,157,17
2162,157,18
2163,157,19
2164,157,20
2165,157,21
2166,157,22
2167,157,23
2168,158,0
2169,158,1
2170,158,2
2171,158,3
2172,158,17
2173,158,18
2174,158,19
2175,158,20
2176,158,21
2177,158,22
2178,158,23
2179,159,0
2180,159,1
2181,159,2
2182,159,3
2183,159,17
2184,159,18
2185,159,19
2186,159,20
2187,159,21
2188,159,22
2189,159,23
2190,160,0
2191,160,1
2192,160,2
2193,160,3
2194,160,17
2195,160,18
2196,160,19
2197,160,20
2198,160,21
2199,160,22
2200,160,23
2201,161,0
2202,161,1
2203,161,2
2204,161,3
2205,161,17
2206,161,18
2207,161,19
2208,161,20
2209,161,21
2210,161,22
2211,161,23
2212,162,0
2213,162,1
2214,162,2
2215,162,3
2216,162,17
2217,162,18
2218,162,19
2219,162,20
2220,162,21
2221,162,22
2222,162,23
2223,163,0
2224,163,1
2225,163,2
2226,163,3
2227,163,17
2228,163,18
2229,163,19
2230,163,20
2231,163,21
2232,163,22
2233,163,23
2234,164,0
2235,164,1
2236,164,2
2237,164,3
2238,164,17
2239,164,18
2240,164,19
2241,164,20
2242,164,21
2243,164,22
2244,164,23
2245,165,0
2246,165,1
2247,165,2
2248,165,3
2249,165,17
2250,165,18
2251,165,19
2252,165,20
2253,165,21
2254,165,22
2255,165,23
2256,166,0
2257,166,1
2258,166,2
2259,166,3
2260,166,17
2261,166,18
2262,166,19
2263,166,20
2264,166,21
2265,166,22
2266,166,23
2267,167,0
2268,167,1
2269,167,2
2270,167,3
2271,167,17
2272,167,18
2273,167,19
2274,167,20
2275,167,21
2276,167,22
2277,167,23
2278,168,0
2279,168,1
2280,168,2
2281,168,3
2282,168,17
2283,168,18
2284,168,19
2285,168,20
2286,168,21
2287,168,22
2288,168,23
2289,169,0
2290,169,1
2291,169,2
2292,169,3
2293,169,17
2294,169,18
2295,169,19
2296,169,20
2297,169,21
2298,169,22
2299,169,23
2300,170,0
2301,170,1
2302,170,2
2303,170,3
2304,170,17
2305,170,18
2306,170,19
2307,170,20
2308,170,21
2309,170,22
2310,170,23
2311,171,0
2312,171,1
2313,171,2
2314,171,3
2315,171,17
2316,171,18
2317,171,19
2318,171,20
2319,171,21
2320,171,22
2321,171,23
2322,172,0
2323,172,1
2324,172,2
2325,172,3
2326,172,17
2327,172,18
2328,172,19
2329,172,20
2330,172,21
2331,172,22
2332,172,23
2333,173,0
2334,173,1
2335,173,2
2336,173,3
2337,173,17
2338,173,18
2339,173,19
2340,173,20
2341,173,21
2342,173,22
2343,173,23
2344,174,0
2345,174,1
2346,174,2
2347,174,3
2348,174,17
2349,174,18
2350,174,19
2351,174,20
2352,174,21
2353,174,22
2354,174,23
2355,175,0
2356,175,1
2357,175,2
2358,175,3
2359,175,17
2360,175,18
2361,175,19
2362,175,20
2363,175,21
2364,175,22
2365,175,23
2366,176,0
2367,176,1
2368,176,2
2369,176,3
2370,176,17
2371,176,18
2372,176,19
2373,176,20
2374,176,21
2375,176,22
2376,176,23
2377,177,0
2378,177,1
2379,177,2
2380,177,3
2381,177,17
2382,177,18
2383,177,19
2384,177,20
2385,177,21
2386,177,22
2387,177,23
2388,178,0
2389,178,1
2390,178,2
2391,178,3
2392,178,17
2393,178,18
2394,178,19
2395,178,20
2396,178,21
2397,178,22
2398,178,23
2399,179,0
2400,179,1
2401,179,2
2402,179,3
2403,179,17
2404,179,18
2405,179,19
2406,179,20
2407,179,21
2408,179,22
2409,179,23
2410,180,0
2411,180,1
2412,180,2
2413,180,3
2414,180,17
2415,180,18
2416,180,19
2417,180,20
2418,180,21
2419,180,22
2420,180,23
2421,181,0
2422,181,1
2423,181,2
2424,181,3
2425,181,17
2426,181,18
2427,181,19
2428,181,20
2429,181,21
2430,181,22
2431,181,23
2432,182,0
2433,182,1
2434,182,2
2435,182,3
2436,182,17
2437,182,18
2438,182,19
2439,182,20
2440,182,21
2441,182,22
2442,182,23
2443,183,0
2444,183,1
2445,183,2
2446,183,3
2447,183,17
2448,183,18
2449,183,19
2450,183,20
2451,183,21
2452,183,22
2453,183,23
2454,184,0
2455,184,1
2456,184,2
2457,184,3
2458,184,17
2459,184,18
2460,184,19
2461,184,20
2462,184,21
2463,184,22
2464,184,23
2465,185,0
2466,185,1
2467,185,2
2468,185,3
2469,185,17
2470,185,18
2471,185,19
2472,185,20
2473,185,21
2474,185,22
2475,185,23
2476,186,0
2477,186,1
2478,186,2
2479,186,3
2480,186,17
2481,186,18
2482,186,19
2483,186,20
2484,186,21
2485,186,22
2486,186,23
2487,187,0
2488,187,1
2489,187,2
2490,187,3
2491,187,17
2492,187,18
2493,187,19
2494,187,20
2495,187,21
2496,187,22
2497,187,23
2498,188,0
2499,188,1
2500,188,2
2501,188,3
2502,188,17
2503,188,18
2504,188,19
2505,188,20
2506,188,21
2507,188,22
2508,188,23
2509,189,0
2510,189,1
2511,189,2
2512,189,3
2513,189,17
2514,189,18
2515,189,19
2516,189,20
2517,189,21
2518,189,22
2519,189,23
2520,190,0
2521,190,1
2522,190,2
2523,190,3
2524,190,17
2525,190,18
2526,190,19
2527,190,20
2528,190,21
2529,190,22
2530,190,23
2531,191,0
2532,191,1
2533,191,2
2534,191,3
2535,191,17
2536,191,18
2537,191,19
2538,191,20
2539,191,21
2540,191,22
2541,191,23
2542,192,0
2543,192,1
2544,192,2
2545,192,3
2546,192,17
2547,192,18
2548,192,19
2549,192,20
2550,192,21
2551,192,22
2552,192,23
2553,193,0
2554,193,1
2555,193,2
2556,193,3
2557,193,17
2558,193,18
2559,193,19
2560,193,20
2561,193,21
2562,193,22
2563,193,23
2564,194,0
2565,194,1
2566,194,2
2567,194,3
2568,194,17
2569,194,18
2570,194,19
2571,194,20
2572,194,21
2573,194,22
2574,194,23
2575,195,0
2576,195,1
2577,195,2
2578,195,3
2579,195,17
2580,195,18
2581,195,19
2582,195,20
2583,195,21
2584,195,22
2585,195,23
2586,196,0
2587,196,1
2588,196,2
2589,196,3
2590,196,17
2591,196,18
2592,196,19
2593,196,20
2594,196,21
2595,196,22
2596,196,23
2597,197,0
2598,197,1
2599,197,2
2600,197,3
2601,197,17
2602,197,18
2603,197,19
2604,197,20
2605,197,21
2606,197,22
2607,197,23
2608,198,0
2609,198,1
2610,198,2
2611,198,3
2612,198,17
2613,198,18
2614,198,19
2615,198,20
2616,198,21
2617,198,22
2618,198,23
2619,199,0
2620,199,1
2621,199,2
2622,199,3
2623,199,17
2624,199,18
2625,199,19
2626,199,20
2627,199,21
2628,199,22
2629,199,23
2630,200,0
2631,200,1
2632,200,2
2633,200,3
2634,200,17
2635,200,18
2636,200,19
2637,200,20
2638,200,21
2639,200,22
2640,200,23
2641,201,0
2642,201,1
2643,201,2
2644,201,3
2645,201,17
2646,201,18
2647,201,19
2648,201,20
2649,201,21
2650,201,22
2651,201,23
2652,202,0
2653,202,1
2654,202,2
2655,202,3
2656,202,17
2657,202,18
2658,202,19
2659,202,20
2660,202,21
2661,202,22
2662,202,23
2663,203,0
2664,203,1
2665,203,2
2666,203,3
2667,203,17
2668,203,18
2669,203,19
2670,203,20
2671,203,21
2672,203,22
2673,203,23
2674,204,0
2675,204,1
2676,204,2
2677,204,3
2678,204,17
2679,204,18
2680,204,19
2681,204,20
2682,204,21
2683,204,22
2684,204,23
2685,205,0
2686,205,1
2687,205,2
2688,205,3
2689,205,17
2690,205,18
2691,205,19
2692,205,20
2693,205,21
2694,205,22
2695,205,23
2696,206,0
2697,206,1
2698,206,2
2699,206,3
2700,206,17
2701,206,18
2702,206,19
2703,206,20
2704,206,21
2705,206,22
2706,206,23
2707,207,0
2708,207,1
2709,207,2
2710,207,3
2711,207,17
2712,207,18
2713,207,19
2714,207,20
2715,207,21
2716,207,22
2717,207,23
2718,208,0
2719,208,1
2720,208,2
2721,208,3
2722,208,17
2723,208,18
2724,208,19
2725,208,20
2726,208,21
2727,208,22
2728,208,23
2729,209,0
2730,209,1
2731,209,2
2732,209,3
2733,209,17
2734,209,18
2735,209,19
2736,209,20
2737,209,21
2738,209,22
2739,209,23
2740,210,0
2741,210,1
2742,210,2
2743,210,3
2744,210,17
2745,210,18
2746,210,19
2747,210,20
2748,210,21
2749,210,22
2750,210,23
2751,211,0
2752,211,1
2753,211,2
2754,211,3
2755,211,4
2756,211,17
2757,211,18
2758,211,19
2759,211,20
2760,211,21
2761,211,22
2762,211,23
2763,212,0
2764,212,1
2765,212,2
2766,212,3
2767,212,17
2768,212,18
2769,212,19
2770,212,20
2771,212,21
2772,212,22
2773,212,23
2774,213,0
2775,213,1
2776,213,2
2777,213,3
2778,213,4
2779,213,17
2780,213,18
2781,213,19
2782,213,20
2783,213,21
2784,213,22
2785,213,23
2786,214,0
2787,214,1
2788,214,2
2789,214,3
2790,214,4
2791,214,17
2792,214,18
2793,214,19
2794,214,20
2795,214,21
2796,214,22
2797,214,23
2798,215,0
2799,215,1
2800,215,2
2801,215,3
2802,215,4
2803,215,17
2804,215,18
2805,215,19
2806,215,20
2807,215,21
2808,215,22
2809,215,23
2810,216,0
2811,216,1
2812,216,2
2813,216,3
2814,216,4
2815,216,17
2816,216,18
2817,216,19
2818,216,20
2819,216,21
2820,216,22
2821,216,23
2822,217,0
2823,217,1
2824,217,2
2825,217,3
2826,217,4
2827,217,17
2828,217,18
2829,217,19
2830,217,20
2831,217,21
2832,217,22
2833,217,23
2834,218,0
2835,218,1
2836,218,2
2837,218,3
2838,218,4
2839,218,17
2840,218,18
2841,218,19
2842,218,20
2843,218,21
2844,218,22
2845,218,23
2846,219,0
2847,219,1
2848,219,2
2849,219,3
2850,219,4
2851,219,17
2852,219,18
2853,219,19
2854,219,20
2855,219,21
2856,219,22
2857,219,23
2858,220,0
2859,220,1
2860,220,2
2861,220,3
2862,220,4
2863,220,17
2864,220,18
2865,220,19
2866,220,20
2867,220,21
2868,220,22
2869,220,23
2870,221,0
2871,221,1
2872,221,2
2873,221,3
2874,221,4
2875,221,17
2876,221,18
2877,221,19
2878,221,20
2879,221,21
2880,221,22
2881,221,23
2882,222,0
2883,222,1
2884,222,2
2885,222,3
2886,222,4
2887,222,17
2888,222,18
2889,222,19
2890,222,20
2891,222,21
2892,222,22
2893,222,23
2894,223,0
2895,223,1
2896,223,2
2897,223,3
2898,223,4
2899,223,17
2900,223,18
2901,223,19
2902,223,20
2903,223,21
2904,223,22
2905,223,23
2906,224,0
2907,224,1
2908,224,2
2909,224,3
2910,224,4
2911,224,17
2912,224,18
2913,224,19
2914,224,20
2915,224,21
2916,224,22
2917,224,23
2918,225,0
2919,225,1
2920,225,2
2921,225,3
2922,225,4
2923,225,17
2924,225,18
2925,225,19
2926,225,20
2927,225,21
2928,225,22
2929,225,23
2930,226,0
2931,226,1
2932,226,2
2933,226,3
2934,226,4
2935,226,17
2936,226,18
2937,226,19
2938,226,20
2939,226,21
2940,226,22
2941,226,23
2942,227,0
2943,227,1
2944,227,2
2945,227,3
2946,227,4
2947,227,17
2948,227,18
2949,227,19
2950,227,20
2951,227,21
2952,227,22
2953,227,23
2954,228,0
2955,228,1
2956,228,2
2957,228,3
2958,228,4
2959,228,17
2960,228,18
2961,228,19
2962,228,20
2963,228,21
2964,228,22
2965,228,23
2966,229,0
2967,229,1
2968,229,2
2969,229,3
2970,229,4
2971,229,17
2972,229,18
2973,229,19
2974,229,20
2975,229,21
2976,229,22
2977,229,23
2978,230,0
2979,230,1
2980,230,2
2981,230,3
2982,230,4
2983,230,17
2984,230,18
2985,230,19
2986,230,20
2987,230,21
2988,230,22
2989,230,23
2990,231,0
2991,231,1
2992,231,2
2993,231,3
2994,231,4
2995,231,17
2996,231,18
2997,231,19
2998,231,20
2999,231,21
3000,231,22
3001,231,23
3002,232,0
3003,232,1
3004,232,2
3005,232,3
3006,232,4
3007,232,17
3008,232,18
3009,232,19
3010,232,20
3011,232,21
3012,232,22
3013,232,23
3014,233,0
3015,233,1
3016,233,2
3017,233,3
3018,233,4
3019,233,17
3020,233,18
3021,233,19
3022,233,20
3023,233,21
3024,233,22
3025,233,23
3026,234,0
3027,234,1
3028,234,2
3029,234,3
3030,234,4
3031,234,17
3032,234,18
3033,234,19
3034,234,20
3035,234,21
3036,234,22
3037,234,23
3038,235,0
3039,235,1
3040,235,2
3041,235,3
3042,235,4
3043,235,17
3044,235,18
3045,235,19
3046,235,20
3047,235,21
3048,235,22
3049,235,23
3050,236,0
3051,236,1
3052,236,2
3053,236,3
3054,236,4
3055,236,17
3056,236,18
3057,236,19
3058,236,20
3059,236,21
3060,236,22
3061,236,23
3062,237,0
3063,237,1
3064,237,2
3065,237,3
3066,237,4
3067,237,17
3068,237,18
3069,237,19
3070,237,20
3071,237,21
3072,237,22
3073,237,23
3074,238,0
3075,238,1
3076,238,2
3077,238,3
3078,238,4
3079,238,17
3080,238,18
3081,238,19
3082,238,20
3083,238,21
3084,238,22
3085,238,23
3086,239,0
3087,239,1
3088,239,2
3089,239,3
3090,239,4
3091,239,17
3092,239,18
3093,239,19
3094,239,20
3095,239,21
3096,239,22
3097,239,23
3098,240,0
3099,240,1
3100,240,2
3101,240,3
3102,240,4
3103,240,17
3104,240,18
3105,240,19
3106,240,20
3107,240,21
3108,240,22
3109,240,23
3110,241,0
3111,241,1
3112,241,2
3113,241,3
3114,241,4
3115,241,17
3116,241,18
3117,241,19
3118,241,20
3119,241,21
3120,241,22
3121,241,23
3122,242,0
3123,242,1
3124,242,2
3125,242,3
3126,242,4
3127,242,17
3128,242,18
3129,242,19
3130,242,20
3131,242,21
3132,242,22
3133,242,23
3134,243,0
3135,243,1
3136,243,2
3137,243,3
3138,243,4
3139,243,17
3140,243,18
3141,243,19
3142,243,20
3143,243,21
3144,243,22
3145,243,23
3146,244,0
3147,244,1
3148,244,2
3149,244,3
3150,244,4
3151,244,17
3152,244,18
3153,244,19
3154,244,20
3155,244,21
3156,244,22
3157,244,23
3158,245,0
3159,245,1
3160,245,2
3161,245,3
3162,245,4
3163,245,16
3164,245,17
3165,245,18
3166,245,19
3167,245,20
3168,245,21
3169,245,22
3170,245,23
3171,246,0
3172,246,1
3173,246,2
3174,246,3
3175,246,4
3176,246,16
3177,246,17
3178,246,18
3179,246,19
3180,246,20
3181,246,21
3182,246,22
3183,246,23
3184,247,0
3185,247,1
3186,247,2
3187,247,3
3188,247,4
3189,247,16
3190,247,17
3191,247,18
3192,247,19
3193,247,20
3194,247,21
3195,247,22
3196,247,23
3197,248,0
3198,248,1
3199,248,2
3200,248,3
3201,248,4
3202,248,16
3203,248,17
3204,248,18
3205,248,19
3206,248,20
3207,248,21
3208,248,22
3209,248,23
3210,249,0
3211,249,1
3212,249,2
3213,249,3
3214,249,4
3215,249,16
3216,249,17
3217,249,18
3218,249,19
3219,249,20
3220,249,21
3221,249,22
3222,249,23
3223,250,0
3224,250,1
3225,250,2
3226,250,3
3227,250,4
3228,250,16
3229,250,17
3230,250,18
3231,250,19
3232,250,20
3233,250,21
3234,250,22
3235,250,23
3236,251,0
3237,251,1
3238,251,2
3239,251,3
3240,251,4
3241,251,16
3242,251,17
3243,251,18
3244,251,19
3245,251,20
3246,251,21
3247,251,22
3248,251,23
3249,252,0
3250,252,1
3251,252,2
3252,252,3
3253,252,4
3254,252,16
3255,252,17
3256,252,18
3257,252,19
3258,252,20
3259,252,21
3260,252,22
3261,252,23
3262,253,0
3263,253,1
3264,253,2
3265,253,3
3266,253,4
3267,253,16
3268,253,17
3269,253,18
3270,253,19
3271,253,20
3272,253,21
3273,253,22
3274,253,23
3275,254,0
3276,254,1
3277,254,2
3278,254,3
3279,254,4
3280,254,16
3281,254,17
3282,254,18
3283,254,19
3284,254,20
3285,254,21
3286,254,22
3287,254,23
3288,255,0
3289,255,1
3290,255,2
3291,255,3
3292,255,4
3293,255,16
3294,255,17
3295,255,18
3296,255,19
3297,255,20
3298,255,21
3299,255,22
3300,255,23
3301,256,0
3302,256,1
3303,256,2
3304,256,3
3305,256,4
3306,256,16
3307,256,17
3308,256,18
3309,256,19
3310,256,20
3311,256,21
3312,256,22
3313,256,23
3314,257,0
3315,257,1
3316,257,2
3317,257,3
3318,257,4
3319,257,16
3320,257,17
3321,257,18
3322,257,19
3323,257,20
3324,257,21
3325,257,22
3326,257,23
3327,258,0
3328,258,1
3329,258,2
3330,258,3
3331,258,4
3332,258,16
3333,258,17
3334,258,18
3335,258,19
3336,258,20
3337,258,21
3338,258,22
3339,258,23
3340,259,0
3341,259,1
3342,259,2
3343,259,3
3344,259,4
3345,259,16
3346,259,17
3347,259,18
3348,259,19
3349,259,20
3350,259,21
3351,259,22
3352,259,23
3353,260,0
3354,260,1
3355,260,2
3356,260,3
3357,260,4
3358,260,16
3359,260,17
3360,260,18
3361,260,19
3362,260,20
3363,260,21
3364,260,22
3365,260,23
3366,261,0
3367,261,1
3368,261,2
3369,261,3
3370,261,4
3371,261,16
3372,261,17
3373,261,18
3374,261,19
3375,261,20
3376,261,21
3377,261,22
3378,261,23
3379,262,0
3380,262,1
3381,262,2
3382,262,3
3383,262,4
3384,262,16
3385,262,17
3386,262,18
3387,262,19
3388,262,20
3389,262,21
3390,262,22
3391,262,23
3392,263,0
3393,263,1
3394,263,2
3395,263,3
3396,263,4
3397,263,16
3398,263,17
3399,263,18
3400,263,19
3401,263,20
3402,263,21
3403,263,22
3404,263,23
3405,264,0
3406,264,1
3407,264,2
3408,264,3
3409,264,4
3410,264,16
3411,264,17
3412,264,18
3413,264,19
3414,264,20
3415,264,21
3416,264,22
3417,264,23
3418,265,0
3419,265,1
3420,265,2
3421,265,3
3422,265,4
3423,265,16
3424,265,17
3425,265,18
3426,265,19
3427,265,20
3428,265,21
3429,265,22
3430,265,23
3431,266,0
3432,266,1
3433,266,2
3434,266,3
3435,266,4
3436,266,16
3437,266,17
3438,266,18
3439,266,19
3440,266,20
3441,266,21
3442,266,22
3443,266,23
3444,267,0
3445,267,1
3446,267,2
3447,267,3
3448,267,4
3449,267,16
3450,267,17
3451,267,18
3452,267,19
3453,267,20
3454,267,21
3455,267,22
3456,267,23
3457,268,0
3458,268,1
3459,268,2
3460,268,3
3461,268,4
3462,268,5
3463,268,16
3464,268,17
3465,268,18
3466,268,19
3467,268,20
3468,268,21
3469,268,22
3470,268,23
3471,269,0
3472,269,1
3473,269,2
3474,269,3
3475,269,4
3476,269,5
3477,269,16
3478,269,17
3479,269,18
3480,269,19
3481,269,20
3482,269,21
3483,269,22
3484,269,23
3485,270,0
3486,270,1
3487,270,2
3488,270,3
3489,270,4
3490,270,5
3491,270,16
3492,270,17
3493,270,18
3494,270,19
3495,270,20
3496,270,21
3497,270,22
3498,270,23
3499,271,0
3500,271,1
3501,271,2
3502,271,3
3503,271,4
3504,271,5
3505,271,16
3506,271,17
3507,271,18
3508,271,19
3509,271,20
3510,271,21
3511,271,22
3512,271,23
3513,272,0
3514,272,1
3515,272,2
3516,272,3
3517,272,4
3518,272,5
3519,272,16
3520,272,17
3521,272,18
3522,272,19
3523,272,20
3524,272,21
3525,272,22
3526,272,23
3527,273,0
3528,273,1
3529,273,2
3530,273,3
3531,273,4
3532,273,5
3533,273,16
3534,273,17
3535,273,18
3536,273,19
3537,273,20
3538,273,21
3539,273,22
3540,273,23
3541,274,0
3542,274,1
3543,274,2
3544,274,3
3545,274,4
3546,274,5
3547,274,16
3548,274,17
3549,274,18
3550,274,19
3551,274,20
3552,274,21
3553,274,22
3554,274,23
3555,275,0
3556,275,1
3557,275,2
3558,275,3
3559,275,4
3560,275,5
3561,275,16
3562,275,17
3563,275,18
3564,275,19
3565,275,20
3566,275,21
3567,275,22
3568,275,23
3569,276,0
3570,276,1
3571,276,2
3572,276,3
3573,276,4
3574,276,5
3575,276,16
3576,276,17
3577,276,18
3578,276,19
3579,276,20
3580,276,21
3581,276,22
3582,276,23
3583,277,0
3584,277,1
3585,277,2
3586,277,3
3587,277,4
3588,277,5
3589,277,16
3590,277,17
3591,277,18
3592,277,19
3593,277,20
3594,277,21
3595,277,22
3596,277,23
3597,278,0
3598,278,1
3599,278,2
3600,278,3
3601,278,4
3602,278,5
3603,278,16
3604,278,17
3605,278,18
3606,278,19
3607,278,20
3608,278,21
3609,278,22
3610,278,23
3611,279,0
3612,279,1
3613,279,2
3614,279,3
3615,279,4
3616,279,5
3617,279,16
3618,279,17
3619,279,18
3620,279,19
3621,279,20
3622,279,21
3623,279,22
3624,279,23
3625,280,0
3626,280,1
3627,280,2
3628,280,3
3629,280,4
3630,280,5
3631,280,16
3632,280,17
3633,280,18
3634,280,19
3635,280,20
3636,280,21
3637,280,22
3638,280,23
3639,281,0
3640,281,1
3641,281,2
3642,281,3
3643,281,4
3644,281,5
3645,281,16
3646,281,17
3647,281,18
3648,281,19
3649,281,20
3650,281,21
3651,281,22
3652,281,23
3653,282,0
3654,282,1
3655,282,2
3656,282,3
3657,282,4
3658,282,5
3659,282,16
3660,282,17
3661,282,18
3662,282,19
3663,282,20
3664,282,21
3665,282,22
3666,282,23
3667,283,0
3668,283,1
3669,283,2
3670,283,3
3671,283,4
3672,283,5
3673,283,16
3674,283,17
3675,283,18
3676,283,19
3677,283,20
3678,283,21
3679,283,22
3680,283,23
3681,284,0
3682,284,1
3683,284,2
3684,284,3
3685,284,4
3686,284,5
3687,284,16
3688,284,17
3689,284,18
3690,284,19
3691,284,20
3692,284,21
3693,284,22
3694,284,23
3695,285,0
3696,285,1
3697,285,2
3698,285,3
3699,285,4
3700,285,5
3701,285,16
3702,285,17
3703,285,18
3704,285,19
3705,285,20
3706,285,21
3707,285,22
3708,285,23
3709,286,0
3710,286,1
3711,286,2
3712,286,3
3713,286,4
3714,286,5
3715,286,16
3716,286,17
3717,286,18
3718,286,19
3719,286,20
3720,286,21
3721,286,22
3722,286,23
3723,287,0
3724,287,1
3725,287,2
3726,287,3
3727,287,4
3728,287,5
3729,287,16
3730,287,17
3731,287,18
3732,287,19
3733,287,20
3734,287,21
3735,287,22
3736,287,23
3737,288,0
3738,288,1
3739,288,2
3740,288,3
3741,288,4
3742,288,5
3743,288,16
3744,288,17
3745,288,18
3746,288,19
3747,288,20
3748,288,21
3749,288,22
3750,288,23
3751,289,0
3752,289,1
3753,289,2
3754,289,3
3755,289,4
3756,289,5
3757,289,16
3758,289,17
3759,289,18
3760,289,19
3761,289,20
3762,289,21
3763,289,22
3764,289,23
3765,290,0
3766,290,1
3767,290,2
3768,290,3
3769,290,4
3770,290,5
3771,290,16
3772,290,17
3773,290,18
3774,290,19
3775,290,20
3776,290,21
3777,290,22
3778,290,23
3779,291,0
3780,291,1
3781,291,2
3782,291,3
3783,291,4
3784,291,5
3785,291,16
3786,291,17
3787,291,18
3788,291,19
3789,291,20
3790,291,21
3791,291,22
3792,291,23
3793,292,0
3794,292,1
3795,292,2
3796,292,3
3797,292,4
3798,292,5
3799,292,15
3800,292,16
3801,292,17
3802,292,18
3803,292,19
3804,292,20
3805,292,21
3806,292,22
3807,292,23
3808,293,0
3809,293,1
3810,293,2
3811,293,3
3812,293,4
3813,293,5
3814,293,15
3815,293,16
3816,293,17
3817,293,18
3818,293,19
3819,293,20
3820,293,21
3821,293,22
3822,293,23
3823,294,0
3824,294,1
3825,294,2
3826,294,3
3827,294,4
3828,294,5
3829,294,15
3830,294,16
3831,294,17
3832,294,18
3833,294,19
3834,294,20
3835,294,21
3836,294,22
3837,294,23
3838,295,0
3839,295,1
3840,295,2
3841,295,3
3842,295,4
3843,295,5
3844,295,15
3845,295,16
3846,295,17
3847,295,18
3848,295,19
3849,295,20
3850,295,21
3851,295,22
3852,295,23
3853,296,0
3854,296,1
3855,296,2
3856,296,3
3857,296,4
3858,296,5
3859,296,15
3860,296,16
3861,296,17
3862,296,18
3863,296,19
3864,296,20
3865,296,21
3866,296,22
3867,296,23
3868,297,0
3869,297,1
3870,297,2
3871,297,3
3872,297,4
3873,297,5
3874,297,15
3875,297,16
3876,297,17
3877,297,18
3878,297,19
3879,297,20
3880,297,21
3881,297,22
3882,297,23
3883,298,0
3884,298,1
3885,298,2
3886,298,3
3887,298,4
3888,298,5
3889,298,15
3890,298,16
3891,298,17
3892,298,18
3893,298,19
3894,298,20
3895,298,21
3896,298,22
3897,298,23
3898,299,0
3899,299,1
3900,299,2
3901,299,3
3902,299,4
3903,299,5
3904,299,15
3905,299,16
3906,299,17
3907,299,18
3908,299,19
3909,299,20
3910,299,21
3911,299,22
3912,299,23
3913,300,0
3914,300,1
3915,300,2
3916,300,3
3917,300,4
3918,300,5
3919,300,15
3920,300,16
3921,300,17
3922,300,18
3923,300,19
3924,300,20
3925,300,21
3926,300,22
3927,300,23
3928,301,0
3929,301,1
3930,301,2
3931,301,3
3932,301,4
3933,301,5
3934,301,15
3935,301,16
3936,301,17
3937,301,18
3938,301,19
3939,301,20
3940,301,21
3941,301,22
3942,301,23
3943,302,0
3944,302,1
3945,302,2
3946,302,3
3947,302,4
3948,302,5
3949,302,15
3950,302,16
3951,302,17
3952,302,18
3953,302,19
3954,302,20
3955,302,21
3956,302,22
3957,302,23
3958,303,0
3959,303,1
3960,303,2
3961,303,3
3962,303,4
3963,303,5
3964,303,15
3965,303,16
3966,303,17
3967,303,18
3968,303,19
3969,303,20
3970,303,21
3971,303,22
3972,303,23
3973,304,0
3974,304,1
3975,304,2
3976,304,3
3977,304,4
3978,304,5
3979,304,15
3980,304,16
3981,304,17
3982,304,18
3983,304,19
3984,304,20
3985,304,21
3986,304,22
3987,304,23
3988,305,0
3989,305,1
3990,305,2
3991,305,3
3992,305,4
3993,305,5
3994,305,15
3995,305,16
3996,305,17
3997,305,18
3998,305,19
3999,305,20
4000,305,21
4001,305,22
4002,305,23
4003,306,0
4004,306,1
4005,306,2
4006,306,3
4007,306,4
4008,306,5
4009,306,6
4010,306,15
4011,306,16
4012,306,17
4013,306,18
4014,306,19
4015,306,20
4016,306,21
4017,306,22
4018,306,23
4019,307,0
4020,307,1
4021,307,2
4022,307,3
4023,307,4
4024,307,5
4025,307,6
4026,307,15
4027,307,16
4028,307,17
4029,307,18
4030,307,19
4031,307,20
4032,307,21
4033,307,22
4034,307,23
4035,308,0
4036,308,1
4037,308,2
4038,308,3
4039,308,4
4040,308,5
4041,308,6
4042,308,15
4043,308,16
4044,308,17
4045,308,18
4046,308,19
4047,308,20
4048,308,21
4049,308,22
4050,308,23
4051,309,0
4052,309,1
4053,309,2
4054,309,3
4055,309,4
4056,309,5
4057,309,6
4058,309,15
4059,309,16
4060,309,17
4061,309,18
4062,309,19
4063,309,20
4064,309,21
4065,309,22
4066,309,23
4067,310,0
4068,310,1
4069,310,2
4070,310,3
4071,310,4
4072,310,5
4073,310,6
4074,310,15
4075,310,16
4076,310,17
4077,310,18
4078,310,19
4079,310,20
4080,310,21
4081,310,22
4082,310,23
4083,311,0
4084,311,1
4085,311,2
4086,311,3
4087,311,4
4088,311,5
4089,311,6
4090,311,15
4091,311,16
4092,311,17
4093,311,18
4094,311,19
4095,311,20
4096,311,21
4097,311,22
4098,311,23
4099,312,0
4100,312,1
4101,312,2
4102,312,3
4103,312,4
4104,312,5
4105,312,6
4106,312,15
4107,312,16
4108,312,17
4109,312,18
4110,312,19
4111,312,20
4112,312,21
4113,312,22
4114,312,23
4115,313,0
4116,313,1
4117,313,2
4118,313,3
4119,313,4
4120,313,5
4121,313,6
4122,313,15
4123,313,16
4124,313,17
4125,313,18
4126,313,19
4127,313,20
4128,313,21
4129,313,22
4130,313,23
4131,314,0
4132,314,1
4133,314,2
4134,314,3
4135,314,4
4136,314,5
4137,314,6
4138,314,15
4139,314,16
4140,314,17
4141,314,18
4142,314,19
4143,314,20
4144,314,21
4145,314,22
4146,314,23
4147,315,0
4148,315,1
4149,315,2
4150,315,3
4151,315,4
4152,315,5
4153,315,6
4154,315,15
4155,315,16
4156,315,17
4157,315,18
4158,315,19
4159,315,20
4160,315,21
4161,315,22
4162,315,23
4163,316,0
4164,316,1
4165,316,2
4166,316,3
4167,316,4
4168,316,5
4169,316,6
4170,316,15
4171,316,16
4172,316,17
4173,316,18
4174,316,19
4175,316,20
4176,316,21
4177,316,22
4178,316,23
4179,317,0
4180,317,1
4181,317,2
4182,317,3
4183,317,4
4184,317,5
4185,317,6
4186,317,15
4187,317,16
4188,317,17
4189,317,18
4190,317,19
4191,317,20
4192,317,21
4193,317,22
4194,317,23
4195,318,0
4196,318,1
4197,318,2
4198,318,3
4199,318,4
4200,318,5
4201,318,6
4202,318,15
4203,318,16
4204,318,17
4205,318,18
4206,318,19
4207,318,20
4208,318,21
4209,318,22
4210,318,23
4211,319,0
4212,319,1
4213,319,2
4214,319,3
4215,319,4
4216,319,5
4217,319,6
4218,319,15
4219,319,16
4220,319,17
4221,319,18
4222,319,19
4223,319,20
4224,319,21
4225,319,22
4226,319,23
4227,320,0
4228,320,1
4229,320,2
4230,320,3
4231,320,4
4232,320,5
4233,320,6
4234,320,15
4235,320,16
4236,320,17
4237,320,18
4238,320,19
4239,320,20
4240,320,21
4241,320,22
4242,320,23
4243,321,0
4244,321,1
4245,321,2
4246,321,3
4247,321,4
4248,321,5
4249,321,6
4250,321,15
4251,321,16
4252,321,17
4253,321,18
4254,321,19
4255,321,20
4256,321,21
4257,321,22
4258,321,23
4259,322,0
4260,322,1
4261,322,2
4262,322,3
4263,322,4
4264,322,5
4265,322,6
4266,322,15
4267,322,16
4268,322,17
4269,322,18
4270,322,19
4271,322,20
4272,322,21
4273,322,22
4274,322,23
4275,323,0
4276,323,1
4277,323,2
4278,323,3
4279,323,4
4280,323,5
4281,323,6
4282,323,15
4283,323,16
4284,323,17
4285,323,18
4286,323,19
4287,323,20
4288,323,21
4289,323,22
4290,323,23
4291,324,0
4292,324,1
4293,324,2
4294,324,3
4295,324,4
4296,324,5
4297,324,6
4298,324,15
4299,324,16
4300,324,17
4301,324,18
4302,324,19
4303,324,20
4304,324,21
4305,324,22
4306,324,23
4307,325,0
4308,325,1
4309,325,2
4310,325,3
4311,325,4
4312,325,5
4313,325,6
4314,325,15
4315,325,16
4316,325,17
4317,325,18
4318,325,19
4319,325,20
4320,325,21
4321,325,22
4322,325,23
4323,326,0
4324,326,1
4325,326,2
4326,326,3
4327,326,4
4328,326,5
4329,326,6
4330,326,15
4331,326,16
4332,326,17
4333,326,18
4334,326,19
4335,326,20
4336,326,21
4337,326,22
4338,326,23
4339,327,0
4340,327,1
4341,327,2
4342,327,3
4343,327,4
4344,327,5
4345,327,6
4346,327,15
4347,327,16
4348,327,17
4349,327,18
4350,327,19
4351,327,20
4352,327,21
4353,327,22
4354,327,23
4355,328,0
4356,328,1
4357,328,2
4358,328,3
4359,328,4
4360,328,5
4361,328,6
4362,328,15
4363,328,16
4364,328,17
4365,328,18
4366,328,19
4367,328,20
4368,328,21
4369,328,22
4370,328,23
4371,329,0
4372,329,1
4373,329,2
4374,329,3
4375,329,4
4376,329,5
4377,329,6
4378,329,15
4379,329,16
4380,329,17
4381,329,18
4382,329,19
4383,329,20
4384,329,21
4385,329,22
4386,329,23
4387,330,0
4388,330,1
4389,330,2
4390,330,3
4391,330,4
4392,330,5
4393,330,6
4394,330,14
4395,330,15
4396,330,16
4397,330,17
4398,330,18
4399,330,19
4400,330,20
4401,330,21
4402,330,22
4403,330,23
4404,331,0
4405,331,1
4406,331,2
4407,331,3
4408,331,4
4409,331,5
4410,331,6
4411,331,14
4412,331,15
4413,331,16
4414,331,17
4415,331,18
4416,331,19
4417,331,20
4418,331,21
4419,331,22
4420,331,23
4421,332,0
4422,332,1
4423,332,2
4424,332,3
4425,332,4
4426,332,5
4427,332,6
4428,332,14
4429,332,15
4430,332,16
4431,332,17
4432,332,18
4433,332,19
4434,332,20
4435,332,21
4436,332,22
4437,332,23
4438,333,0
4439,333,1
4440,333,2
4441,333,3
4442,333,4
4443,333,5
4444,333,6
4445,333,15
4446,333,16
4447,333,17
4448,333,18
4449,333,19
4450,333,20
4451,333,21
4452,333,22
4453,333,23
4454,334,0
4455,334,1
4456,334,2
4457,334,3
4458,334,4
4459,334,5
4460,334,6
4461,334,14
4462,334,15
4463,334,16
4464,334,17
4465,334,18
4466,334,19
4467,334,20
4468,334,21
4469,334,22
4470,334,23
4471,335,0
4472,335,1
4473,335,2
4474,335,3
4475,335,4
4476,335,5
4477,335,6
4478,335,14
4479,335,15
4480,335,16
4481,335,17
4482,335,18
4483,335,19
4484,335,20
4485,335,21
4486,335,22
4487,335,23
4488,336,0
4489,336,1
4490,336,2
4491,336,3
4492,336,4
4493,336,5
4494,336,6
4495,336,14
4496,336,15
4497,336,16
4498,336,17
4499,336,18
4500,336,19
4501,336,20
4502,336,21
4503,336,22
4504,336,23
4505,337,0
4506,337,1
4507,337,2
4508,337,3
4509,337,4
4510,337,5
4511,337,6
4512,337,14
4513,337,15
4514,337,16
4515,337,17
4516,337,18
4517,337,19
4518,337,20
4519,337,21
4520,337,22
4521,337,23
4522,338,0
4523,338,1
4524,338,2
4525,338,3
4526,338,4
4527,338,5
4528,338,6
4529,338,14
4530,338,15
4531,338,16
4532,338,17
4533,338,18
4534,338,19
4535,338,20
4536,338,21
4537,338,22
4538,338,23
4539,339,0
4540,339,1
4541,339,2
4542,339,3
4543,339,4
4544,339,5
4545,339,6
4546,339,14
4547,339,15
4548,339,16
4549,339,17
4550,339,18
4551,339,19
4552,339,20
4553,339,21
4554,339,22
4555,339,23
4556,340,0
4557,340,1
4558,340,2
4559,340,3
4560,340,4
4561,340,5
4562,340,6
4563,340,14
4564,340,15
4565,340,16
4566,340,17
4567,340,18
4568,340,19
4569,340,20
4570,340,21
4571,340,22
4572,340,23
4573,341,0
4574,341,1
4575,341,2
4576,341,3
4577,341,4
4578,341,5
4579,341,6
4580,341,14
4581,341,15
4582,341,16
4583,341,17
4584,341,18
4585,341,19
4586,341,20
4587,341,21
4588,341,22
4589,341,23
4590,342,0
4591,342,1
4592,342,2
4593,342,3
4594,342,4
4595,342,5
4596,342,6
4597,342,14
4598,342,15
4599,342,16
4600,342,17
4601,342,18
4602,342,19
4603,342,20
4604,342,21
4605,342,22
4606,342,23
4607,343,0
4608,343,1
4609,343,2
4610,343,3
4611,343,4
4612,343,5
4613,343,6
4614,343,14
4615,343,15
4616,343,16
4617,343,17
4618,343,18
4619,343,19
4620,343,20
4621,343,21
4622,343,22
4623,343,23
4624,344,0
4625,344,1
4626,344,2
4627,344,3
4628,344,4
4629,344,5
4630,344,6
4631,344,14
4632,344,15
4633,344,16
4634,344,17
4635,344,18
4636,344,19
4637,344,20
4638,344,21
4639,344,22
4640,344,23
4641,345,0
4642,345,1
4643,345,2
4644,345,3
4645,345,4
4646,345,5
4647,345,6
4648,345,14
4649,345,15
4650,345,16
4651,345,17
4652,345,18
4653,345,19
4654,345,20
4655,345,21
4656,345,22
4657,345,23
4658,346,0
4659,346,1
4660,346,2
4661,346,3
4662,346,4
4663,346,5
4664,346,6
4665,346,14
4666,346,15
4667,346,16
4668,346,17
4669,346,18
4670,346,19
4671,346,20
4672,346,21
4673,346,22
4674,346,23
4675,347,0
4676,347,1
4677,347,2
4678,347,3
4679,347,4
4680,347,5
4681,347,6
4682,347,7
4683,347,14
4684,347,15
4685,347,16
4686,347,17
4687,347,18
4688,347,19
4689,347,20
4690,347,21
4691,347,22
4692,347,23
4693,348,0
4694,348,1
4695,348,2
4696,348,3
4697,348,4
4698,348,5
4699,348,6
4700,348,14
4701,348,15
4702,348,16
4703,348,17
4704,348,18
4705,348,19
4706,348,20
4707,348,21
4708,348,22
4709,348,23
4710,349,0
4711,349,1
4712,349,2
4713,349,3
4714,349,4
4715,349,5
4716,349,6
4717,349,7
4718,349,14
4719,349,15
4720,349,16
4721,349,17
4722,349,18
4723,349,19
4724,349,20
4725,349,21
4726,349,22
4727,349,23
4728,350,0
4729,350,1
4730,350,2
4731,350,3
4732,350,4
4733,350,5
4734,350,6
4735,350,7
4736,350,14
4737,350,15
4738,350,16
4739,350,17
4740,350,18
4741,350,19
4742,350,20
4743,350,21
4744,350,22
4745,350,23
4746,351,0
4747,351,1
4748,351,2
4749,351,3
4750,351,4
4751,351,5
4752,351,6
4753,351,14
4754,351,15
4755,351,16
4756,351,17
4757,351,18
4758,351,19
4759,351,20
4760,351,21
4761,351,22
4762,351,23
4763,352,0
4764,352,1
4765,352,2
4766,352,3
4767,352,4
4768,352,5
4769,352,6
4770,352,14
4771,352,15
4772,352,16
4773,352,17
4774,352,18
4775,352,19
4776,352,20
4777,352,21
4778,352,22
4779,352,23
4780,353,0
4781,353,1
4782,353,2
4783,353,3
4784,353,4
4785,353,5
4786,353,6
4787,353,7
4788,353,14
4789,353,15
4790,353,16
4791,353,17
4792,353,18
4793,353,19
4794,353,20
4795,353,21
4796,353,22
4797,353,23
4798,354,0
4799,354,1
4800,354,2
4801,354,3
4802,354,4
4803,354,5
4804,354,6
4805,354,14
4806,354,15
4807,354,16
4808,354,17
4809,354,18
4810,354,19
4811,354,20
4812,354,21
4813,354,22
4814,354,23
4815,355,0
4816,355,1
4817,355,2
4818,355,3
4819,355,4
4820,355,5
4821,355,6
4822,355,14
4823,355,15
4824,355,16
4825,355,17
4826,355,18
4827,355,19
4828,355,20
4829,355,21
4830,355,22
4831,355,23
4832,356,0
4833,356,1
4834,356,2
4835,356,3
4836,356,4
4837,356,5
4838,356,6
4839,356,14
4840,356,15
4841,356,16
4842,356,17
4843,356,18
4844,356,19
4845,356,20
4846,356,21
4847,356,22
4848,356,23
4849,357,0
4850,357,1
4851,357,2
4852,357,3
4853,357,4
4854,357,5
4855,357,6
4856,357,14
4857,357,15
4858,357,16
4859,357,17
4860,357,18
4861,357,19
4862,357,20
4863,357,21
4864,357,22
4865,357,23
4866,358,0
4867,358,1
4868,358,2
4869,358,3
4870,358,4
4871,358,5
4872,358,6
4873,358,14
4874,358,15
4875,358,16
4876,358,17
4877,358,18
4878,358,19
4879,358,20
4880,358,21
4881,358,22
4882,358,23
4883,359,0
4884,359,1
4885,359,2
4886,359,3
4887,359,4
4888,359,5
4889,359,6
4890,359,14
4891,359,15
4892,359,16
4893,359,17
4894,359,18
4895,359,19
4896,359,20
4897,359,21
4898,359,22
4899,359,23
4900,360,0
4901,360,1
4902,360,2
4903,360,3
4904,360,4
4905,360,5
4906,360,6
4907,360,14
4908,360,15
4909,360,16
4910,360,17
4911,360,18
4912,360,19
4913,360,20
4914,360,21
4915,360,22
4916,360,23
4917,361,0
4918,361,1
4919,361,2
4920,361,3
4921,361,4
4922,361,5
4923,361,6
4924,361,7
4925,361,14
4926,361,15
4927,361,16
4928,361,17
4929,361,18
4930,361,19
4931,361,20
4932,361,21
4933,361,22
4934,361,23
4935,362,0
4936,362,1
4937,362,2
4938,362,3
4939,362,4
4940,362,5
4941,362,6
4942,362,14
4943,362,15
4944,362,16
4945,362,17
4946,362,18
4947,362,19
4948,362,20
4949,362,21
4950,362,22
4951,362,23
4952,363,0
4953,363,1
4954,363,2
4955,363,3
4956,363,4
4957,363,5
4958,363,6
4959,363,14
4960,363,15
4961,363,16
4962,363,17
4963,363,18
4964,363,19
4965,363,20
4966,363,21
4967,363,22
4968,363,23
4969,364,0
4970,364,1
4971,364,2
4972,364,3
4973,364,4
4974,364,5
4975,364,6
4976,364,14
4977,364,15
4978,364,16
4979,364,17
4980,364,18
4981,364,19
4982,364,20
4983,364,21
4984,364,22
4985,364,23
4986,365,0
4987,365,1
4988,365,2
4989,365,3
4990,365,4
4991,365,5
4992,365,6
4993,365,14
4994,365,15
4995,365,16
4996,365,17
4997,365,18
4998,365,19
4999,365,20
5000,365,21
5001,365,22
5002,365,23
