,day,hour
0,1,0
1,1,1
2,1,2
3,1,3
4,1,4
5,1,5
6,1,6
7,1,14
8,1,15
9,1,16
10,1,17
11,1,18
12,1,19
13,1,20
14,1,21
15,1,22
16,1,23
17,2,0
18,2,1
19,2,2
20,2,3
21,2,4
22,2,5
23,2,6
24,2,14
25,2,15
26,2,16
27,2,17
28,2,18
29,2,19
30,2,20
31,2,21
32,2,22
33,2,23
34,3,0
35,3,1
36,3,2
37,3,3
38,3,4
39,3,5
40,3,6
41,3,14
42,3,15
43,3,16
44,3,17
45,3,18
46,3,19
47,3,20
48,3,21
49,3,22
50,3,23
51,4,0
52,4,1
53,4,2
54,4,3
55,4,4
56,4,5
57,4,6
58,4,14
59,4,15
60,4,16
61,4,17
62,4,18
63,4,19
64,4,20
65,4,21
66,4,22
67,4,23
68,5,0
69,5,1
70,5,2
71,5,3
72,5,4
73,5,5
74,5,6
75,5,14
76,5,15
77,5,16
78,5,17
79,5,18
80,5,19
81,5,20
82,5,21
83,5,22
84,5,23
85,6,0
86,6,1
87,6,2
88,6,3
89,6,4
90,6,5
91,6,6
92,6,14
93,6,15
94,6,16
95,6,17
96,6,18
97,6,19
98,6,20
99,6,21
100,6,22
101,6,23
102,7,0
103,7,1
104,7,2
105,7,3
106,7,4
107,7,5
108,7,6
109,7,14
110,7,15
111,7,16
112,7,17
113,7,18
114,7,19
115,7,20
116,7,21
117,7,22
118,7,23
119,8,0
120,8,1
121,8,2
122,8,3
123,8,4
124,8,5
125,8,6
126,8,14
127,8,15
128,8,16
129,8,17
130,8,18
131,8,19
132,8,20
133,8,21
134,8,22
135,8,23
136,9,0
137,9,1
138,9,2
139,9,3
140,9,4
141,9,5
142,9,6
143,9,14
144,9,15
145,9,16
146,9,17
147,9,18
148,9,19
149,9,20
150,9,21
151,9,22
152,9,23
153,10,0
154,10,1
155,10,2
156,10,3
157,10,4
158,10,5
159,10,6
160,10,14
161,10,15
162,10,16
163,10,17
164,10,18
165,10,19
166,10,20
167,10,21
168,10,22
169,10,23
170,11,0
171,11,1
172,11,2
173,11,3
174,11,4
175,11,5
176,11,6
177,11,14
178,11,15
179,11,16
180,11,17
181,11,18
182,11,19
183,11,20
184,11,21
185,11,22
186,11,23
187,12,0
188,12,1
189,12,2
190,12,3
191,12,4
192,12,5
193,12,6
194,12,14
195,12,15
196,12,16
197,12,17
198,12,18
199,12,19
200,12,20
201,12,21
202,12,22
203,12,23
204,13,0
205,13,1
206,13,2
207,13,3
208,13,4
209,13,5
210,13,6
211,13,15
212,13,16
213,13,17
214,13,18
215,13,19
216,13,20
217,13,21
218,13,22
219,13,23
220,14,0
221,14,1
222,14,2
223,14,3
224,14,4
225,14,5
226,14,6
227,14,15
228,14,16
229,14,17
230,14,18
231,14,19
232,14,20
233,14,21
234,14,22
235,14,23
236,15,0
237,15,1
238,15,2
239,15,3
240,15,4
241,15,5
242,15,6
243,15,14
244,15,15
245,15,16
246,15,17
247,15,18
248,15,19
249,15,20
250,15,21
251,15,22
252,15,23
253,16,0
254,16,1
255,16,2
256,16,3
257,16,4
258,16,5
259,16,6
260,16,15
261,16,16
262,16,17
263,16,18
264,16,19
265,16,20
266,16,21
267,16,22
268,16,23
269,17,0
270,17,1
271,17,2
272,17,3
273,17,4
274,17,5
275,17,6
276,17,15
277,17,16
278,17,17
279,17,18
280,17,19
281,17,20
282,17,21
283,17,22
284,17,23
285,18,0
286,18,1
287,18,2
288,18,3
289,18,4
290,18,5
291,18,6
292,18,15
293,18,16
294,18,17
295,18,18
296,18,19
297,18,20
298,18,21
299,18,22
300,18,23
301,19,0
302,19,1
303,19,2
304,19,3
305,19,4
306,19,5
307,19,6
308,19,15
309,19,16
310,19,17
311,19,18
312,19,19
313,19,20
314,19,21
315,19,22
316,19,23
317,20,0
318,20,1
319,20,2
320,20,3
321,20,4
322,20,5
323,20,6
324,20,15
325,20,16
326,20,17
327,20,18
328,20,19
329,20,20
330,20,21
331,20,22
332,20,23
333,21,0
334,21,1
335,21,2
336,21,3
337,21,4
338,21,5
339,21,6
340,21,15
341,21,16
342,21,17
343,21,18
344,21,19
345,21,20
346,21,21
347,21,22
348,21,23
349,22,0
350,22,1
351,22,2
352,22,3
353,22,4
354,22,5
355,22,6
356,22,15
357,22,16
358,22,17
359,22,18
360,22,19
361,22,20
362,22,21
363,22,22
364,22,23
365,23,0
366,23,1
367,23,2
368,23,3
369,23,4
370,23,5
371,23,6
372,23,15
373,23,16
374,23,17
375,23,18
376,23,19
377,23,20
378,23,21
379,23,22
380,23,23
381,24,0
382,24,1
383,24,2
384,24,3
385,24,4
386,24,5
387,24,6
388,24,15
389,24,16
390,24,17
391,24,18
392,24,19
393,24,20
394,24,21
395,24,22
396,24,23
397,25,0
398,25,1
399,25,2
400,25,3
401,25,4
402,25,5
403,25,6
404,25,15
405,25,16
406,25,17
407,25,18
408,25,19
409,25,20
410,25,21
411,25,22
412,25,23
413,26,0
414,26,1
415,26,2
416,26,3
417,26,4
418,26,5
419,26,15
420,26,16
421,26,17
422,26,18
423,26,19
424,26,20
425,26,21
426,26,22
427,26,23
428,27,0
429,27,1
430,27,2
431,27,3
432,27,4
433,27,5
434,27,15
435,27,16
436,27,17
437,27,18
438,27,19
439,27,20
440,27,21
441,27,22
442,27,23
443,28,0
444,28,1
445,28,2
446,28,3
447,28,4
448,28,5
449,28,15
450,28,16
451,28,17
452,28,18
453,28,19
454,28,20
455,28,21
456,28,22
457,28,23
458,29,0
459,29,1
460,29,2
461,29,3
462,29,4
463,29,5
464,29,15
465,29,16
466,29,17
467,29,18
468,29,19
469,29,20
470,29,21
471,29,22
472,29,23
473,30,0
474,30,1
475,30,2
476,30,3
477,30,4
478,30,5
479,30,15
480,30,16
481,30,17
482,30,18
483,30,19
484,30,20
485,30,21
486,30,22
487,30,23
488,31,0
489,31,1
490,31,2
491,31,3
492,31,4
493,31,5
494,31,15
495,31,16
496,31,17
497,31,18
498,31,19
499,31,20
500,31,21
501,31,22
502,31,23
503,32,0
504,32,1
505,32,2
506,32,3
507,32,4
508,32,5
509,32,15
510,32,16
511,32,17
512,32,18
513,32,19
514,32,20
515,32,21
516,32,22
517,32,23
518,33,0
519,33,1
520,33,2
521,33,3
522,33,4
523,33,5
524,33,15
525,33,16
526,33,17
527,33,18
528,33,19
529,33,20
530,33,21
531,33,22
532,33,23
533,34,0
534,34,1
535,34,2
536,34,3
537,34,4
538,34,5
539,34,15
540,34,16
541,34,17
542,34,18
543,34,19
544,34,20
545,34,21
546,34,22
547,34,23
548,35,0
549,35,1
550,35,2
551,35,3
552,35,4
553,35,5
554,35,15
555,35,16
556,35,17
557,35,18
558,35,19
559,35,20
560,35,21
561,35,22
562,35,23
563,36,0
564,36,1
565,36,2
566,36,3
567,36,4
568,36,5
569,36,15
570,36,16
571,36,17
572,36,18
573,36,19
574,36,20
575,36,21
576,36,22
577,36,23
578,37,0
579,37,1
580,37,2
581,37,3
582,37,4
583,37,5
584,37,15
585,37,16
586,37,17
587,37,18
588,37,19
589,37,20
590,37,21
591,37,22
592,37,23
593,38,0
594,38,1
595,38,2
596,38,3
597,38,4
598,38,5
599,38,15
600,38,16
601,38,17
602,38,18
603,38,19
604,38,20
605,38,21
606,38,22
607,38,23
608,39,0
609,39,1
610,39,2
611,39,3
612,39,4
613,39,5
614,39,15
615,39,16
616,39,17
617,39,18
618,39,19
619,39,20
620,39,21
621,39,22
622,39,23
623,40,0
624,40,1
625,40,2
626,40,3
627,40,4
628,40,5
629,40,15
630,40,16
631,40,17
632,40,18
633,40,19
634,40,20
635,40,21
636,40,22
637,40,23
638,41,0
639,41,1
640,41,2
641,41,3
642,41,4
643,41,5
644,41,15
645,41,16
646,41,17
647,41,18
648,41,19
649,41,20
650,41,21
651,41,22
652,41,23
653,42,0
654,42,1
655,42,2
656,42,3
657,42,4
658,42,5
659,42,15
660,42,16
661,42,17
662,42,18
663,42,19
664,42,20
665,42,21
666,42,22
667,42,23
668,43,0
669,43,1
670,43,2
671,43,3
672,43,4
673,43,5
674,43,15
675,43,16
676,43,17
677,43,18
678,43,19
679,43,20
680,43,21
681,43,22
682,43,23
683,44,0
684,44,1
685,44,2
686,44,3
687,44,4
688,44,5
689,44,15
690,44,16
691,44,17
692,44,18
693,44,19
694,44,20
695,44,21
696,44,22
697,44,23
698,45,0
699,45,1
700,45,2
701,45,3
702,45,4
703,45,5
704,45,15
705,45,16
706,45,17
707,45,18
708,45,19
709,45,20
710,45,21
711,45,22
712,45,23
713,46,0
714,46,1
715,46,2
716,46,3
717,46,4
718,46,5
719,46,15
720,46,16
721,46,17
722,46,18
723,46,19
724,46,20
725,46,21
726,46,22
727,46,23
728,47,0
729,47,1
730,47,2
731,47,3
732,47,4
733,47,5
734,47,15
735,47,16
736,47,17
737,47,18
738,47,19
739,47,20
740,47,21
741,47,22
742,47,23
743,48,0
744,48,1
745,48,2
746,48,3
747,48,4
748,48,5
749,48,15
750,48,16
751,48,17
752,48,18
753,48,19
754,48,20
755,48,21
756,48,22
757,48,23
758,49,0
759,49,1
760,49,2
761,49,3
762,49,4
763,49,5
764,49,15
765,49,16
766,49,17
767,49,18
768,49,19
769,49,20
770,49,21
771,49,22
772,49,23
773,50,0
774,50,1
775,50,2
776,50,3
777,50,4
778,50,5
779,50,15
780,50,16
781,50,17
782,50,18
783,50,19
784,50,20
785,50,21
786,50,22
787,50,23
788,51,0
789,51,1
790,51,2
791,51,3
792,51,4
793,51,5
794,51,15
795,51,16
796,51,17
797,51,18
798,51,19
799,51,20
800,51,21
801,51,22
802,51,23
803,52,0
804,52,1
805,52,2
806,52,3
807,52,4
808,52,5
809,52,15
810,52,16
811,52,17
812,52,18
813,52,19
814,52,20
815,52,21
816,52,22
817,52,23
818,53,0
819,53,1
820,53,2
821,53,3
822,53,4
823,53,5
824,53,15
825,53,16
826,53,17
827,53,18
828,53,19
829,53,20
830,53,21
831,53,22
832,53,23
833,54,0
834,54,1
835,54,2
836,54,3
837,54,4
838,54,5
839,54,15
840,54,16
841,54,17
842,54,18
843,54,19
844,54,20
845,54,21
846,54,22
847,54,23
848,55,0
849,55,1
850,55,2
851,55,3
852,55,4
853,55,5
854,55,15
855,55,16
856,55,17
857,55,18
858,55,19
859,55,20
860,55,21
861,55,22
862,55,23
863,56,0
864,56,1
865,56,2
866,56,3
867,56,4
868,56,5
869,56,15
870,56,16
871,56,17
872,56,18
873,56,19
874,56,20
875,56,21
876,56,22
877,56,23
878,57,0
879,57,1
880,57,2
881,57,3
882,57,4
883,57,5
884,57,15
885,57,16
886,57,17
887,57,18
888,57,19
889,57,20
890,57,21
891,57,22
892,57,23
893,58,0
894,58,1
895,58,2
896,58,3
897,58,4
898,58,5
899,58,15
900,58,16
901,58,17
902,58,18
903,58,19
904,58,20
905,58,21
906,58,22
907,58,23
908,59,0
909,59,1
910,59,2
911,59,3
912,59,4
913,59,5
914,59,15
915,59,16
916,59,17
917,59,18
918,59,19
919,59,20
920,59,21
921,59,22
922,59,23
923,60,0
924,60,1
925,60,2
926,60,3
927,60,4
928,60,5
929,60,15
930,60,16
931,60,17
932,60,18
933,60,19
934,60,20
935,60,21
936,60,22
937,60,23
938,61,0
939,61,1
940,61,2
941,61,3
942,61,4
943,61,5
944,61,15
945,61,16
946,61,17
947,61,18
948,61,19
949,61,20
950,61,21
951,61,22
952,61,23
953,62,0
954,62,1
955,62,2
956,62,3
957,62,4
958,62,5
959,62,15
960,62,16
961,62,17
962,62,18
963,62,19
964,62,20
965,62,21
966,62,22
967,62,23
968,63,0
969,63,1
970,63,2
971,63,3
972,63,4
973,63,5
974,63,16
975,63,17
976,63,18
977,63,19
978,63,20
979,63,21
980,63,22
981,63,23
982,64,0
983,64,1
984,64,2
985,64,3
986,64,4
987,64,5
988,64,16
989,64,17
990,64,18
991,64,19
992,64,20
993,64,21
994,64,22
995,64,23
996,65,0
997,65,1
998,65,2
999,65,3
1000,65,4
1001,65,5
1002,65,16
1003,65,17
1004,65,18
1005,65,19
1006,65,20
1007,65,21
1008,65,22
1009,65,23
1010,66,0
1011,66,1
1012,66,2
1013,66,3
1014,66,4
1015,66,5
1016,66,16
1017,66,17
1018,66,18
1019,66,19
1020,66,20
1021,66,21
1022,66,22
1023,66,23
1024,67,0
1025,67,1
1026,67,2
1027,67,3
1028,67,4
1029,67,5
1030,67,16
1031,67,17
1032,67,18
1033,67,19
1034,67,20
1035,67,21
1036,67,22
1037,67,23
1038,68,0
1039,68,1
1040,68,2
1041,68,3
1042,68,4
1043,68,5
1044,68,16
1045,68,17
1046,68,18
1047,68,19
1048,68,20
1049,68,21
1050,68,22
1051,68,23
1052,69,0
1053,69,1
1054,69,2
1055,69,3
1056,69,4
1057,69,5
1058,69,16
1059,69,17
1060,69,18
1061,69,19
1062,69,20
1063,69,21
1064,69,22
1065,69,23
1066,70,0
1067,70,1
1068,70,2
1069,70,3
1070,70,4
1071,70,5
1072,70,16
1073,70,17
1074,70,18
1075,70,19
1076,70,20
1077,70,21
1078,70,22
1079,70,23
1080,71,0
1081,71,1
1082,71,2
1083,71,3
1084,71,4
1085,71,16
1086,71,17
1087,71,18
1088,71,19
1089,71,20
1090,71,21
1091,71,22
1092,71,23
1093,72,0
1094,72,1
1095,72,2
1096,72,3
1097,72,4
1098,72,16
1099,72,17
1100,72,18
1101,72,19
1102,72,20
1103,72,21
1104,72,22
1105,72,23
1106,73,0
1107,73,1
1108,73,2
1109,73,3
1110,73,4
1111,73,16
1112,73,17
1113,73,18
1114,73,19
1115,73,20
1116,73,21
1117,73,22
1118,73,23
1119,74,0
1120,74,1
1121,74,2
1122,74,3
1123,74,4
1124,74,16
1125,74,17
1126,74,18
1127,74,19
1128,74,20
1129,74,21
1130,74,22
1131,74,23
1132,75,0
1133,75,1
1134,75,2
1135,75,3
1136,75,4
1137,75,16
1138,75,17
1139,75,18
1140,75,19
1141,75,20
1142,75,21
1143,75,22
1144,75,23
1145,76,0
1146,76,1
1147,76,2
1148,76,3
1149,76,4
1150,76,16
1151,76,17
1152,76,18
1153,76,19
1154,76,20
1155,76,21
1156,76,22
1157,76,23
1158,77,0
1159,77,1
1160,77,2
1161,77,3
1162,77,4
1163,77,16
1164,77,17
1165,77,18
1166,77,19
1167,77,20
1168,77,21
1169,77,22
1170,77,23
1171,78,0
1172,78,1
1173,78,2
1174,78,3
1175,78,4
1176,78,16
1177,78,17
1178,78,18
1179,78,19
1180,78,20
1181,78,21
1182,78,22
1183,78,23
1184,79,0
1185,79,1
1186,79,2
1187,79,3
1188,79,4
1189,79,16
1190,79,17
1191,79,18
1192,79,19
1193,79,20
1194,79,21
1195,79,22
1196,79,23
1197,80,0
1198,80,1
1199,80,2
1200,80,3
1201,80,4
1202,80,16
1203,80,17
1204,80,18
1205,80,19
1206,80,20
1207,80,21
1208,80,22
1209,80,23
1210,81,0
1211,81,1
1212,81,2
1213,81,3
1214,81,4
1215,81,16
1216,81,17
1217,81,18
1218,81,19
1219,81,20
1220,81,21
1221,81,22
1222,81,23
1223,82,0
1224,82,1
1225,82,2
1226,82,3
1227,82,4
1228,82,16
1229,82,17
1230,82,18
1231,82,19
1232,82,20
1233,82,21
1234,82,22
1235,82,23
1236,83,0
1237,83,1
1238,83,2
1239,83,3
1240,83,4
1241,83,16
1242,83,17
1243,83,18
1244,83,19
1245,83,20
1246,83,21
1247,83,22
1248,83,23
1249,84,0
1250,84,1
1251,84,2
1252,84,3
1253,84,4
1254,84,16
1255,84,17
1256,84,18
1257,84,19
1258,84,20
1259,84,21
1260,84,22
1261,84,23
1262,85,0
1263,85,1
1264,85,2
1265,85,3
1266,85,4
1267,85,16
1268,85,17
1269,85,18
1270,85,19
1271,85,20
1272,85,21
1273,85,22
1274,85,23
1275,86,0
1276,86,1
1277,86,2
1278,86,3
1279,86,4
1280,86,16
1281,86,17
1282,86,18
1283,86,19
1284,86,20
1285,86,21
1286,86,22
1287,86,23
1288,87,0
1289,87,1
1290,87,2
1291,87,3
1292,87,4
1293,87,16
1294,87,17
1295,87,18
1296,87,19
1297,87,20
1298,87,21
1299,87,22
1300,87,23
1301,88,0
1302,88,1
1303,88,2
1304,88,3
1305,88,4
1306,88,16
1307,88,17
1308,88,18
1309,88,19
1310,88,20
1311,88,21
1312,88,22
1313,88,23
1314,89,0
1315,89,1
1316,89,2
1317,89,3
1318,89,4
1319,89,16
1320,89,17
1321,89,18
1322,89,19
1323,89,20
1324,89,21
1325,89,22
1326,89,23
1327,90,0
1328,90,1
1329,90,2
1330,90,3
1331,90,4
1332,90,16
1333,90,17
1334,90,18
1335,90,19
1336,90,20
1337,90,21
1338,90,22
1339,90,23
1340,91,0
1341,91,1
1342,91,2
1343,91,3
1344,91,4
1345,91,16
1346,91,17
1347,91,18
1348,91,19
1349,91,20
1350,91,21
1351,91,22
1352,91,23
1353,92,0
1354,92,1
1355,92,2
1356,92,3
1357,92,4
1358,92,16
1359,92,17
1360,92,18
1361,92,19
1362,92,20
1363,92,21
1364,92,22
1365,92,23
1366,93,0
1367,93,1
1368,93,2
1369,93,3
1370,93,4
1371,93,16
1372,93,17
1373,93,18
1374,93,19
1375,93,20
1376,93,21
1377,93,22
1378,93,23
1379,94,0
1380,94,1
1381,94,2
1382,94,3
1383,94,4
1384,94,16
1385,94,17
1386,94,18
1387,94,19
1388,94,20
1389,94,21
1390,94,22
1391,94,23
1392,95,0
1393,95,1
1394,95,2
1395,95,3
1396,95,4
1397,95,16
1398,95,17
1399,95,18
1400,95,19
1401,95,20
1402,95,21
1403,95,22
1404,95,23
1405,96,0
1406,96,1
1407,96,2
1408,96,3
1409,96,4
1410,96,16
1411,96,17
1412,96,18
1413,96,19
1414,96,20
1415,96,21
1416,96,22
1417,96,23
1418,97,0
1419,97,1
1420,97,2
1421,97,3
1422,97,4
1423,97,16
1424,97,17
1425,97,18
1426,97,19
1427,97,20
1428,97,21
1429,97,22
1430,97,23
1431,98,0
1432,98,1
1433,98,2
1434,98,3
1435,98,4
1436,98,16
1437,98,17
1438,98,18
1439,98,19
1440,98,20
1441,98,21
1442,98,22
1443,98,23
1444,99,0
1445,99,1
1446,99,2
1447,99,3
1448,99,4
1449,99,16
1450,99,17
1451,99,18
1452,99,19
1453,99,20
1454,99,21
1455,99,22
1456,99,23
1457,100,0
1458,100,1
1459,100,2
1460,100,3
1461,100,4
1462,100,16
1463,100,17
1464,100,18
1465,100,19
1466,100,20
1467,100,21
1468,100,22
1469,100,23
1470,101,0
1471,101,1
1472,101,2
1473,101,3
1474,101,4
1475,101,16
1476,101,17
1477,101,18
1478,101,19
1479,101,20
1480,101,21
1481,101,22
1482,101,23
1483,102,0
1484,102,1
1485,102,2
1486,102,3
1487,102,4
1488,102,16
1489,102,17
1490,102,18
1491,102,19
1492,102,20
1493,102,21
1494,102,22
1495,102,23
1496,103,0
1497,103,1
1498,103,2
1499,103,3
1500,103,4
1501,103,16
1502,103,17
1503,103,18
1504,103,19
1505,103,20
1506,103,21
1507,103,22
1508,103,23
1509,104,0
1510,104,1
1511,104,2
1512,104,3
1513,104,4
1514,104,16
1515,104,17
1516,104,18
1517,104,19
1518,104,20
1519,104,21
1520,104,22
1521,104,23
1522,105,0
1523,105,1
1524,105,2
1525,105,3
1526,105,4
1527,105,16
1528,105,17
1529,105,18
1530,105,19
1531,105,20
1532,105,21
1533,105,22
1534,105,23
1535,106,0
1536,106,1
1537,106,2
1538,106,3
1539,106,4
1540,106,16
1541,106,17
1542,106,18
1543,106,19
1544,106,20
1545,106,21
1546,106,22
1547,106,23
1548,107,0
1549,107,1
1550,107,2
1551,107,3
1552,107,4
1553,107,16
1554,107,17
1555,107,18
1556,107,19
1557,107,20
1558,107,21
1559,107,22
1560,107,23
1561,108,0
1562,108,1
1563,108,2
1564,108,3
1565,108,4
1566,108,16
1567,108,17
1568,108,18
1569,108,19
1570,108,20
1571,108,21
1572,108,22
1573,108,23
1574,109,0
1575,109,1
1576,109,2
1577,109,3
1578,109,4
1579,109,16
1580,109,17
1581,109,18
1582,109,19
1583,109,20
1584,109,21
1585,109,22
1586,109,23
1587,110,0
1588,110,1
1589,110,2
1590,110,3
1591,110,4
1592,110,16
1593,110,17
1594,110,18
1595,110,19
1596,110,20
1597,110,21
1598,110,22
1599,110,23
1600,111,0
1601,111,1
1602,111,2
1603,111,3
1604,111,4
1605,111,16
1606,111,17
1607,111,18
1608,111,19
1609,111,20
1610,111,21
1611,111,22
1612,111,23
1613,112,0
1614,112,1
1615,112,2
1616,112,3
1617,112,4
1618,112,17
1619,112,18
1620,112,19
1621,112,20
1622,112,21
1623,112,22
1624,112,23
1625,113,0
1626,113,1
1627,113,2
1628,113,3
1629,113,4
1630,113,17
1631,113,18
1632,113,19
1633,113,20
1634,113,21
1635,113,22
1636,113,23
1637,114,0
1638,114,1
1639,114,2
1640,114,3
1641,114,4
1642,114,16
1643,114,17
1644,114,18
1645,114,19
1646,114,20
1647,114,21
1648,114,22
1649,114,23
1650,115,0
1651,115,1
1652,115,2
1653,115,3
1654,115,4
1655,115,17
1656,115,18
1657,115,19
1658,115,20
1659,115,21
1660,115,22
1661,115,23
1662,116,0
1663,116,1
1664,116,2
1665,116,3
1666,116,4
1667,116,17
1668,116,18
1669,116,19
1670,116,20
1671,116,21
1672,116,22
1673,116,23
1674,117,0
1675,117,1
1676,117,2
1677,117,3
1678,117,4
1679,117,17
1680,117,18
1681,117,19
1682,117,20
1683,117,21
1684,117,22
1685,117,23
1686,118,0
1687,118,1
1688,118,2
1689,118,3
1690,118,4
1691,118,17
1692,118,18
1693,118,19
1694,118,20
1695,118,21
1696,118,22
1697,118,23
1698,119,0
1699,119,1
1700,119,2
1701,119,3
1702,119,4
1703,119,17
1704,119,18
1705,119,19
1706,119,20
1707,119,21
1708,119,22
1709,119,23
1710,120,0
1711,120,1
1712,120,2
1713,120,3
1714,120,17
1715,120,18
1716,120,19
1717,120,20
1718,120,21
1719,120,22
1720,120,23
1721,121,0
1722,121,1
1723,121,2
1724,121,3
1725,121,17
1726,121,18
1727,121,19
1728,121,20
1729,121,21
1730,121,22
1731,121,23
1732,122,0
1733,122,1
1734,122,2
1735,122,3
1736,122,17
1737,122,18
1738,122,19
1739,122,20
1740,122,21
1741,122,22
1742,122,23
1743,123,0
1744,123,1
1745,123,2
1746,123,3
1747,123,17
1748,123,18
1749,123,19
1750,123,20
1751,123,21
1752,123,22
1753,123,23
1754,124,0
1755,124,1
1756,124,2
1757,124,3
1758,124,17
1759,124,18
1760,124,19
1761,124,20
1762,124,21
1763,124,22
1764,124,23
1765,125,0
1766,125,1
1767,125,2
1768,125,3
1769,125,17
1770,125,18
1771,125,19
1772,125,20
1773,125,21
1774,125,22
1775,125,23
1776,126,0
1777,126,1
1778,126,2
1779,126,3
1780,126,17
1781,126,18
1782,126,19
1783,126,20
1784,126,21
1785,126,22
1786,126,23
1787,127,0
1788,127,1
1789,127,2
1790,127,3
1791,127,17
1792,127,18
1793,127,19
1794,127,20
1795,127,21
1796,127,22
1797,127,23
1798,128,0
1799,128,1
1800,128,2
1801,128,3
1802,128,17
1803,128,18
1804,128,19
1805,128,20
1806,128,21
1807,128,22
1808,128,23
1809,129,0
1810,129,1
1811,129,2
1812,129,3
1813,129,17
1814,129,18
1815,129,19
1816,129,20
1817,129,21
1818,129,22
1819,129,23
1820,130,0
1821,130,1
1822,130,2
1823,130,3
1824,130,17
1825,130,18
1826,130,19
1827,130,20
1828,130,21
1829,130,22
1830,130,23
1831,131,0
1832,131,1
1833,131,2
1834,131,3
1835,131,17
1836,131,18
1837,131,19
1838,131,20
1839,131,21
1840,131,22
1841,131,23
1842,132,0
1843,132,1
1844,132,2
1845,132,3
1846,132,17
1847,132,18
1848,132,19
1849,132,20
1850,132,21
1851,132,22
1852,132,23
1853,133,0
1854,133,1
1855,133,2
1856,133,3
1857,133,17
1858,133,18
1859,133,19
1860,133,20
1861,133,21
1862,133,22
1863,133,23
1864,134,0
1865,134,1
1866,134,2
1867,134,3
1868,134,17
1869,134,18
1870,134,19
1871,134,20
1872,134,21
1873,134,22
1874,134,23
1875,135,0
1876,135,1
1877,135,2
1878,135,3
1879,135,17
1880,135,18
1881,135,19
1882,135,20
1883,135,21
1884,135,22
1885,135,23
1886,136,0
1887,136,1
1888,136,2
1889,136,3
1890,136,17
1891,136,18
1892,136,19
1893,136,20
1894,136,21
1895,136,22
1896,136,23
1897,137,0
1898,137,1
1899,137,2
1900,137,3
1901,137,17
1902,137,18
1903,137,19
1904,137,20
1905,137,21
1906,137,22
1907,137,23
1908,138,0
1909,138,1
1910,138,2
1911,138,3
1912,138,17
1913,138,18
1914,138,19
1915,138,20
1916,138,21
1917,138,22
1918,138,23
1919,139,0
1920,139,1
1921,139,2
1922,139,3
1923,139,17
1924,139,18
1925,139,19
1926,139,20
1927,139,21
1928,139,22
1929,139,23
1930,140,0
1931,140,1
1932,140,2
1933,140,3
1934,140,17
1935,140,18
1936,140,19
1937,140,20
1938,140,21
1939,140,22
1940,140,23
1941,141,0
1942,141,1
1943,141,2
1944,141,3
1945,141,17
1946,141,18
1947,141,19
1948,141,20
1949,141,21
1950,141,22
1951,141,23
1952,142,0
1953,142,1
1954,142,2
1955,142,3
1956,142,17
1957,142,18
1958,142,19
1959,142,20
1960,142,21
1961,142,22
1962,142,23
1963,143,0
1964,143,1
1965,143,2
1966,143,3
1967,143,17
1968,143,18
1969,143,19
1970,143,20
1971,143,21
1972,143,22
1973,143,23
1974,144,0
1975,144,1
1976,144,2
1977,144,3
1978,144,17
1979,144,18
1980,144,19
1981,144,20
1982,144,21
1983,144,22
1984,144,23
1985,145,0
1986,145,1
1987,145,2
1988,145,3
1989,145,17
1990,145,18
1991,145,19
1992,145,20
1993,145,21
1994,145,22
1995,145,23
1996,146,0
1997,146,1
1998,146,2
1999,146,3
2000,146,17
2001,146,18
2002,146,19
2003,146,20
2004,146,21
2005,146,22
2006,146,23
2007,147,0
2008,147,1
2009,147,2
2010,147,3
2011,147,17
2012,147,18
2013,147,19
2014,147,20
2015,147,21
2016,147,22
2017,147,23
2018,148,0
2019,148,1
2020,148,2
2021,148,3
2022,148,17
2023,148,18
2024,148,19
2025,148,20
2026,148,21
2027,148,22
2028,148,23
2029,149,0
2030,149,1
2031,149,2
2032,149,3
2033,149,17
2034,149,18
2035,149,19
2036,149,20
2037,149,21
2038,149,22
2039,149,23
2040,150,0
2041,150,1
2042,150,2
2043,150,3
2044,150,17
2045,150,18
2046,150,19
2047,150,20
2048,150,21
2049,150,22
2050,150,23
2051,151,0
2052,151,1
2053,151,2
2054,151,3
2055,151,17
2056,151,18
2057,151,19
2058,151,20
2059,151,21
2060,151,22
2061,151,23
2062,152,0
2063,152,1
2064,152,2
2065,152,3
2066,152,17
2067,152,18
2068,152,19
2069,152,20
2070,152,21
2071,152,22
2072,152,23
2073,153,0
2074,153,1
2075,153,2
2076,153,3
2077,153,17
2078,153,18
2079,153,19
2080,153,20
2081,153,21
2082,153,22
2083,153,23
2084,154,0
2085,154,1
2086,154,2
2087,154,3
2088,154,17
2089,154,18
2090,154,19
2091,154,20
2092,154,21
2093,154,22
2094,154,23
2095,155,0
2096,155,1
2097,155,2
2098,155,3
2099,155,17
2100,155,18
2101,155,19
2102,155,20
2103,155,21
2104,155,22
2105,155,23
2106,156,0
2107,156,1
2108,156,2
2109,156,3
2110,156,17
2111,156,18
2112,156,19
2113,156,20
2114,156,21
2115,156,22
2116,156,23
2117,157,0
2118,157,1
2119,157,2
2120,157,3
2121,157,17
2122,157,18
2123,157,19
2124,157,20
2125,157,21
2126,157,22
2127,157,23
2128,158,0
2129,158,1
2130,158,2
2131,158,3
2132,158,17
2133,158,18
2134,158,19
2135,158,20
2136,158,21
2137,158,22
2138,158,23
2139,159,0
2140,159,1
2141,159,2
2142,159,3
2143,159,17
2144,159,18
2145,159,19
2146,159,20
2147,159,21
2148,159,22
2149,159,23
2150,160,0
2151,160,1
2152,160,2
2153,160,3
2154,160,17
2155,160,18
2156,160,19
2157,160,20
2158,160,21
2159,160,22
2160,160,23
2161,161,0
2162,161,1
2163,161,2
2164,161,3
2165,161,17
2166,161,18
2167,161,19
2168,161,20
2169,161,21
2170,161,22
2171,161,23
2172,162,0
2173,162,1
2174,162,2
2175,162,3
2176,162,17
2177,162,18
2178,162,19
2179,162,20
2180,162,21
2181,162,22
2182,162,23
2183,163,0
2184,163,1
2185,163,2
2186,163,3
2187,163,17
2188,163,18
2189,163,19
2190,163,20
2191,163,21
2192,163,22
2193,163,23
2194,164,0
2195,164,1
2196,164,2
2197,164,3
2198,164,17
2199,164,18
2200,164,19
2201,164,20
2202,164,21
2203,164,22
2204,164,23
2205,165,0
2206,165,1
2207,165,2
2208,165,3
2209,165,17
2210,165,18
2211,165,19
2212,165,20
2213,165,21
2214,165,22
2215,165,23
2216,166,0
2217,166,1
2218,166,2
2219,166,3
2220,166,17
2221,166,18
2222,166,19
2223,166,20
2224,166,21
2225,166,22
2226,166,23
2227,167,0
2228,167,1
2229,167,2
2230,167,3
2231,167,17
2232,167,18
2233,167,19
2234,167,20
2235,167,21
2236,167,22
2237,167,23
2238,168,0
2239,168,1
2240,168,2
2241,168,3
2242,168,17
2243,168,18
2244,168,19
2245,168,20
2246,168,21
2247,168,22
2248,168,23
2249,169,0
2250,169,1
2251,169,2
2252,169,3
2253,169,17
2254,169,18
2255,169,19
2256,169,20
2257,169,21
2258,169,22
2259,169,23
2260,170,0
2261,170,1
2262,170,2
2263,170,3
2264,170,17
2265,170,18
2266,170,19
2267,170,20
2268,170,21
2269,170,22
2270,170,23
2271,171,0
2272,171,1
2273,171,2
2274,171,3
2275,171,17
2276,171,18
2277,171,19
2278,171,20
2279,171,21
2280,171,22
2281,171,23
2282,172,0
2283,172,1
2284,172,2
2285,172,3
2286,172,17
2287,172,18
2288,172,19
2289,172,20
2290,172,21
2291,172,22
2292,172,23
2293,173,0
2294,173,1
2295,173,2
2296,173,3
2297,173,17
2298,173,18
2299,173,19
2300,173,20
2301,173,21
2302,173,22
2303,173,23
2304,174,0
2305,174,1
2306,174,2
2307,174,3
2308,174,17
2309,174,18
2310,174,19
2311,174,20
2312,174,21
2313,174,22
2314,174,23
2315,175,0
2316,175,1
2317,175,2
2318,175,3
2319,175,17
2320,175,18
2321,175,19
2322,175,20
2323,175,21
2324,175,22
2325,175,23
2326,176,0
2327,176,1
2328,176,2
2329,176,3
2330,176,17
2331,176,18
2332,176,19
2333,176,20
2334,176,21
2335,176,22
2336,176,23
2337,177,0
2338,177,1
2339,177,2
2340,177,3
2341,177,17
2342,177,18
2343,177,19
2344,177,20
2345,177,21
2346,177,22
2347,177,23
2348,178,0
2349,178,1
2350,178,2
2351,178,3
2352,178,17
2353,178,18
2354,178,19
2355,178,20
2356,178,21
2357,178,22
2358,178,23
2359,179,0
2360,179,1
2361,179,2
2362,179,3
2363,179,17
2364,179,18
2365,179,19
2366,179,20
2367,179,21
2368,179,22
2369,179,23
2370,180,0
2371,180,1
2372,180,2
2373,180,3
2374,180,17
2375,180,18
2376,180,19
2377,180,20
2378,180,21
2379,180,22
2380,180,23
2381,181,0
2382,181,1
2383,181,2
2384,181,3
2385,181,17
2386,181,18
2387,181,19
2388,181,20
2389,181,21
2390,181,22
2391,181,23
2392,182,0
2393,182,1
2394,182,2
2395,182,3
2396,182,17
2397,182,18
2398,182,19
2399,182,20
2400,182,21
2401,182,22
2402,182,23
2403,183,0
2404,183,1
2405,183,2
2406,183,3
2407,183,17
2408,183,18
2409,183,19
2410,183,20
2411,183,21
2412,183,22
2413,183,23
2414,184,0
2415,184,1
2416,184,2
2417,184,3
2418,184,17
2419,184,18
2420,184,19
2421,184,20
2422,184,21
2423,184,22
2424,184,23
2425,185,0
2426,185,1
2427,185,2
2428,185,3
2429,185,17
2430,185,18
2431,185,19
2432,185,20
2433,185,21
2434,185,22
2435,185,23
2436,186,0
2437,186,1
2438,186,2
2439,186,3
2440,186,17
2441,186,18
2442,186,19
2443,186,20
2444,186,21
2445,186,22
2446,186,23
2447,187,0
2448,187,1
2449,187,2
2450,187,3
2451,187,17
2452,187,18
2453,187,19
2454,187,20
2455,187,21
2456,187,22
2457,187,23
2458,188,0
2459,188,1
2460,188,2
2461,188,3
2462,188,17
2463,188,18
2464,188,19
2465,188,20
2466,188,21
2467,188,22
2468,188,23
2469,189,0
2470,189,1
2471,189,2
2472,189,3
2473,189,17
2474,189,18
2475,189,19
2476,189,20
2477,189,21
2478,189,22
2479,189,23
2480,190,0
2481,190,1
2482,190,2
2483,190,3
2484,190,17
2485,190,18
2486,190,19
2487,190,20
2488,190,21
2489,190,22
2490,190,23
2491,191,0
2492,191,1
2493,191,2
2494,191,3
2495,191,17
2496,191,18
2497,191,19
2498,191,20
2499,191,21
2500,191,22
2501,191,23
2502,192,0
2503,192,1
2504,192,2
2505,192,3
2506,192,17
2507,192,18
2508,192,19
2509,192,20
2510,192,21
2511,192,22
2512,192,23
2513,193,0
2514,193,1
2515,193,2
2516,193,3
2517,193,17
2518,193,18
2519,193,19
2520,193,20
2521,193,21
2522,193,22
2523,193,23
2524,194,0
2525,194,1
2526,194,2
2527,194,3
2528,194,17
2529,194,18
2530,194,19
2531,194,20
2532,194,21
2533,194,22
2534,194,23
2535,195,0
2536,195,1
2537,195,2
2538,195,3
2539,195,17
2540,195,18
2541,195,19
2542,195,20
2543,195,21
2544,195,22
2545,195,23
2546,196,0
2547,196,1
2548,196,2
2549,196,3
2550,196,17
2551,196,18
2552,196,19
2553,196,20
2554,196,21
2555,196,22
2556,196,23
2557,197,0
2558,197,1
2559,197,2
2560,197,3
2561,197,17
2562,197,18
2563,197,19
2564,197,20
2565,197,21
2566,197,22
2567,197,23
2568,198,0
2569,198,1
2570,198,2
2571,198,3
2572,198,17
2573,198,18
2574,198,19
2575,198,20
2576,198,21
2577,198,22
2578,198,23
2579,199,0
2580,199,1
2581,199,2
2582,199,3
2583,199,17
2584,199,18
2585,199,19
2586,199,20
2587,199,21
2588,199,22
2589,199,23
2590,200,0
2591,200,1
2592,200,2
2593,200,3
2594,200,17
2595,200,18
2596,200,19
2597,200,20
2598,200,21
2599,200,22
2600,200,23
2601,201,0
2602,201,1
2603,201,2
2604,201,3
2605,201,17
2606,201,18
2607,201,19
2608,201,20
2609,201,21
2610,201,22
2611,201,23
2612,202,0
2613,202,1
2614,202,2
2615,202,3
2616,202,17
2617,202,18
2618,202,19
2619,202,20
2620,202,21
2621,202,22
2622,202,23
2623,203,0
2624,203,1
2625,203,2
2626,203,3
2627,203,17
2628,203,18
2629,203,19
2630,203,20
2631,203,21
2632,203,22
2633,203,23
2634,204,0
2635,204,1
2636,204,2
2637,204,3
2638,204,17
2639,204,18
2640,204,19
2641,204,20
2642,204,21
2643,204,22
2644,204,23
2645,205,0
2646,205,1
2647,205,2
2648,205,3
2649,205,17
2650,205,18
2651,205,19
2652,205,20
2653,205,21
2654,205,22
2655,205,23
2656,206,0
2657,206,1
2658,206,2
2659,206,3
2660,206,17
2661,206,18
2662,206,19
2663,206,20
2664,206,21
2665,206,22
2666,206,23
2667,207,0
2668,207,1
2669,207,2
2670,207,3
2671,207,17
2672,207,18
2673,207,19
2674,207,20
2675,207,21
2676,207,22
2677,207,23
2678,208,0
2679,208,1
2680,208,2
2681,208,3
2682,208,17
2683,208,18
2684,208,19
2685,208,20
2686,208,21
2687,208,22
2688,208,23
2689,209,0
2690,209,1
2691,209,2
2692,209,3
2693,209,17
2694,209,18
2695,209,19
2696,209,20
2697,209,21
2698,209,22
2699,209,23
2700,210,0
2701,210,1
2702,210,2
2703,210,3
2704,210,17
2705,210,18
2706,210,19
2707,210,20
2708,210,21
2709,210,22
2710,210,23
2711,211,0
2712,211,1
2713,211,2
2714,211,3
2715,211,17
2716,211,18
2717,211,19
2718,211,20
2719,211,21
2720,211,22
2721,211,23
2722,212,0
2723,212,1
2724,212,2
2725,212,3
2726,212,17
2727,212,18
2728,212,19
2729,212,20
2730,212,21
2731,212,22
2732,212,23
2733,213,0
2734,213,1
2735,213,2
2736,213,3
2737,213,17
2738,213,18
2739,213,19
2740,213,20
2741,213,21
2742,213,22
2743,213,23
2744,214,0
2745,214,1
2746,214,2
2747,214,3
2748,214,17
2749,214,18
2750,214,19
2751,214,20
2752,214,21
2753,214,22
2754,214,23
2755,215,0
2756,215,1
2757,215,2
2758,215,3
2759,215,17
2760,215,18
2761,215,19
2762,215,20
2763,215,21
2764,215,22
2765,215,23
2766,216,0
2767,216,1
2768,216,2
2769,216,3
2770,216,17
2771,216,18
2772,216,19
2773,216,20
2774,216,21
2775,216,22
2776,216,23
2777,217,0
2778,217,1
2779,217,2
2780,217,3
2781,217,17
2782,217,18
2783,217,19
2784,217,20
2785,217,21
2786,217,22
2787,217,23
2788,218,0
2789,218,1
2790,218,2
2791,218,3
2792,218,17
2793,218,18
2794,218,19
2795,218,20
2796,218,21
2797,218,22
2798,218,23
2799,219,0
2800,219,1
2801,219,2
2802,219,3
2803,219,17
2804,219,18
2805,219,19
2806,219,20
2807,219,21
2808,219,22
2809,219,23
2810,220,0
2811,220,1
2812,220,2
2813,220,3
2814,220,17
2815,220,18
2816,220,19
2817,220,20
2818,220,21
2819,220,22
2820,220,23
2821,221,0
2822,221,1
2823,221,2
2824,221,3
2825,221,17
2826,221,18
2827,221,19
2828,221,20
2829,221,21
2830,221,22
2831,221,23
2832,222,0
2833,222,1
2834,222,2
2835,222,3
2836,222,17
2837,222,18
2838,222,19
2839,222,20
2840,222,21
2841,222,22
2842,222,23
2843,223,0
2844,223,1
2845,223,2
2846,223,3
2847,223,17
2848,223,18
2849,223,19
2850,223,20
2851,223,21
2852,223,22
2853,223,23
2854,224,0
2855,224,1
2856,224,2
2857,224,3
2858,224,17
2859,224,18
2860,224,19
2861,224,20
2862,224,21
2863,224,22
2864,224,23
2865,225,0
2866,225,1
2867,225,2
2868,225,3
2869,225,17
2870,225,18
2871,225,19
2872,225,20
2873,225,21
2874,225,22
2875,225,23
2876,226,0
2877,226,1
2878,226,2
2879,226,3
2880,226,17
2881,226,18
2882,226,19
2883,226,20
2884,226,21
2885,226,22
2886,226,23
2887,227,0
2888,227,1
2889,227,2
2890,227,3
2891,227,17
2892,227,18
2893,227,19
2894,227,20
2895,227,21
2896,227,22
2897,227,23
2898,228,0
2899,228,1
2900,228,2
2901,228,3
2902,228,17
2903,228,18
2904,228,19
2905,228,20
2906,228,21
2907,228,22
2908,228,23
2909,229,0
2910,229,1
2911,229,2
2912,229,3
2913,229,17
2914,229,18
2915,229,19
2916,229,20
2917,229,21
2918,229,22
2919,229,23
2920,230,0
2921,230,1
2922,230,2
2923,230,3
2924,230,17
2925,230,18
2926,230,19
2927,230,20
2928,230,21
2929,230,22
2930,230,23
2931,231,0
2932,231,1
2933,231,2
2934,231,3
2935,231,17
2936,231,18
2937,231,19
2938,231,20
2939,231,21
2940,231,22
2941,231,23
2942,232,0
2943,232,1
2944,232,2
2945,232,3
2946,232,4
2947,232,17
2948,232,18
2949,232,19
2950,232,20
2951,232,21
2952,232,22
2953,232,23
2954,233,0
2955,233,1
2956,233,2
2957,233,3
2958,233,4
2959,233,17
2960,233,18
2961,233,19
2962,233,20
2963,233,21
2964,233,22
2965,233,23
2966,234,0
2967,234,1
2968,234,2
2969,234,3
2970,234,4
2971,234,17
2972,234,18
2973,234,19
2974,234,20
2975,234,21
2976,234,22
2977,234,23
2978,235,0
2979,235,1
2980,235,2
2981,235,3
2982,235,4
2983,235,17
2984,235,18
2985,235,19
2986,235,20
2987,235,21
2988,235,22
2989,235,23
2990,236,0
2991,236,1
2992,236,2
2993,236,3
2994,236,4
2995,236,16
2996,236,17
2997,236,18
2998,236,19
2999,236,20
3000,236,21
3001,236,22
3002,236,23
3003,237,0
3004,237,1
3005,237,2
3006,237,3
3007,237,4
3008,237,16
3009,237,17
3010,237,18
3011,237,19
3012,237,20
3013,237,21
3014,237,22
3015,237,23
3016,238,0
3017,238,1
3018,238,2
3019,238,3
3020,238,4
3021,238,16
3022,238,17
3023,238,18
3024,238,19
3025,238,20
3026,238,21
3027,238,22
3028,238,23
3029,239,0
3030,239,1
3031,239,2
3032,239,3
3033,239,4
3034,239,16
3035,239,17
3036,239,18
3037,239,19
3038,239,20
3039,239,21
3040,239,22
3041,239,23
3042,240,0
3043,240,1
3044,240,2
3045,240,3
3046,240,4
3047,240,16
3048,240,17
3049,240,18
3050,240,19
3051,240,20
3052,240,21
3053,240,22
3054,240,23
3055,241,0
3056,241,1
3057,241,2
3058,241,3
3059,241,4
3060,241,16
3061,241,17
3062,241,18
3063,241,19
3064,241,20
3065,241,21
3066,241,22
3067,241,23
3068,242,0
3069,242,1
3070,242,2
3071,242,3
3072,242,4
3073,242,16
3074,242,17
3075,242,18
3076,242,19
3077,242,20
3078,242,21
3079,242,22
3080,242,23
3081,243,0
3082,243,1
3083,243,2
3084,243,3
3085,243,4
3086,243,16
3087,243,17
3088,243,18
3089,243,19
3090,243,20
3091,243,21
3092,243,22
3093,243,23
3094,244,0
3095,244,1
3096,244,2
3097,244,3
3098,244,4
3099,244,16
3100,244,17
3101,244,18
3102,244,19
3103,244,20
3104,244,21
3105,244,22
3106,244,23
3107,245,0
3108,245,1
3109,245,2
3110,245,3
3111,245,4
3112,245,16
3113,245,17
3114,245,18
3115,245,19
3116,245,20
3117,245,21
3118,245,22
3119,245,23
3120,246,0
3121,246,1
3122,246,2
3123,246,3
3124,246,4
3125,246,16
3126,246,17
3127,246,18
3128,246,19
3129,246,20
3130,246,21
3131,246,22
3132,246,23
3133,247,0
3134,247,1
3135,247,2
3136,247,3
3137,247,4
3138,247,16
3139,247,17
3140,247,18
3141,247,19
3142,247,20
3143,247,21
3144,247,22
3145,247,23
3146,248,0
3147,248,1
3148,248,2
3149,248,3
3150,248,4
3151,248,16
3152,248,17
3153,248,18
3154,248,19
3155,248,20
3156,248,21
3157,248,22
3158,248,23
3159,249,0
3160,249,1
3161,249,2
3162,249,3
3163,249,4
3164,249,16
3165,249,17
3166,249,18
3167,249,19
3168,249,20
3169,249,21
3170,249,22
3171,249,23
3172,250,0
3173,250,1
3174,250,2
3175,250,3
3176,250,4
3177,250,16
3178,250,17
3179,250,18
3180,250,19
3181,250,20
3182,250,21
3183,250,22
3184,250,23
3185,251,0
3186,251,1
3187,251,2
3188,251,3
3189,251,4
3190,251,16
3191,251,17
3192,251,18
3193,251,19
3194,251,20
3195,251,21
3196,251,22
3197,251,23
3198,252,0
3199,252,1
3200,252,2
3201,252,3
3202,252,4
3203,252,16
3204,252,17
3205,252,18
3206,252,19
3207,252,20
3208,252,21
3209,252,22
3210,252,23
3211,253,0
3212,253,1
3213,253,2
3214,253,3
3215,253,4
3216,253,16
3217,253,17
3218,253,18
3219,253,19
3220,253,20
3221,253,21
3222,253,22
3223,253,23
3224,254,0
3225,254,1
3226,254,2
3227,254,3
3228,254,4
3229,254,16
3230,254,17
3231,254,18
3232,254,19
3233,254,20
3234,254,21
3235,254,22
3236,254,23
3237,255,0
3238,255,1
3239,255,2
3240,255,3
3241,255,4
3242,255,16
3243,255,17
3244,255,18
3245,255,19
3246,255,20
3247,255,21
3248,255,22
3249,255,23
3250,256,0
3251,256,1
3252,256,2
3253,256,3
3254,256,4
3255,256,16
3256,256,17
3257,256,18
3258,256,19
3259,256,20
3260,256,21
3261,256,22
3262,256,23
3263,257,0
3264,257,1
3265,257,2
3266,257,3
3267,257,4
3268,257,16
3269,257,17
3270,257,18
3271,257,19
3272,257,20
3273,257,21
3274,257,22
3275,257,23
3276,258,0
3277,258,1
3278,258,2
3279,258,3
3280,258,4
3281,258,16
3282,258,17
3283,258,18
3284,258,19
3285,258,20
3286,258,21
3287,258,22
3288,258,23
3289,259,0
3290,259,1
3291,259,2
3292,259,3
3293,259,4
3294,259,16
3295,259,17
3296,259,18
3297,259,19
3298,259,20
3299,259,21
3300,259,22
3301,259,23
3302,260,0
3303,260,1
3304,260,2
3305,260,3
3306,260,4
3307,260,16
3308,260,17
3309,260,18
3310,260,19
3311,260,20
3312,260,21
3313,260,22
3314,260,23
3315,261,0
3316,261,1
3317,261,2
3318,261,3
3319,261,4
3320,261,16
3321,261,17
3322,261,18
3323,261,19
3324,261,20
3325,261,21
3326,261,22
3327,261,23
3328,262,0
3329,262,1
3330,262,2
3331,262,3
3332,262,4
3333,262,16
3334,262,17
3335,262,18
3336,262,19
3337,262,20
3338,262,21
3339,262,22
3340,262,23
3341,263,0
3342,263,1
3343,263,2
3344,263,3
3345,263,4
3346,263,16
3347,263,17
3348,263,18
3349,263,19
3350,263,20
3351,263,21
3352,263,22
3353,263,23
3354,264,0
3355,264,1
3356,264,2
3357,264,3
3358,264,4
3359,264,16
3360,264,17
3361,264,18
3362,264,19
3363,264,20
3364,264,21
3365,264,22
3366,264,23
3367,265,0
3368,265,1
3369,265,2
3370,265,3
3371,265,4
3372,265,16
3373,265,17
3374,265,18
3375,265,19
3376,265,20
3377,265,21
3378,265,22
3379,265,23
3380,266,0
3381,266,1
3382,266,2
3383,266,3
3384,266,4
3385,266,16
3386,266,17
3387,266,18
3388,266,19
3389,266,20
3390,266,21
3391,266,22
3392,266,23
3393,267,0
3394,267,1
3395,267,2
3396,267,3
3397,267,4
3398,267,16
3399,267,17
3400,267,18
3401,267,19
3402,267,20
3403,267,21
3404,267,22
3405,267,23
3406,268,0
3407,268,1
3408,268,2
3409,268,3
3410,268,4
3411,268,16
3412,268,17
3413,268,18
3414,268,19
3415,268,20
3416,268,21
3417,268,22
3418,268,23
3419,269,0
3420,269,1
3421,269,2
3422,269,3
3423,269,4
3424,269,16
3425,269,17
3426,269,18
3427,269,19
3428,269,20
3429,269,21
3430,269,22
3431,269,23
3432,270,0
3433,270,1
3434,270,2
3435,270,3
3436,270,4
3437,270,16
3438,270,17
3439,270,18
3440,270,19
3441,270,20
3442,270,21
3443,270,22
3444,270,23
3445,271,0
3446,271,1
3447,271,2
3448,271,3
3449,271,4
3450,271,16
3451,271,17
3452,271,18
3453,271,19
3454,271,20
3455,271,21
3456,271,22
3457,271,23
3458,272,0
3459,272,1
3460,272,2
3461,272,3
3462,272,4
3463,272,16
3464,272,17
3465,272,18
3466,272,19
3467,272,20
3468,272,21
3469,272,22
3470,272,23
3471,273,0
3472,273,1
3473,273,2
3474,273,3
3475,273,4
3476,273,16
3477,273,17
3478,273,18
3479,273,19
3480,273,20
3481,273,21
3482,273,22
3483,273,23
3484,274,0
3485,274,1
3486,274,2
3487,274,3
3488,274,4
3489,274,16
3490,274,17
3491,274,18
3492,274,19
3493,274,20
3494,274,21
3495,274,22
3496,274,23
3497,275,0
3498,275,1
3499,275,2
3500,275,3
3501,275,4
3502,275,16
3503,275,17
3504,275,18
3505,275,19
3506,275,20
3507,275,21
3508,275,22
3509,275,23
3510,276,0
3511,276,1
3512,276,2
3513,276,3
3514,276,4
3515,276,16
3516,276,17
3517,276,18
3518,276,19
3519,276,20
3520,276,21
3521,276,22
3522,276,23
3523,277,0
3524,277,1
3525,277,2
3526,277,3
3527,277,4
3528,277,5
3529,277,16
3530,277,17
3531,277,18
3532,277,19
3533,277,20
3534,277,21
3535,277,22
3536,277,23
3537,278,0
3538,278,1
3539,278,2
3540,278,3
3541,278,4
3542,278,5
3543,278,16
3544,278,17
3545,278,18
3546,278,19
3547,278,20
3548,278,21
3549,278,22
3550,278,23
3551,279,0
3552,279,1
3553,279,2
3554,279,3
3555,279,4
3556,279,5
3557,279,16
3558,279,17
3559,279,18
3560,279,19
3561,279,20
3562,279,21
3563,279,22
3564,279,23
3565,280,0
3566,280,1
3567,280,2
3568,280,3
3569,280,4
3570,280,5
3571,280,16
3572,280,17
3573,280,18
3574,280,19
3575,280,20
3576,280,21
3577,280,22
3578,280,23
3579,281,0
3580,281,1
3581,281,2
3582,281,3
3583,281,4
3584,281,5
3585,281,15
3586,281,16
3587,281,17
3588,281,18
3589,281,19
3590,281,20
3591,281,21
3592,281,22
3593,281,23
3594,282,0
3595,282,1
3596,282,2
3597,282,3
3598,282,4
3599,282,5
3600,282,16
3601,282,17
3602,282,18
3603,282,19
3604,282,20
3605,282,21
3606,282,22
3607,282,23
3608,283,0
3609,283,1
3610,283,2
3611,283,3
3612,283,4
3613,283,5
3614,283,16
3615,283,17
3616,283,18
3617,283,19
3618,283,20
3619,283,21
3620,283,22
3621,283,23
3622,284,0
3623,284,1
3624,284,2
3625,284,3
3626,284,4
3627,284,5
3628,284,16
3629,284,17
3630,284,18
3631,284,19
3632,284,20
3633,284,21
3634,284,22
3635,284,23
3636,285,0
3637,285,1
3638,285,2
3639,285,3
3640,285,4
3641,285,5
3642,285,15
3643,285,16
3644,285,17
3645,285,18
3646,285,19
3647,285,20
3648,285,21
3649,285,22
3650,285,23
3651,286,0
3652,286,1
3653,286,2
3654,286,3
3655,286,4
3656,286,5
3657,286,15
3658,286,16
3659,286,17
3660,286,18
3661,286,19
3662,286,20
3663,286,21
3664,286,22
3665,286,23
3666,287,0
3667,287,1
3668,287,2
3669,287,3
3670,287,4
3671,287,5
3672,287,15
3673,287,16
3674,287,17
3675,287,18
3676,287,19
3677,287,20
3678,287,21
3679,287,22
3680,287,23
3681,288,0
3682,288,1
3683,288,2
3684,288,3
3685,288,4
3686,288,5
3687,288,15
3688,288,16
3689,288,17
3690,288,18
3691,288,19
3692,288,20
3693,288,21
3694,288,22
3695,288,23
3696,289,0
3697,289,1
3698,289,2
3699,289,3
3700,289,4
3701,289,5
3702,289,15
3703,289,16
3704,289,17
3705,289,18
3706,289,19
3707,289,20
3708,289,21
3709,289,22
3710,289,23
3711,290,0
3712,290,1
3713,290,2
3714,290,3
3715,290,4
3716,290,5
3717,290,15
3718,290,16
3719,290,17
3720,290,18
3721,290,19
3722,290,20
3723,290,21
3724,290,22
3725,290,23
3726,291,0
3727,291,1
3728,291,2
3729,291,3
3730,291,4
3731,291,5
3732,291,15
3733,291,16
3734,291,17
3735,291,18
3736,291,19
3737,291,20
3738,291,21
3739,291,22
3740,291,23
3741,292,0
3742,292,1
3743,292,2
3744,292,3
3745,292,4
3746,292,5
3747,292,15
3748,292,16
3749,292,17
3750,292,18
3751,292,19
3752,292,20
3753,292,21
3754,292,22
3755,292,23
3756,293,0
3757,293,1
3758,293,2
3759,293,3
3760,293,4
3761,293,5
3762,293,15
3763,293,16
3764,293,17
3765,293,18
3766,293,19
3767,293,20
3768,293,21
3769,293,22
3770,293,23
3771,294,0
3772,294,1
3773,294,2
3774,294,3
3775,294,4
3776,294,5
3777,294,15
3778,294,16
3779,294,17
3780,294,18
3781,294,19
3782,294,20
3783,294,21
3784,294,22
3785,294,23
3786,295,0
3787,295,1
3788,295,2
3789,295,3
3790,295,4
3791,295,5
3792,295,15
3793,295,16
3794,295,17
3795,295,18
3796,295,19
3797,295,20
3798,295,21
3799,295,22
3800,295,23
3801,296,0
3802,296,1
3803,296,2
3804,296,3
3805,296,4
3806,296,5
3807,296,15
3808,296,16
3809,296,17
3810,296,18
3811,296,19
3812,296,20
3813,296,21
3814,296,22
3815,296,23
3816,297,0
3817,297,1
3818,297,2
3819,297,3
3820,297,4
3821,297,5
3822,297,15
3823,297,16
3824,297,17
3825,297,18
3826,297,19
3827,297,20
3828,297,21
3829,297,22
3830,297,23
3831,298,0
3832,298,1
3833,298,2
3834,298,3
3835,298,4
3836,298,5
3837,298,15
3838,298,16
3839,298,17
3840,298,18
3841,298,19
3842,298,20
3843,298,21
3844,298,22
3845,298,23
3846,299,0
3847,299,1
3848,299,2
3849,299,3
3850,299,4
3851,299,5
3852,299,15
3853,299,16
3854,299,17
3855,299,18
3856,299,19
3857,299,20
3858,299,21
3859,299,22
3860,299,23
3861,300,0
3862,300,1
3863,300,2
3864,300,3
3865,300,4
3866,300,5
3867,300,15
3868,300,16
3869,300,17
3870,300,18
3871,300,19
3872,300,20
3873,300,21
3874,300,22
3875,300,23
3876,301,0
3877,301,1
3878,301,2
3879,301,3
3880,301,4
3881,301,5
3882,301,15
3883,301,16
3884,301,17
3885,301,18
3886,301,19
3887,301,20
3888,301,21
3889,301,22
3890,301,23
3891,302,0
3892,302,1
3893,302,2
3894,302,3
3895,302,4
3896,302,5
3897,302,15
3898,302,16
3899,302,17
3900,302,18
3901,302,19
3902,302,20
3903,302,21
3904,302,22
3905,302,23
3906,303,0
3907,303,1
3908,303,2
3909,303,3
3910,303,4
3911,303,5
3912,303,15
3913,303,16
3914,303,17
3915,303,18
3916,303,19
3917,303,20
3918,303,21
3919,303,22
3920,303,23
3921,304,0
3922,304,1
3923,304,2
3924,304,3
3925,304,4
3926,304,5
3927,304,15
3928,304,16
3929,304,17
3930,304,18
3931,304,19
3932,304,20
3933,304,21
3934,304,22
3935,304,23
3936,305,0
3937,305,1
3938,305,2
3939,305,3
3940,305,4
3941,305,5
3942,305,15
3943,305,16
3944,305,17
3945,305,18
3946,305,19
3947,305,20
3948,305,21
3949,305,22
3950,305,23
3951,306,0
3952,306,1
3953,306,2
3954,306,3
3955,306,4
3956,306,5
3957,306,15
3958,306,16
3959,306,17
3960,306,18
3961,306,19
3962,306,20
3963,306,21
3964,306,22
3965,306,23
3966,307,0
3967,307,1
3968,307,2
3969,307,3
3970,307,4
3971,307,5
3972,307,15
3973,307,16
3974,307,17
3975,307,18
3976,307,19
3977,307,20
3978,307,21
3979,307,22
3980,307,23
3981,308,0
3982,308,1
3983,308,2
3984,308,3
3985,308,4
3986,308,5
3987,308,15
3988,308,16
3989,308,17
3990,308,18
3991,308,19
3992,308,20
3993,308,21
3994,308,22
3995,308,23
3996,309,0
3997,309,1
3998,309,2
3999,309,3
4000,309,4
4001,309,5
4002,309,15
4003,309,16
4004,309,17
4005,309,18
4006,309,19
4007,309,20
4008,309,21
4009,309,22
4010,309,23
4011,310,0
4012,310,1
4013,310,2
4014,310,3
4015,310,4
4016,310,5
4017,310,15
4018,310,16
4019,310,17
4020,310,18
4021,310,19
4022,310,20
4023,310,21
4024,310,22
4025,310,23
4026,311,0
4027,311,1
4028,311,2
4029,311,3
4030,311,4
4031,311,5
4032,311,15
4033,311,16
4034,311,17
4035,311,18
4036,311,19
4037,311,20
4038,311,21
4039,311,22
4040,311,23
4041,312,0
4042,312,1
4043,312,2
4044,312,3
4045,312,4
4046,312,5
4047,312,15
4048,312,16
4049,312,17
4050,312,18
4051,312,19
4052,312,20
4053,312,21
4054,312,22
4055,312,23
4056,313,0
4057,313,1
4058,313,2
4059,313,3
4060,313,4
4061,313,5
4062,313,15
4063,313,16
4064,313,17
4065,313,18
4066,313,19
4067,313,20
4068,313,21
4069,313,22
4070,313,23
4071,314,0
4072,314,1
4073,314,2
4074,314,3
4075,314,4
4076,314,5
4077,314,6
4078,314,15
4079,314,16
4080,314,17
4081,314,18
4082,314,19
4083,314,20
4084,314,21
4085,314,22
4086,314,23
4087,315,0
4088,315,1
4089,315,2
4090,315,3
4091,315,4
4092,315,5
4093,315,15
4094,315,16
4095,315,17
4096,315,18
4097,315,19
4098,315,20
4099,315,21
4100,315,22
4101,315,23
4102,316,0
4103,316,1
4104,316,2
4105,316,3
4106,316,4
4107,316,5
4108,316,6
4109,316,15
4110,316,16
4111,316,17
4112,316,18
4113,316,19
4114,316,20
4115,316,21
4116,316,22
4117,316,23
4118,317,0
4119,317,1
4120,317,2
4121,317,3
4122,317,4
4123,317,5
4124,317,6
4125,317,15
4126,317,16
4127,317,17
4128,317,18
4129,317,19
4130,317,20
4131,317,21
4132,317,22
4133,317,23
4134,318,0
4135,318,1
4136,318,2
4137,318,3
4138,318,4
4139,318,5
4140,318,6
4141,318,15
4142,318,16
4143,318,17
4144,318,18
4145,318,19
4146,318,20
4147,318,21
4148,318,22
4149,318,23
4150,319,0
4151,319,1
4152,319,2
4153,319,3
4154,319,4
4155,319,5
4156,319,6
4157,319,15
4158,319,16
4159,319,17
4160,319,18
4161,319,19
4162,319,20
4163,319,21
4164,319,22
4165,319,23
4166,320,0
4167,320,1
4168,320,2
4169,320,3
4170,320,4
4171,320,5
4172,320,6
4173,320,15
4174,320,16
4175,320,17
4176,320,18
4177,320,19
4178,320,20
4179,320,21
4180,320,22
4181,320,23
4182,321,0
4183,321,1
4184,321,2
4185,321,3
4186,321,4
4187,321,5
4188,321,6
4189,321,15
4190,321,16
4191,321,17
4192,321,18
4193,321,19
4194,321,20
4195,321,21
4196,321,22
4197,321,23
4198,322,0
4199,322,1
4200,322,2
4201,322,3
4202,322,4
4203,322,5
4204,322,6
4205,322,15
4206,322,16
4207,322,17
4208,322,18
4209,322,19
4210,322,20
4211,322,21
4212,322,22
4213,322,23
4214,323,0
4215,323,1
4216,323,2
4217,323,3
4218,323,4
4219,323,5
4220,323,6
4221,323,15
4222,323,16
4223,323,17
4224,323,18
4225,323,19
4226,323,20
4227,323,21
4228,323,22
4229,323,23
4230,324,0
4231,324,1
4232,324,2
4233,324,3
4234,324,4
4235,324,5
4236,324,6
4237,324,15
4238,324,16
4239,324,17
4240,324,18
4241,324,19
4242,324,20
4243,324,21
4244,324,22
4245,324,23
4246,325,0
4247,325,1
4248,325,2
4249,325,3
4250,325,4
4251,325,5
4252,325,6
4253,325,15
4254,325,16
4255,325,17
4256,325,18
4257,325,19
4258,325,20
4259,325,21
4260,325,22
4261,325,23
4262,326,0
4263,326,1
4264,326,2
4265,326,3
4266,326,4
4267,326,5
4268,326,6
4269,326,15
4270,326,16
4271,326,17
4272,326,18
4273,326,19
4274,326,20
4275,326,21
4276,326,22
4277,326,23
4278,327,0
4279,327,1
4280,327,2
4281,327,3
4282,327,4
4283,327,5
4284,327,6
4285,327,15
4286,327,16
4287,327,17
4288,327,18
4289,327,19
4290,327,20
4291,327,21
4292,327,22
4293,327,23
4294,328,0
4295,328,1
4296,328,2
4297,328,3
4298,328,4
4299,328,5
4300,328,6
4301,328,15
4302,328,16
4303,328,17
4304,328,18
4305,328,19
4306,328,20
4307,328,21
4308,328,22
4309,328,23
4310,329,0
4311,329,1
4312,329,2
4313,329,3
4314,329,4
4315,329,5
4316,329,6
4317,329,15
4318,329,16
4319,329,17
4320,329,18
4321,329,19
4322,329,20
4323,329,21
4324,329,22
4325,329,23
4326,330,0
4327,330,1
4328,330,2
4329,330,3
4330,330,4
4331,330,5
4332,330,6
4333,330,15
4334,330,16
4335,330,17
4336,330,18
4337,330,19
4338,330,20
4339,330,21
4340,330,22
4341,330,23
4342,331,0
4343,331,1
4344,331,2
4345,331,3
4346,331,4
4347,331,5
4348,331,6
4349,331,15
4350,331,16
4351,331,17
4352,331,18
4353,331,19
4354,331,20
4355,331,21
4356,331,22
4357,331,23
4358,332,0
4359,332,1
4360,332,2
4361,332,3
4362,332,4
4363,332,5
4364,332,6
4365,332,15
4366,332,16
4367,332,17
4368,332,18
4369,332,19
4370,332,20
4371,332,21
4372,332,22
4373,332,23
4374,333,0
4375,333,1
4376,333,2
4377,333,3
4378,333,4
4379,333,5
4380,333,6
4381,333,15
4382,333,16
4383,333,17
4384,333,18
4385,333,19
4386,333,20
4387,333,21
4388,333,22
4389,333,23
4390,334,0
4391,334,1
4392,334,2
4393,334,3
4394,334,4
4395,334,5
4396,334,6
4397,334,14
4398,334,15
4399,334,16
4400,334,17
4401,334,18
4402,334,19
4403,334,20
4404,334,21
4405,334,22
4406,334,23
4407,335,0
4408,335,1
4409,335,2
4410,335,3
4411,335,4
4412,335,5
4413,335,6
4414,335,15
4415,335,16
4416,335,17
4417,335,18
4418,335,19
4419,335,20
4420,335,21
4421,335,22
4422,335,23
4423,336,0
4424,336,1
4425,336,2
4426,336,3
4427,336,4
4428,336,5
4429,336,6
4430,336,15
4431,336,16
4432,336,17
4433,336,18
4434,336,19
4435,336,20
4436,336,21
4437,336,22
4438,336,23
4439,337,0
4440,337,1
4441,337,2
4442,337,3
4443,337,4
4444,337,5
4445,337,6
4446,337,15
4447,337,16
4448,337,17
4449,337,18
4450,337,19
4451,337,20
4452,337,21
4453,337,22
4454,337,23
4455,338,0
4456,338,1
4457,338,2
4458,338,3
4459,338,4
4460,338,5
4461,338,6
4462,338,15
4463,338,16
4464,338,17
4465,338,18
4466,338,19
4467,338,20
4468,338,21
4469,338,22
4470,338,23
4471,339,0
4472,339,1
4473,339,2
4474,339,3
4475,339,4
4476,339,5
4477,339,6
4478,339,14
4479,339,15
4480,339,16
4481,339,17
4482,339,18
4483,339,19
4484,339,20
4485,339,21
4486,339,22
4487,339,23
4488,340,0
4489,340,1
4490,340,2
4491,340,3
4492,340,4
4493,340,5
4494,340,6
4495,340,14
4496,340,15
4497,340,16
4498,340,17
4499,340,18
4500,340,19
4501,340,20
4502,340,21
4503,340,22
4504,340,23
4505,341,0
4506,341,1
4507,341,2
4508,341,3
4509,341,4
4510,341,5
4511,341,6
4512,341,14
4513,341,15
4514,341,16
4515,341,17
4516,341,18
4517,341,19
4518,341,20
4519,341,21
4520,341,22
4521,341,23
4522,342,0
4523,342,1
4524,342,2
4525,342,3
4526,342,4
4527,342,5
4528,342,6
4529,342,15
4530,342,16
4531,342,17
4532,342,18
4533,342,19
4534,342,20
4535,342,21
4536,342,22
4537,342,23
4538,343,0
4539,343,1
4540,343,2
4541,343,3
4542,343,4
4543,343,5
4544,343,6
4545,343,14
4546,343,15
4547,343,16
4548,343,17
4549,343,18
4550,343,19
4551,343,20
4552,343,21
4553,343,22
4554,343,23
4555,344,0
4556,344,1
4557,344,2
4558,344,3
4559,344,4
4560,344,5
4561,344,6
4562,344,14
4563,344,15
4564,344,16
4565,344,17
4566,344,18
4567,344,19
4568,344,20
4569,344,21
4570,344,22
4571,344,23
4572,345,0
4573,345,1
4574,345,2
4575,345,3
4576,345,4
4577,345,5
4578,345,6
4579,345,14
4580,345,15
4581,345,16
4582,345,17
4583,345,18
4584,345,19
4585,345,20
4586,345,21
4587,345,22
4588,345,23
4589,346,0
4590,346,1
4591,346,2
4592,346,3
4593,346,4
4594,346,5
4595,346,6
4596,346,14
4597,346,15
4598,346,16
4599,346,17
4600,346,18
4601,346,19
4602,346,20
4603,346,21
4604,346,22
4605,346,23
4606,347,0
4607,347,1
4608,347,2
4609,347,3
4610,347,4
4611,347,5
4612,347,6
4613,347,14
4614,347,15
4615,347,16
4616,347,17
4617,347,18
4618,347,19
4619,347,20
4620,347,21
4621,347,22
4622,347,23
4623,348,0
4624,348,1
4625,348,2
4626,348,3
4627,348,4
4628,348,5
4629,348,6
4630,348,14
4631,348,15
4632,348,16
4633,348,17
4634,348,18
4635,348,19
4636,348,20
4637,348,21
4638,348,22
4639,348,23
4640,349,0
4641,349,1
4642,349,2
4643,349,3
4644,349,4
4645,349,5
4646,349,6
4647,349,14
4648,349,15
4649,349,16
4650,349,17
4651,349,18
4652,349,19
4653,349,20
4654,349,21
4655,349,22
4656,349,23
4657,350,0
4658,350,1
4659,350,2
4660,350,3
4661,350,4
4662,350,5
4663,350,6
4664,350,14
4665,350,15
4666,350,16
4667,350,17
4668,350,18
4669,350,19
4670,350,20
4671,350,21
4672,350,22
4673,350,23
4674,351,0
4675,351,1
4676,351,2
4677,351,3
4678,351,4
4679,351,5
4680,351,6
4681,351,14
4682,351,15
4683,351,16
4684,351,17
4685,351,18
4686,351,19
4687,351,20
4688,351,21
4689,351,22
4690,351,23
4691,352,0
4692,352,1
4693,352,2
4694,352,3
4695,352,4
4696,352,5
4697,352,6
4698,352,14
4699,352,15
4700,352,16
4701,352,17
4702,352,18
4703,352,19
4704,352,20
4705,352,21
4706,352,22
4707,352,23
4708,353,0
4709,353,1
4710,353,2
4711,353,3
4712,353,4
4713,353,5
4714,353,6
4715,353,14
4716,353,15
4717,353,16
4718,353,17
4719,353,18
4720,353,19
4721,353,20
4722,353,21
4723,353,22
4724,353,23
4725,354,0
4726,354,1
4727,354,2
4728,354,3
4729,354,4
4730,354,5
4731,354,6
4732,354,14
4733,354,15
4734,354,16
4735,354,17
4736,354,18
4737,354,19
4738,354,20
4739,354,21
4740,354,22
4741,354,23
4742,355,0
4743,355,1
4744,355,2
4745,355,3
4746,355,4
4747,355,5
4748,355,6
4749,355,14
4750,355,15
4751,355,16
4752,355,17
4753,355,18
4754,355,19
4755,355,20
4756,355,21
4757,355,22
4758,355,23
4759,356,0
4760,356,1
4761,356,2
4762,356,3
4763,356,4
4764,356,5
4765,356,6
4766,356,14
4767,356,15
4768,356,16
4769,356,17
4770,356,18
4771,356,19
4772,356,20
4773,356,21
4774,356,22
4775,356,23
4776,357,0
4777,357,1
4778,357,2
4779,357,3
4780,357,4
4781,357,5
4782,357,6
4783,357,14
4784,357,15
4785,357,16
4786,357,17
4787,357,18
4788,357,19
4789,357,20
4790,357,21
4791,357,22
4792,357,23
4793,358,0
4794,358,1
4795,358,2
4796,358,3
4797,358,4
4798,358,5
4799,358,6
4800,358,14
4801,358,15
4802,358,16
4803,358,17
4804,358,18
4805,358,19
4806,358,20
4807,358,21
4808,358,22
4809,358,23
4810,359,0
4811,359,1
4812,359,2
4813,359,3
4814,359,4
4815,359,5
4816,359,6
4817,359,14
4818,359,15
4819,359,16
4820,359,17
4821,359,18
4822,359,19
4823,359,20
4824,359,21
4825,359,22
4826,359,23
4827,360,0
4828,360,1
4829,360,2
4830,360,3
4831,360,4
4832,360,5
4833,360,6
4834,360,14
4835,360,15
4836,360,16
4837,360,17
4838,360,18
4839,360,19
4840,360,20
4841,360,21
4842,360,22
4843,360,23
4844,361,0
4845,361,1
4846,361,2
4847,361,3
4848,361,4
4849,361,5
4850,361,6
4851,361,14
4852,361,15
4853,361,16
4854,361,17
4855,361,18
4856,361,19
4857,361,20
4858,361,21
4859,361,22
4860,361,23
4861,362,0
4862,362,1
4863,362,2
4864,362,3
4865,362,4
4866,362,5
4867,362,6
4868,362,14
4869,362,15
4870,362,16
4871,362,17
4872,362,18
4873,362,19
4874,362,20
4875,362,21
4876,362,22
4877,362,23
4878,363,0
4879,363,1
4880,363,2
4881,363,3
4882,363,4
4883,363,5
4884,363,6
4885,363,14
4886,363,15
4887,363,16
4888,363,17
4889,363,18
4890,363,19
4891,363,20
4892,363,21
4893,363,22
4894,363,23
4895,364,0
4896,364,1
4897,364,2
4898,364,3
4899,364,4
4900,364,5
4901,364,6
4902,364,14
4903,364,15
4904,364,16
4905,364,17
4906,364,18
4907,364,19
4908,364,20
4909,364,21
4910,364,22
4911,364,23
4912,365,0
4913,365,1
4914,365,2
4915,365,3
4916,365,4
4917,365,5
4918,365,6
4919,365,14
4920,365,15
4921,365,16
4922,365,17
4923,365,18
4924,365,19
4925,365,20
4926,365,21
4927,365,22
4928,365,23
