,day,hour
0,1,0
1,1,1
2,1,2
3,1,3
4,1,4
5,1,5
6,1,6
7,1,7
8,1,15
9,1,16
10,1,17
11,1,18
12,1,19
13,1,20
14,1,21
15,1,22
16,1,23
17,2,0
18,2,1
19,2,2
20,2,3
21,2,4
22,2,5
23,2,6
24,2,7
25,2,15
26,2,16
27,2,17
28,2,18
29,2,19
30,2,20
31,2,21
32,2,22
33,2,23
34,3,0
35,3,1
36,3,2
37,3,3
38,3,4
39,3,5
40,3,6
41,3,7
42,3,15
43,3,16
44,3,17
45,3,18
46,3,19
47,3,20
48,3,21
49,3,22
50,3,23
51,4,0
52,4,1
53,4,2
54,4,3
55,4,4
56,4,5
57,4,6
58,4,7
59,4,15
60,4,16
61,4,17
62,4,18
63,4,19
64,4,20
65,4,21
66,4,22
67,4,23
68,5,0
69,5,1
70,5,2
71,5,3
72,5,4
73,5,5
74,5,6
75,5,7
76,5,15
77,5,16
78,5,17
79,5,18
80,5,19
81,5,20
82,5,21
83,5,22
84,5,23
85,6,0
86,6,1
87,6,2
88,6,3
89,6,4
90,6,5
91,6,6
92,6,7
93,6,15
94,6,16
95,6,17
96,6,18
97,6,19
98,6,20
99,6,21
100,6,22
101,6,23
102,7,0
103,7,1
104,7,2
105,7,3
106,7,4
107,7,5
108,7,6
109,7,7
110,7,15
111,7,16
112,7,17
113,7,18
114,7,19
115,7,20
116,7,21
117,7,22
118,7,23
119,8,0
120,8,1
121,8,2
122,8,3
123,8,4
124,8,5
125,8,6
126,8,7
127,8,15
128,8,16
129,8,17
130,8,18
131,8,19
132,8,20
133,8,21
134,8,22
135,8,23
136,9,0
137,9,1
138,9,2
139,9,3
140,9,4
141,9,5
142,9,6
143,9,7
144,9,15
145,9,16
146,9,17
147,9,18
148,9,19
149,9,20
150,9,21
151,9,22
152,9,23
153,10,0
154,10,1
155,10,2
156,10,3
157,10,4
158,10,5
159,10,6
160,10,7
161,10,15
162,10,16
163,10,17
164,10,18
165,10,19
166,10,20
167,10,21
168,10,22
169,10,23
170,11,0
171,11,1
172,11,2
173,11,3
174,11,4
175,11,5
176,11,6
177,11,7
178,11,15
179,11,16
180,11,17
181,11,18
182,11,19
183,11,20
184,11,21
185,11,22
186,11,23
187,12,0
188,12,1
189,12,2
190,12,3
191,12,4
192,12,5
193,12,6
194,12,7
195,12,15
196,12,16
197,12,17
198,12,18
199,12,19
200,12,20
201,12,21
202,12,22
203,12,23
204,13,0
205,13,1
206,13,2
207,13,3
208,13,4
209,13,5
210,13,6
211,13,7
212,13,15
213,13,16
214,13,17
215,13,18
216,13,19
217,13,20
218,13,21
219,13,22
220,13,23
221,14,0
222,14,1
223,14,2
224,14,3
225,14,4
226,14,5
227,14,6
228,14,15
229,14,16
230,14,17
231,14,18
232,14,19
233,14,20
234,14,21
235,14,22
236,14,23
237,15,0
238,15,1
239,15,2
240,15,3
241,15,4
242,15,5
243,15,6
244,15,15
245,15,16
246,15,17
247,15,18
248,15,19
249,15,20
250,15,21
251,15,22
252,15,23
253,16,0
254,16,1
255,16,2
256,16,3
257,16,4
258,16,5
259,16,6
260,16,15
261,16,16
262,16,17
263,16,18
264,16,19
265,16,20
266,16,21
267,16,22
268,16,23
269,17,0
270,17,1
271,17,2
272,17,3
273,17,4
274,17,5
275,17,6
276,17,15
277,17,16
278,17,17
279,17,18
280,17,19
281,17,20
282,17,21
283,17,22
284,17,23
285,18,0
286,18,1
287,18,2
288,18,3
289,18,4
290,18,5
291,18,6
292,18,15
293,18,16
294,18,17
295,18,18
296,18,19
297,18,20
298,18,21
299,18,22
300,18,23
301,19,0
302,19,1
303,19,2
304,19,3
305,19,4
306,19,5
307,19,6
308,19,15
309,19,16
310,19,17
311,19,18
312,19,19
313,19,20
314,19,21
315,19,22
316,19,23
317,20,0
318,20,1
319,20,2
320,20,3
321,20,4
322,20,5
323,20,6
324,20,15
325,20,16
326,20,17
327,20,18
328,20,19
329,20,20
330,20,21
331,20,22
332,20,23
333,21,0
334,21,1
335,21,2
336,21,3
337,21,4
338,21,5
339,21,6
340,21,15
341,21,16
342,21,17
343,21,18
344,21,19
345,21,20
346,21,21
347,21,22
348,21,23
349,22,0
350,22,1
351,22,2
352,22,3
353,22,4
354,22,5
355,22,6
356,22,15
357,22,16
358,22,17
359,22,18
360,22,19
361,22,20
362,22,21
363,22,22
364,22,23
365,23,0
366,23,1
367,23,2
368,23,3
369,23,4
370,23,5
371,23,6
372,23,15
373,23,16
374,23,17
375,23,18
376,23,19
377,23,20
378,23,21
379,23,22
380,23,23
381,24,0
382,24,1
383,24,2
384,24,3
385,24,4
386,24,5
387,24,6
388,24,15
389,24,16
390,24,17
391,24,18
392,24,19
393,24,20
394,24,21
395,24,22
396,24,23
397,25,0
398,25,1
399,25,2
400,25,3
401,25,4
402,25,5
403,25,6
404,25,15
405,25,16
406,25,17
407,25,18
408,25,19
409,25,20
410,25,21
411,25,22
412,25,23
413,26,0
414,26,1
415,26,2
416,26,3
417,26,4
418,26,5
419,26,6
420,26,15
421,26,16
422,26,17
423,26,18
424,26,19
425,26,20
426,26,21
427,26,22
428,26,23
429,27,0
430,27,1
431,27,2
432,27,3
433,27,4
434,27,5
435,27,6
436,27,15
437,27,16
438,27,17
439,27,18
440,27,19
441,27,20
442,27,21
443,27,22
444,27,23
445,28,0
446,28,1
447,28,2
448,28,3
449,28,4
450,28,5
451,28,6
452,28,16
453,28,17
454,28,18
455,28,19
456,28,20
457,28,21
458,28,22
459,28,23
460,29,0
461,29,1
462,29,2
463,29,3
464,29,4
465,29,5
466,29,6
467,29,16
468,29,17
469,29,18
470,29,19
471,29,20
472,29,21
473,29,22
474,29,23
475,30,0
476,30,1
477,30,2
478,30,3
479,30,4
480,30,5
481,30,6
482,30,16
483,30,17
484,30,18
485,30,19
486,30,20
487,30,21
488,30,22
489,30,23
490,31,0
491,31,1
492,31,2
493,31,3
494,31,4
495,31,5
496,31,6
497,31,16
498,31,17
499,31,18
500,31,19
501,31,20
502,31,21
503,31,22
504,31,23
505,32,0
506,32,1
507,32,2
508,32,3
509,32,4
510,32,5
511,32,6
512,32,16
513,32,17
514,32,18
515,32,19
516,32,20
517,32,21
518,32,22
519,32,23
520,33,0
521,33,1
522,33,2
523,33,3
524,33,4
525,33,5
526,33,6
527,33,16
528,33,17
529,33,18
530,33,19
531,33,20
532,33,21
533,33,22
534,33,23
535,34,0
536,34,1
537,34,2
538,34,3
539,34,4
540,34,5
541,34,6
542,34,16
543,34,17
544,34,18
545,34,19
546,34,20
547,34,21
548,34,22
549,34,23
550,35,0
551,35,1
552,35,2
553,35,3
554,35,4
555,35,5
556,35,6
557,35,16
558,35,17
559,35,18
560,35,19
561,35,20
562,35,21
563,35,22
564,35,23
565,36,0
566,36,1
567,36,2
568,36,3
569,36,4
570,36,5
571,36,6
572,36,16
573,36,17
574,36,18
575,36,19
576,36,20
577,36,21
578,36,22
579,36,23
580,37,0
581,37,1
582,37,2
583,37,3
584,37,4
585,37,5
586,37,6
587,37,16
588,37,17
589,37,18
590,37,19
591,37,20
592,37,21
593,37,22
594,37,23
595,38,0
596,38,1
597,38,2
598,38,3
599,38,4
600,38,5
601,38,6
602,38,16
603,38,17
604,38,18
605,38,19
606,38,20
607,38,21
608,38,22
609,38,23
610,39,0
611,39,1
612,39,2
613,39,3
614,39,4
615,39,5
616,39,6
617,39,16
618,39,17
619,39,18
620,39,19
621,39,20
622,39,21
623,39,22
624,39,23
625,40,0
626,40,1
627,40,2
628,40,3
629,40,4
630,40,5
631,40,6
632,40,16
633,40,17
634,40,18
635,40,19
636,40,20
637,40,21
638,40,22
639,40,23
640,41,0
641,41,1
642,41,2
643,41,3
644,41,4
645,41,5
646,41,6
647,41,16
648,41,17
649,41,18
650,41,19
651,41,20
652,41,21
653,41,22
654,41,23
655,42,0
656,42,1
657,42,2
658,42,3
659,42,4
660,42,5
661,42,6
662,42,16
663,42,17
664,42,18
665,42,19
666,42,20
667,42,21
668,42,22
669,42,23
670,43,0
671,43,1
672,43,2
673,43,3
674,43,4
675,43,5
676,43,6
677,43,16
678,43,17
679,43,18
680,43,19
681,43,20
682,43,21
683,43,22
684,43,23
685,44,0
686,44,1
687,44,2
688,44,3
689,44,4
690,44,5
691,44,6
692,44,16
693,44,17
694,44,18
695,44,19
696,44,20
697,44,21
698,44,22
699,44,23
700,45,0
701,45,1
702,45,2
703,45,3
704,45,4
705,45,5
706,45,6
707,45,16
708,45,17
709,45,18
710,45,19
711,45,20
712,45,21
713,45,22
714,45,23
715,46,0
716,46,1
717,46,2
718,46,3
719,46,4
720,46,5
721,46,6
722,46,16
723,46,17
724,46,18
725,46,19
726,46,20
727,46,21
728,46,22
729,46,23
730,47,0
731,47,1
732,47,2
733,47,3
734,47,4
735,47,5
736,47,6
737,47,16
738,47,17
739,47,18
740,47,19
741,47,20
742,47,21
743,47,22
744,47,23
745,48,0
746,48,1
747,48,2
748,48,3
749,48,4
750,48,5
751,48,6
752,48,16
753,48,17
754,48,18
755,48,19
756,48,20
757,48,21
758,48,22
759,48,23
760,49,0
761,49,1
762,49,2
763,49,3
764,49,4
765,49,5
766,49,6
767,49,16
768,49,17
769,49,18
770,49,19
771,49,20
772,49,21
773,49,22
774,49,23
775,50,0
776,50,1
777,50,2
778,50,3
779,50,4
780,50,5
781,50,6
782,50,16
783,50,17
784,50,18
785,50,19
786,50,20
787,50,21
788,50,22
789,50,23
790,51,0
791,51,1
792,51,2
793,51,3
794,51,4
795,51,5
796,51,6
797,51,16
798,51,17
799,51,18
800,51,19
801,51,20
802,51,21
803,51,22
804,51,23
805,52,0
806,52,1
807,52,2
808,52,3
809,52,4
810,52,5
811,52,6
812,52,16
813,52,17
814,52,18
815,52,19
816,52,20
817,52,21
818,52,22
819,52,23
820,53,0
821,53,1
822,53,2
823,53,3
824,53,4
825,53,5
826,53,6
827,53,16
828,53,17
829,53,18
830,53,19
831,53,20
832,53,21
833,53,22
834,53,23
835,54,0
836,54,1
837,54,2
838,54,3
839,54,4
840,54,5
841,54,6
842,54,16
843,54,17
844,54,18
845,54,19
846,54,20
847,54,21
848,54,22
849,54,23
850,55,0
851,55,1
852,55,2
853,55,3
854,55,4
855,55,5
856,55,6
857,55,16
858,55,17
859,55,18
860,55,19
861,55,20
862,55,21
863,55,22
864,55,23
865,56,0
866,56,1
867,56,2
868,56,3
869,56,4
870,56,5
871,56,6
872,56,16
873,56,17
874,56,18
875,56,19
876,56,20
877,56,21
878,56,22
879,56,23
880,57,0
881,57,1
882,57,2
883,57,3
884,57,4
885,57,5
886,57,6
887,57,16
888,57,17
889,57,18
890,57,19
891,57,20
892,57,21
893,57,22
894,57,23
895,58,0
896,58,1
897,58,2
898,58,3
899,58,4
900,58,5
901,58,6
902,58,16
903,58,17
904,58,18
905,58,19
906,58,20
907,58,21
908,58,22
909,58,23
910,59,0
911,59,1
912,59,2
913,59,3
914,59,4
915,59,5
916,59,6
917,59,16
918,59,17
919,59,18
920,59,19
921,59,20
922,59,21
923,59,22
924,59,23
925,60,0
926,60,1
927,60,2
928,60,3
929,60,4
930,60,5
931,60,6
932,60,16
933,60,17
934,60,18
935,60,19
936,60,20
937,60,21
938,60,22
939,60,23
940,61,0
941,61,1
942,61,2
943,61,3
944,61,4
945,61,5
946,61,6
947,61,16
948,61,17
949,61,18
950,61,19
951,61,20
952,61,21
953,61,22
954,61,23
955,62,0
956,62,1
957,62,2
958,62,3
959,62,4
960,62,5
961,62,6
962,62,16
963,62,17
964,62,18
965,62,19
966,62,20
967,62,21
968,62,22
969,62,23
970,63,0
971,63,1
972,63,2
973,63,3
974,63,4
975,63,5
976,63,16
977,63,17
978,63,18
979,63,19
980,63,20
981,63,21
982,63,22
983,63,23
984,64,0
985,64,1
986,64,2
987,64,3
988,64,4
989,64,5
990,64,16
991,64,17
992,64,18
993,64,19
994,64,20
995,64,21
996,64,22
997,64,23
998,65,0
999,65,1
1000,65,2
1001,65,3
1002,65,4
1003,65,5
1004,65,16
1005,65,17
1006,65,18
1007,65,19
1008,65,20
1009,65,21
1010,65,22
1011,65,23
1012,66,0
1013,66,1
1014,66,2
1015,66,3
1016,66,4
1017,66,5
1018,66,16
1019,66,17
1020,66,18
1021,66,19
1022,66,20
1023,66,21
1024,66,22
1025,66,23
1026,67,0
1027,67,1
1028,67,2
1029,67,3
1030,67,4
1031,67,5
1032,67,16
1033,67,17
1034,67,18
1035,67,19
1036,67,20
1037,67,21
1038,67,22
1039,67,23
1040,68,0
1041,68,1
1042,68,2
1043,68,3
1044,68,4
1045,68,5
1046,68,17
1047,68,18
1048,68,19
1049,68,20
1050,68,21
1051,68,22
1052,68,23
1053,69,0
1054,69,1
1055,69,2
1056,69,3
1057,69,4
1058,69,5
1059,69,17
1060,69,18
1061,69,19
1062,69,20
1063,69,21
1064,69,22
1065,69,23
1066,70,0
1067,70,1
1068,70,2
1069,70,3
1070,70,4
1071,70,5
1072,70,17
1073,70,18
1074,70,19
1075,70,20
1076,70,21
1077,70,22
1078,70,23
1079,71,0
1080,71,1
1081,71,2
1082,71,3
1083,71,4
1084,71,5
1085,71,17
1086,71,18
1087,71,19
1088,71,20
1089,71,21
1090,71,22
1091,71,23
1092,72,0
1093,72,1
1094,72,2
1095,72,3
1096,72,4
1097,72,5
1098,72,17
1099,72,18
1100,72,19
1101,72,20
1102,72,21
1103,72,22
1104,72,23
1105,73,0
1106,73,1
1107,73,2
1108,73,3
1109,73,4
1110,73,5
1111,73,17
1112,73,18
1113,73,19
1114,73,20
1115,73,21
1116,73,22
1117,73,23
1118,74,0
1119,74,1
1120,74,2
1121,74,3
1122,74,4
1123,74,5
1124,74,17
1125,74,18
1126,74,19
1127,74,20
1128,74,21
1129,74,22
1130,74,23
1131,75,0
1132,75,1
1133,75,2
1134,75,3
1135,75,4
1136,75,5
1137,75,17
1138,75,18
1139,75,19
1140,75,20
1141,75,21
1142,75,22
1143,75,23
1144,76,0
1145,76,1
1146,76,2
1147,76,3
1148,76,4
1149,76,5
1150,76,17
1151,76,18
1152,76,19
1153,76,20
1154,76,21
1155,76,22
1156,76,23
1157,77,0
1158,77,1
1159,77,2
1160,77,3
1161,77,4
1162,77,5
1163,77,17
1164,77,18
1165,77,19
1166,77,20
1167,77,21
1168,77,22
1169,77,23
1170,78,0
1171,78,1
1172,78,2
1173,78,3
1174,78,4
1175,78,5
1176,78,17
1177,78,18
1178,78,19
1179,78,20
1180,78,21
1181,78,22
1182,78,23
1183,79,0
1184,79,1
1185,79,2
1186,79,3
1187,79,4
1188,79,5
1189,79,17
1190,79,18
1191,79,19
1192,79,20
1193,79,21
1194,79,22
1195,79,23
1196,80,0
1197,80,1
1198,80,2
1199,80,3
1200,80,4
1201,80,5
1202,80,17
1203,80,18
1204,80,19
1205,80,20
1206,80,21
1207,80,22
1208,80,23
1209,81,0
1210,81,1
1211,81,2
1212,81,3
1213,81,4
1214,81,5
1215,81,17
1216,81,18
1217,81,19
1218,81,20
1219,81,21
1220,81,22
1221,81,23
1222,82,0
1223,82,1
1224,82,2
1225,82,3
1226,82,4
1227,82,5
1228,82,17
1229,82,18
1230,82,19
1231,82,20
1232,82,21
1233,82,22
1234,82,23
1235,83,0
1236,83,1
1237,83,2
1238,83,3
1239,83,4
1240,83,5
1241,83,17
1242,83,18
1243,83,19
1244,83,20
1245,83,21
1246,83,22
1247,83,23
1248,84,0
1249,84,1
1250,84,2
1251,84,3
1252,84,4
1253,84,5
1254,84,17
1255,84,18
1256,84,19
1257,84,20
1258,84,21
1259,84,22
1260,84,23
1261,85,0
1262,85,1
1263,85,2
1264,85,3
1265,85,4
1266,85,5
1267,85,17
1268,85,18
1269,85,19
1270,85,20
1271,85,21
1272,85,22
1273,85,23
1274,86,0
1275,86,1
1276,86,2
1277,86,3
1278,86,4
1279,86,5
1280,86,17
1281,86,18
1282,86,19
1283,86,20
1284,86,21
1285,86,22
1286,86,23
1287,87,0
1288,87,1
1289,87,2
1290,87,3
1291,87,4
1292,87,5
1293,87,17
1294,87,18
1295,87,19
1296,87,20
1297,87,21
1298,87,22
1299,87,23
1300,88,0
1301,88,1
1302,88,2
1303,88,3
1304,88,4
1305,88,5
1306,88,17
1307,88,18
1308,88,19
1309,88,20
1310,88,21
1311,88,22
1312,88,23
1313,89,0
1314,89,1
1315,89,2
1316,89,3
1317,89,4
1318,89,5
1319,89,17
1320,89,18
1321,89,19
1322,89,20
1323,89,21
1324,89,22
1325,89,23
1326,90,0
1327,90,1
1328,90,2
1329,90,3
1330,90,4
1331,90,5
1332,90,17
1333,90,18
1334,90,19
1335,90,20
1336,90,21
1337,90,22
1338,90,23
1339,91,0
1340,91,1
1341,91,2
1342,91,3
1343,91,4
1344,91,5
1345,91,17
1346,91,18
1347,91,19
1348,91,20
1349,91,21
1350,91,22
1351,91,23
1352,92,0
1353,92,1
1354,92,2
1355,92,3
1356,92,4
1357,92,5
1358,92,17
1359,92,18
1360,92,19
1361,92,20
1362,92,21
1363,92,22
1364,92,23
1365,93,0
1366,93,1
1367,93,2
1368,93,3
1369,93,4
1370,93,5
1371,93,17
1372,93,18
1373,93,19
1374,93,20
1375,93,21
1376,93,22
1377,93,23
1378,94,0
1379,94,1
1380,94,2
1381,94,3
1382,94,4
1383,94,5
1384,94,17
1385,94,18
1386,94,19
1387,94,20
1388,94,21
1389,94,22
1390,94,23
1391,95,0
1392,95,1
1393,95,2
1394,95,3
1395,95,4
1396,95,5
1397,95,17
1398,95,18
1399,95,19
1400,95,20
1401,95,21
1402,95,22
1403,95,23
1404,96,0
1405,96,1
1406,96,2
1407,96,3
1408,96,4
1409,96,5
1410,96,17
1411,96,18
1412,96,19
1413,96,20
1414,96,21
1415,96,22
1416,96,23
1417,97,0
1418,97,1
1419,97,2
1420,97,3
1421,97,4
1422,97,5
1423,97,17
1424,97,18
1425,97,19
1426,97,20
1427,97,21
1428,97,22
1429,97,23
1430,98,0
1431,98,1
1432,98,2
1433,98,3
1434,98,4
1435,98,5
1436,98,17
1437,98,18
1438,98,19
1439,98,20
1440,98,21
1441,98,22
1442,98,23
1443,99,0
1444,99,1
1445,99,2
1446,99,3
1447,99,4
1448,99,5
1449,99,17
1450,99,18
1451,99,19
1452,99,20
1453,99,21
1454,99,22
1455,99,23
1456,100,0
1457,100,1
1458,100,2
1459,100,3
1460,100,4
1461,100,5
1462,100,17
1463,100,18
1464,100,19
1465,100,20
1466,100,21
1467,100,22
1468,100,23
1469,101,0
1470,101,1
1471,101,2
1472,101,3
1473,101,4
1474,101,5
1475,101,17
1476,101,18
1477,101,19
1478,101,20
1479,101,21
1480,101,22
1481,101,23
1482,102,0
1483,102,1
1484,102,2
1485,102,3
1486,102,4
1487,102,5
1488,102,17
1489,102,18
1490,102,19
1491,102,20
1492,102,21
1493,102,22
1494,102,23
1495,103,0
1496,103,1
1497,103,2
1498,103,3
1499,103,4
1500,103,5
1501,103,17
1502,103,18
1503,103,19
1504,103,20
1505,103,21
1506,103,22
1507,103,23
1508,104,0
1509,104,1
1510,104,2
1511,104,3
1512,104,4
1513,104,5
1514,104,17
1515,104,18
1516,104,19
1517,104,20
1518,104,21
1519,104,22
1520,104,23
1521,105,0
1522,105,1
1523,105,2
1524,105,3
1525,105,4
1526,105,5
1527,105,17
1528,105,18
1529,105,19
1530,105,20
1531,105,21
1532,105,22
1533,105,23
1534,106,0
1535,106,1
1536,106,2
1537,106,3
1538,106,4
1539,106,5
1540,106,17
1541,106,18
1542,106,19
1543,106,20
1544,106,21
1545,106,22
1546,106,23
1547,107,0
1548,107,1
1549,107,2
1550,107,3
1551,107,4
1552,107,5
1553,107,17
1554,107,18
1555,107,19
1556,107,20
1557,107,21
1558,107,22
1559,107,23
1560,108,0
1561,108,1
1562,108,2
1563,108,3
1564,108,4
1565,108,5
1566,108,17
1567,108,18
1568,108,19
1569,108,20
1570,108,21
1571,108,22
1572,108,23
1573,109,0
1574,109,1
1575,109,2
1576,109,3
1577,109,4
1578,109,5
1579,109,17
1580,109,18
1581,109,19
1582,109,20
1583,109,21
1584,109,22
1585,109,23
1586,110,0
1587,110,1
1588,110,2
1589,110,3
1590,110,4
1591,110,17
1592,110,18
1593,110,19
1594,110,20
1595,110,21
1596,110,22
1597,110,23
1598,111,0
1599,111,1
1600,111,2
1601,111,3
1602,111,4
1603,111,17
1604,111,18
1605,111,19
1606,111,20
1607,111,21
1608,111,22
1609,111,23
1610,112,0
1611,112,1
1612,112,2
1613,112,3
1614,112,4
1615,112,17
1616,112,18
1617,112,19
1618,112,20
1619,112,21
1620,112,22
1621,112,23
1622,113,0
1623,113,1
1624,113,2
1625,113,3
1626,113,4
1627,113,17
1628,113,18
1629,113,19
1630,113,20
1631,113,21
1632,113,22
1633,113,23
1634,114,0
1635,114,1
1636,114,2
1637,114,3
1638,114,4
1639,114,17
1640,114,18
1641,114,19
1642,114,20
1643,114,21
1644,114,22
1645,114,23
1646,115,0
1647,115,1
1648,115,2
1649,115,3
1650,115,4
1651,115,17
1652,115,18
1653,115,19
1654,115,20
1655,115,21
1656,115,22
1657,115,23
1658,116,0
1659,116,1
1660,116,2
1661,116,3
1662,116,4
1663,116,17
1664,116,18
1665,116,19
1666,116,20
1667,116,21
1668,116,22
1669,116,23
1670,117,0
1671,117,1
1672,117,2
1673,117,3
1674,117,4
1675,117,17
1676,117,18
1677,117,19
1678,117,20
1679,117,21
1680,117,22
1681,117,23
1682,118,0
1683,118,1
1684,118,2
1685,118,3
1686,118,4
1687,118,17
1688,118,18
1689,118,19
1690,118,20
1691,118,21
1692,118,22
1693,118,23
1694,119,0
1695,119,1
1696,119,2
1697,119,3
1698,119,4
1699,119,17
1700,119,18
1701,119,19
1702,119,20
1703,119,21
1704,119,22
1705,119,23
1706,120,0
1707,120,1
1708,120,2
1709,120,3
1710,120,4
1711,120,17
1712,120,18
1713,120,19
1714,120,20
1715,120,21
1716,120,22
1717,120,23
1718,121,0
1719,121,1
1720,121,2
1721,121,3
1722,121,4
1723,121,17
1724,121,18
1725,121,19
1726,121,20
1727,121,21
1728,121,22
1729,121,23
1730,122,0
1731,122,1
1732,122,2
1733,122,3
1734,122,4
1735,122,17
1736,122,18
1737,122,19
1738,122,20
1739,122,21
1740,122,22
1741,122,23
1742,123,0
1743,123,1
1744,123,2
1745,123,3
1746,123,4
1747,123,18
1748,123,19
1749,123,20
1750,123,21
1751,123,22
1752,123,23
1753,124,0
1754,124,1
1755,124,2
1756,124,3
1757,124,4
1758,124,18
1759,124,19
1760,124,20
1761,124,21
1762,124,22
1763,124,23
1764,125,0
1765,125,1
1766,125,2
1767,125,3
1768,125,4
1769,125,18
1770,125,19
1771,125,20
1772,125,21
1773,125,22
1774,125,23
1775,126,0
1776,126,1
1777,126,2
1778,126,3
1779,126,4
1780,126,18
1781,126,19
1782,126,20
1783,126,21
1784,126,22
1785,126,23
1786,127,0
1787,127,1
1788,127,2
1789,127,3
1790,127,4
1791,127,18
1792,127,19
1793,127,20
1794,127,21
1795,127,22
1796,127,23
1797,128,0
1798,128,1
1799,128,2
1800,128,3
1801,128,4
1802,128,18
1803,128,19
1804,128,20
1805,128,21
1806,128,22
1807,128,23
1808,129,0
1809,129,1
1810,129,2
1811,129,3
1812,129,4
1813,129,18
1814,129,19
1815,129,20
1816,129,21
1817,129,22
1818,129,23
1819,130,0
1820,130,1
1821,130,2
1822,130,3
1823,130,4
1824,130,18
1825,130,19
1826,130,20
1827,130,21
1828,130,22
1829,130,23
1830,131,0
1831,131,1
1832,131,2
1833,131,3
1834,131,4
1835,131,18
1836,131,19
1837,131,20
1838,131,21
1839,131,22
1840,131,23
1841,132,0
1842,132,1
1843,132,2
1844,132,3
1845,132,4
1846,132,18
1847,132,19
1848,132,20
1849,132,21
1850,132,22
1851,132,23
1852,133,0
1853,133,1
1854,133,2
1855,133,3
1856,133,4
1857,133,18
1858,133,19
1859,133,20
1860,133,21
1861,133,22
1862,133,23
1863,134,0
1864,134,1
1865,134,2
1866,134,3
1867,134,4
1868,134,18
1869,134,19
1870,134,20
1871,134,21
1872,134,22
1873,134,23
1874,135,0
1875,135,1
1876,135,2
1877,135,3
1878,135,4
1879,135,18
1880,135,19
1881,135,20
1882,135,21
1883,135,22
1884,135,23
1885,136,0
1886,136,1
1887,136,2
1888,136,3
1889,136,4
1890,136,18
1891,136,19
1892,136,20
1893,136,21
1894,136,22
1895,136,23
1896,137,0
1897,137,1
1898,137,2
1899,137,3
1900,137,4
1901,137,18
1902,137,19
1903,137,20
1904,137,21
1905,137,22
1906,137,23
1907,138,0
1908,138,1
1909,138,2
1910,138,3
1911,138,4
1912,138,18
1913,138,19
1914,138,20
1915,138,21
1916,138,22
1917,138,23
1918,139,0
1919,139,1
1920,139,2
1921,139,3
1922,139,4
1923,139,18
1924,139,19
1925,139,20
1926,139,21
1927,139,22
1928,139,23
1929,140,0
1930,140,1
1931,140,2
1932,140,3
1933,140,4
1934,140,18
1935,140,19
1936,140,20
1937,140,21
1938,140,22
1939,140,23
1940,141,0
1941,141,1
1942,141,2
1943,141,3
1944,141,4
1945,141,18
1946,141,19
1947,141,20
1948,141,21
1949,141,22
1950,141,23
1951,142,0
1952,142,1
1953,142,2
1954,142,3
1955,142,4
1956,142,18
1957,142,19
1958,142,20
1959,142,21
1960,142,22
1961,142,23
1962,143,0
1963,143,1
1964,143,2
1965,143,3
1966,143,4
1967,143,18
1968,143,19
1969,143,20
1970,143,21
1971,143,22
1972,143,23
1973,144,0
1974,144,1
1975,144,2
1976,144,3
1977,144,4
1978,144,18
1979,144,19
1980,144,20
1981,144,21
1982,144,22
1983,144,23
1984,145,0
1985,145,1
1986,145,2
1987,145,3
1988,145,4
1989,145,18
1990,145,19
1991,145,20
1992,145,21
1993,145,22
1994,145,23
1995,146,0
1996,146,1
1997,146,2
1998,146,3
1999,146,4
2000,146,18
2001,146,19
2002,146,20
2003,146,21
2004,146,22
2005,146,23
2006,147,0
2007,147,1
2008,147,2
2009,147,3
2010,147,4
2011,147,18
2012,147,19
2013,147,20
2014,147,21
2015,147,22
2016,147,23
2017,148,0
2018,148,1
2019,148,2
2020,148,3
2021,148,4
2022,148,18
2023,148,19
2024,148,20
2025,148,21
2026,148,22
2027,148,23
2028,149,0
2029,149,1
2030,149,2
2031,149,3
2032,149,4
2033,149,18
2034,149,19
2035,149,20
2036,149,21
2037,149,22
2038,149,23
2039,150,0
2040,150,1
2041,150,2
2042,150,3
2043,150,4
2044,150,18
2045,150,19
2046,150,20
2047,150,21
2048,150,22
2049,150,23
2050,151,0
2051,151,1
2052,151,2
2053,151,3
2054,151,4
2055,151,18
2056,151,19
2057,151,20
2058,151,21
2059,151,22
2060,151,23
2061,152,0
2062,152,1
2063,152,2
2064,152,3
2065,152,4
2066,152,18
2067,152,19
2068,152,20
2069,152,21
2070,152,22
2071,152,23
2072,153,0
2073,153,1
2074,153,2
2075,153,3
2076,153,4
2077,153,18
2078,153,19
2079,153,20
2080,153,21
2081,153,22
2082,153,23
2083,154,0
2084,154,1
2085,154,2
2086,154,3
2087,154,4
2088,154,18
2089,154,19
2090,154,20
2091,154,21
2092,154,22
2093,154,23
2094,155,0
2095,155,1
2096,155,2
2097,155,3
2098,155,4
2099,155,18
2100,155,19
2101,155,20
2102,155,21
2103,155,22
2104,155,23
2105,156,0
2106,156,1
2107,156,2
2108,156,3
2109,156,4
2110,156,18
2111,156,19
2112,156,20
2113,156,21
2114,156,22
2115,156,23
2116,157,0
2117,157,1
2118,157,2
2119,157,3
2120,157,4
2121,157,18
2122,157,19
2123,157,20
2124,157,21
2125,157,22
2126,157,23
2127,158,0
2128,158,1
2129,158,2
2130,158,3
2131,158,4
2132,158,18
2133,158,19
2134,158,20
2135,158,21
2136,158,22
2137,158,23
2138,159,0
2139,159,1
2140,159,2
2141,159,3
2142,159,4
2143,159,18
2144,159,19
2145,159,20
2146,159,21
2147,159,22
2148,159,23
2149,160,0
2150,160,1
2151,160,2
2152,160,3
2153,160,4
2154,160,18
2155,160,19
2156,160,20
2157,160,21
2158,160,22
2159,160,23
2160,161,0
2161,161,1
2162,161,2
2163,161,3
2164,161,4
2165,161,18
2166,161,19
2167,161,20
2168,161,21
2169,161,22
2170,161,23
2171,162,0
2172,162,1
2173,162,2
2174,162,3
2175,162,4
2176,162,18
2177,162,19
2178,162,20
2179,162,21
2180,162,22
2181,162,23
2182,163,0
2183,163,1
2184,163,2
2185,163,3
2186,163,4
2187,163,18
2188,163,19
2189,163,20
2190,163,21
2191,163,22
2192,163,23
2193,164,0
2194,164,1
2195,164,2
2196,164,3
2197,164,4
2198,164,18
2199,164,19
2200,164,20
2201,164,21
2202,164,22
2203,164,23
2204,165,0
2205,165,1
2206,165,2
2207,165,3
2208,165,4
2209,165,18
2210,165,19
2211,165,20
2212,165,21
2213,165,22
2214,165,23
2215,166,0
2216,166,1
2217,166,2
2218,166,3
2219,166,4
2220,166,18
2221,166,19
2222,166,20
2223,166,21
2224,166,22
2225,166,23
2226,167,0
2227,167,1
2228,167,2
2229,167,3
2230,167,4
2231,167,18
2232,167,19
2233,167,20
2234,167,21
2235,167,22
2236,167,23
2237,168,0
2238,168,1
2239,168,2
2240,168,3
2241,168,4
2242,168,18
2243,168,19
2244,168,20
2245,168,21
2246,168,22
2247,168,23
2248,169,0
2249,169,1
2250,169,2
2251,169,3
2252,169,4
2253,169,18
2254,169,19
2255,169,20
2256,169,21
2257,169,22
2258,169,23
2259,170,0
2260,170,1
2261,170,2
2262,170,3
2263,170,4
2264,170,18
2265,170,19
2266,170,20
2267,170,21
2268,170,22
2269,170,23
2270,171,0
2271,171,1
2272,171,2
2273,171,3
2274,171,4
2275,171,18
2276,171,19
2277,171,20
2278,171,21
2279,171,22
2280,171,23
2281,172,0
2282,172,1
2283,172,2
2284,172,3
2285,172,4
2286,172,18
2287,172,19
2288,172,20
2289,172,21
2290,172,22
2291,172,23
2292,173,0
2293,173,1
2294,173,2
2295,173,3
2296,173,4
2297,173,18
2298,173,19
2299,173,20
2300,173,21
2301,173,22
2302,173,23
2303,174,0
2304,174,1
2305,174,2
2306,174,3
2307,174,4
2308,174,18
2309,174,19
2310,174,20
2311,174,21
2312,174,22
2313,174,23
2314,175,0
2315,175,1
2316,175,2
2317,175,3
2318,175,4
2319,175,18
2320,175,19
2321,175,20
2322,175,21
2323,175,22
2324,175,23
2325,176,0
2326,176,1
2327,176,2
2328,176,3
2329,176,4
2330,176,18
2331,176,19
2332,176,20
2333,176,21
2334,176,22
2335,176,23
2336,177,0
2337,177,1
2338,177,2
2339,177,3
2340,177,4
2341,177,18
2342,177,19
2343,177,20
2344,177,21
2345,177,22
2346,177,23
2347,178,0
2348,178,1
2349,178,2
2350,178,3
2351,178,4
2352,178,18
2353,178,19
2354,178,20
2355,178,21
2356,178,22
2357,178,23
2358,179,0
2359,179,1
2360,179,2
2361,179,3
2362,179,4
2363,179,18
2364,179,19
2365,179,20
2366,179,21
2367,179,22
2368,179,23
2369,180,0
2370,180,1
2371,180,2
2372,180,3
2373,180,4
2374,180,18
2375,180,19
2376,180,20
2377,180,21
2378,180,22
2379,180,23
2380,181,0
2381,181,1
2382,181,2
2383,181,3
2384,181,4
2385,181,18
2386,181,19
2387,181,20
2388,181,21
2389,181,22
2390,181,23
2391,182,0
2392,182,1
2393,182,2
2394,182,3
2395,182,4
2396,182,18
2397,182,19
2398,182,20
2399,182,21
2400,182,22
2401,182,23
2402,183,0
2403,183,1
2404,183,2
2405,183,3
2406,183,4
2407,183,18
2408,183,19
2409,183,20
2410,183,21
2411,183,22
2412,183,23
2413,184,0
2414,184,1
2415,184,2
2416,184,3
2417,184,4
2418,184,18
2419,184,19
2420,184,20
2421,184,21
2422,184,22
2423,184,23
2424,185,0
2425,185,1
2426,185,2
2427,185,3
2428,185,4
2429,185,18
2430,185,19
2431,185,20
2432,185,21
2433,185,22
2434,185,23
2435,186,0
2436,186,1
2437,186,2
2438,186,3
2439,186,4
2440,186,18
2441,186,19
2442,186,20
2443,186,21
2444,186,22
2445,186,23
2446,187,0
2447,187,1
2448,187,2
2449,187,3
2450,187,4
2451,187,18
2452,187,19
2453,187,20
2454,187,21
2455,187,22
2456,187,23
2457,188,0
2458,188,1
2459,188,2
2460,188,3
2461,188,4
2462,188,18
2463,188,19
2464,188,20
2465,188,21
2466,188,22
2467,188,23
2468,189,0
2469,189,1
2470,189,2
2471,189,3
2472,189,4
2473,189,18
2474,189,19
2475,189,20
2476,189,21
2477,189,22
2478,189,23
2479,190,0
2480,190,1
2481,190,2
2482,190,3
2483,190,4
2484,190,18
2485,190,19
2486,190,20
2487,190,21
2488,190,22
2489,190,23
2490,191,0
2491,191,1
2492,191,2
2493,191,3
2494,191,4
2495,191,18
2496,191,19
2497,191,20
2498,191,21
2499,191,22
2500,191,23
2501,192,0
2502,192,1
2503,192,2
2504,192,3
2505,192,4
2506,192,18
2507,192,19
2508,192,20
2509,192,21
2510,192,22
2511,192,23
2512,193,0
2513,193,1
2514,193,2
2515,193,3
2516,193,4
2517,193,18
2518,193,19
2519,193,20
2520,193,21
2521,193,22
2522,193,23
2523,194,0
2524,194,1
2525,194,2
2526,194,3
2527,194,4
2528,194,18
2529,194,19
2530,194,20
2531,194,21
2532,194,22
2533,194,23
2534,195,0
2535,195,1
2536,195,2
2537,195,3
2538,195,4
2539,195,18
2540,195,19
2541,195,20
2542,195,21
2543,195,22
2544,195,23
2545,196,0
2546,196,1
2547,196,2
2548,196,3
2549,196,4
2550,196,18
2551,196,19
2552,196,20
2553,196,21
2554,196,22
2555,196,23
2556,197,0
2557,197,1
2558,197,2
2559,197,3
2560,197,4
2561,197,18
2562,197,19
2563,197,20
2564,197,21
2565,197,22
2566,197,23
2567,198,0
2568,198,1
2569,198,2
2570,198,3
2571,198,4
2572,198,18
2573,198,19
2574,198,20
2575,198,21
2576,198,22
2577,198,23
2578,199,0
2579,199,1
2580,199,2
2581,199,3
2582,199,4
2583,199,18
2584,199,19
2585,199,20
2586,199,21
2587,199,22
2588,199,23
2589,200,0
2590,200,1
2591,200,2
2592,200,3
2593,200,4
2594,200,18
2595,200,19
2596,200,20
2597,200,21
2598,200,22
2599,200,23
2600,201,0
2601,201,1
2602,201,2
2603,201,3
2604,201,4
2605,201,18
2606,201,19
2607,201,20
2608,201,21
2609,201,22
2610,201,23
2611,202,0
2612,202,1
2613,202,2
2614,202,3
2615,202,4
2616,202,18
2617,202,19
2618,202,20
2619,202,21
2620,202,22
2621,202,23
2622,203,0
2623,203,1
2624,203,2
2625,203,3
2626,203,4
2627,203,18
2628,203,19
2629,203,20
2630,203,21
2631,203,22
2632,203,23
2633,204,0
2634,204,1
2635,204,2
2636,204,3
2637,204,4
2638,204,18
2639,204,19
2640,204,20
2641,204,21
2642,204,22
2643,204,23
2644,205,0
2645,205,1
2646,205,2
2647,205,3
2648,205,4
2649,205,18
2650,205,19
2651,205,20
2652,205,21
2653,205,22
2654,205,23
2655,206,0
2656,206,1
2657,206,2
2658,206,3
2659,206,4
2660,206,18
2661,206,19
2662,206,20
2663,206,21
2664,206,22
2665,206,23
2666,207,0
2667,207,1
2668,207,2
2669,207,3
2670,207,4
2671,207,18
2672,207,19
2673,207,20
2674,207,21
2675,207,22
2676,207,23
2677,208,0
2678,208,1
2679,208,2
2680,208,3
2681,208,4
2682,208,18
2683,208,19
2684,208,20
2685,208,21
2686,208,22
2687,208,23
2688,209,0
2689,209,1
2690,209,2
2691,209,3
2692,209,4
2693,209,18
2694,209,19
2695,209,20
2696,209,21
2697,209,22
2698,209,23
2699,210,0
2700,210,1
2701,210,2
2702,210,3
2703,210,4
2704,210,18
2705,210,19
2706,210,20
2707,210,21
2708,210,22
2709,210,23
2710,211,0
2711,211,1
2712,211,2
2713,211,3
2714,211,4
2715,211,18
2716,211,19
2717,211,20
2718,211,21
2719,211,22
2720,211,23
2721,212,0
2722,212,1
2723,212,2
2724,212,3
2725,212,4
2726,212,18
2727,212,19
2728,212,20
2729,212,21
2730,212,22
2731,212,23
2732,213,0
2733,213,1
2734,213,2
2735,213,3
2736,213,4
2737,213,18
2738,213,19
2739,213,20
2740,213,21
2741,213,22
2742,213,23
2743,214,0
2744,214,1
2745,214,2
2746,214,3
2747,214,4
2748,214,18
2749,214,19
2750,214,20
2751,214,21
2752,214,22
2753,214,23
2754,215,0
2755,215,1
2756,215,2
2757,215,3
2758,215,4
2759,215,18
2760,215,19
2761,215,20
2762,215,21
2763,215,22
2764,215,23
2765,216,0
2766,216,1
2767,216,2
2768,216,3
2769,216,4
2770,216,18
2771,216,19
2772,216,20
2773,216,21
2774,216,22
2775,216,23
2776,217,0
2777,217,1
2778,217,2
2779,217,3
2780,217,4
2781,217,18
2782,217,19
2783,217,20
2784,217,21
2785,217,22
2786,217,23
2787,218,0
2788,218,1
2789,218,2
2790,218,3
2791,218,4
2792,218,18
2793,218,19
2794,218,20
2795,218,21
2796,218,22
2797,218,23
2798,219,0
2799,219,1
2800,219,2
2801,219,3
2802,219,4
2803,219,18
2804,219,19
2805,219,20
2806,219,21
2807,219,22
2808,219,23
2809,220,0
2810,220,1
2811,220,2
2812,220,3
2813,220,4
2814,220,18
2815,220,19
2816,220,20
2817,220,21
2818,220,22
2819,220,23
2820,221,0
2821,221,1
2822,221,2
2823,221,3
2824,221,4
2825,221,18
2826,221,19
2827,221,20
2828,221,21
2829,221,22
2830,221,23
2831,222,0
2832,222,1
2833,222,2
2834,222,3
2835,222,4
2836,222,18
2837,222,19
2838,222,20
2839,222,21
2840,222,22
2841,222,23
2842,223,0
2843,223,1
2844,223,2
2845,223,3
2846,223,4
2847,223,18
2848,223,19
2849,223,20
2850,223,21
2851,223,22
2852,223,23
2853,224,0
2854,224,1
2855,224,2
2856,224,3
2857,224,4
2858,224,18
2859,224,19
2860,224,20
2861,224,21
2862,224,22
2863,224,23
2864,225,0
2865,225,1
2866,225,2
2867,225,3
2868,225,4
2869,225,18
2870,225,19
2871,225,20
2872,225,21
2873,225,22
2874,225,23
2875,226,0
2876,226,1
2877,226,2
2878,226,3
2879,226,4
2880,226,18
2881,226,19
2882,226,20
2883,226,21
2884,226,22
2885,226,23
2886,227,0
2887,227,1
2888,227,2
2889,227,3
2890,227,4
2891,227,18
2892,227,19
2893,227,20
2894,227,21
2895,227,22
2896,227,23
2897,228,0
2898,228,1
2899,228,2
2900,228,3
2901,228,4
2902,228,18
2903,228,19
2904,228,20
2905,228,21
2906,228,22
2907,228,23
2908,229,0
2909,229,1
2910,229,2
2911,229,3
2912,229,4
2913,229,17
2914,229,18
2915,229,19
2916,229,20
2917,229,21
2918,229,22
2919,229,23
2920,230,0
2921,230,1
2922,230,2
2923,230,3
2924,230,4
2925,230,18
2926,230,19
2927,230,20
2928,230,21
2929,230,22
2930,230,23
2931,231,0
2932,231,1
2933,231,2
2934,231,3
2935,231,4
2936,231,17
2937,231,18
2938,231,19
2939,231,20
2940,231,21
2941,231,22
2942,231,23
2943,232,0
2944,232,1
2945,232,2
2946,232,3
2947,232,4
2948,232,17
2949,232,18
2950,232,19
2951,232,20
2952,232,21
2953,232,22
2954,232,23
2955,233,0
2956,233,1
2957,233,2
2958,233,3
2959,233,4
2960,233,17
2961,233,18
2962,233,19
2963,233,20
2964,233,21
2965,233,22
2966,233,23
2967,234,0
2968,234,1
2969,234,2
2970,234,3
2971,234,4
2972,234,17
2973,234,18
2974,234,19
2975,234,20
2976,234,21
2977,234,22
2978,234,23
2979,235,0
2980,235,1
2981,235,2
2982,235,3
2983,235,4
2984,235,5
2985,235,17
2986,235,18
2987,235,19
2988,235,20
2989,235,21
2990,235,22
2991,235,23
2992,236,0
2993,236,1
2994,236,2
2995,236,3
2996,236,4
2997,236,5
2998,236,17
2999,236,18
3000,236,19
3001,236,20
3002,236,21
3003,236,22
3004,236,23
3005,237,0
3006,237,1
3007,237,2
3008,237,3
3009,237,4
3010,237,5
3011,237,17
3012,237,18
3013,237,19
3014,237,20
3015,237,21
3016,237,22
3017,237,23
3018,238,0
3019,238,1
3020,238,2
3021,238,3
3022,238,4
3023,238,5
3024,238,17
3025,238,18
3026,238,19
3027,238,20
3028,238,21
3029,238,22
3030,238,23
3031,239,0
3032,239,1
3033,239,2
3034,239,3
3035,239,4
3036,239,5
3037,239,17
3038,239,18
3039,239,19
3040,239,20
3041,239,21
3042,239,22
3043,239,23
3044,240,0
3045,240,1
3046,240,2
3047,240,3
3048,240,4
3049,240,5
3050,240,17
3051,240,18
3052,240,19
3053,240,20
3054,240,21
3055,240,22
3056,240,23
3057,241,0
3058,241,1
3059,241,2
3060,241,3
3061,241,4
3062,241,5
3063,241,17
3064,241,18
3065,241,19
3066,241,20
3067,241,21
3068,241,22
3069,241,23
3070,242,0
3071,242,1
3072,242,2
3073,242,3
3074,242,4
3075,242,5
3076,242,17
3077,242,18
3078,242,19
3079,242,20
3080,242,21
3081,242,22
3082,242,23
3083,243,0
3084,243,1
3085,243,2
3086,243,3
3087,243,4
3088,243,5
3089,243,17
3090,243,18
3091,243,19
3092,243,20
3093,243,21
3094,243,22
3095,243,23
3096,244,0
3097,244,1
3098,244,2
3099,244,3
3100,244,4
3101,244,5
3102,244,17
3103,244,18
3104,244,19
3105,244,20
3106,244,21
3107,244,22
3108,244,23
3109,245,0
3110,245,1
3111,245,2
3112,245,3
3113,245,4
3114,245,5
3115,245,17
3116,245,18
3117,245,19
3118,245,20
3119,245,21
3120,245,22
3121,245,23
3122,246,0
3123,246,1
3124,246,2
3125,246,3
3126,246,4
3127,246,5
3128,246,17
3129,246,18
3130,246,19
3131,246,20
3132,246,21
3133,246,22
3134,246,23
3135,247,0
3136,247,1
3137,247,2
3138,247,3
3139,247,4
3140,247,5
3141,247,17
3142,247,18
3143,247,19
3144,247,20
3145,247,21
3146,247,22
3147,247,23
3148,248,0
3149,248,1
3150,248,2
3151,248,3
3152,248,4
3153,248,5
3154,248,17
3155,248,18
3156,248,19
3157,248,20
3158,248,21
3159,248,22
3160,248,23
3161,249,0
3162,249,1
3163,249,2
3164,249,3
3165,249,4
3166,249,5
3167,249,17
3168,249,18
3169,249,19
3170,249,20
3171,249,21
3172,249,22
3173,249,23
3174,250,0
3175,250,1
3176,250,2
3177,250,3
3178,250,4
3179,250,5
3180,250,17
3181,250,18
3182,250,19
3183,250,20
3184,250,21
3185,250,22
3186,250,23
3187,251,0
3188,251,1
3189,251,2
3190,251,3
3191,251,4
3192,251,5
3193,251,17
3194,251,18
3195,251,19
3196,251,20
3197,251,21
3198,251,22
3199,251,23
3200,252,0
3201,252,1
3202,252,2
3203,252,3
3204,252,4
3205,252,5
3206,252,17
3207,252,18
3208,252,19
3209,252,20
3210,252,21
3211,252,22
3212,252,23
3213,253,0
3214,253,1
3215,253,2
3216,253,3
3217,253,4
3218,253,5
3219,253,17
3220,253,18
3221,253,19
3222,253,20
3223,253,21
3224,253,22
3225,253,23
3226,254,0
3227,254,1
3228,254,2
3229,254,3
3230,254,4
3231,254,5
3232,254,17
3233,254,18
3234,254,19
3235,254,20
3236,254,21
3237,254,22
3238,254,23
3239,255,0
3240,255,1
3241,255,2
3242,255,3
3243,255,4
3244,255,5
3245,255,17
3246,255,18
3247,255,19
3248,255,20
3249,255,21
3250,255,22
3251,255,23
3252,256,0
3253,256,1
3254,256,2
3255,256,3
3256,256,4
3257,256,5
3258,256,17
3259,256,18
3260,256,19
3261,256,20
3262,256,21
3263,256,22
3264,256,23
3265,257,0
3266,257,1
3267,257,2
3268,257,3
3269,257,4
3270,257,5
3271,257,17
3272,257,18
3273,257,19
3274,257,20
3275,257,21
3276,257,22
3277,257,23
3278,258,0
3279,258,1
3280,258,2
3281,258,3
3282,258,4
3283,258,5
3284,258,17
3285,258,18
3286,258,19
3287,258,20
3288,258,21
3289,258,22
3290,258,23
3291,259,0
3292,259,1
3293,259,2
3294,259,3
3295,259,4
3296,259,5
3297,259,17
3298,259,18
3299,259,19
3300,259,20
3301,259,21
3302,259,22
3303,259,23
3304,260,0
3305,260,1
3306,260,2
3307,260,3
3308,260,4
3309,260,5
3310,260,17
3311,260,18
3312,260,19
3313,260,20
3314,260,21
3315,260,22
3316,260,23
3317,261,0
3318,261,1
3319,261,2
3320,261,3
3321,261,4
3322,261,5
3323,261,17
3324,261,18
3325,261,19
3326,261,20
3327,261,21
3328,261,22
3329,261,23
3330,262,0
3331,262,1
3332,262,2
3333,262,3
3334,262,4
3335,262,5
3336,262,17
3337,262,18
3338,262,19
3339,262,20
3340,262,21
3341,262,22
3342,262,23
3343,263,0
3344,263,1
3345,263,2
3346,263,3
3347,263,4
3348,263,5
3349,263,17
3350,263,18
3351,263,19
3352,263,20
3353,263,21
3354,263,22
3355,263,23
3356,264,0
3357,264,1
3358,264,2
3359,264,3
3360,264,4
3361,264,5
3362,264,17
3363,264,18
3364,264,19
3365,264,20
3366,264,21
3367,264,22
3368,264,23
3369,265,0
3370,265,1
3371,265,2
3372,265,3
3373,265,4
3374,265,5
3375,265,17
3376,265,18
3377,265,19
3378,265,20
3379,265,21
3380,265,22
3381,265,23
3382,266,0
3383,266,1
3384,266,2
3385,266,3
3386,266,4
3387,266,5
3388,266,17
3389,266,18
3390,266,19
3391,266,20
3392,266,21
3393,266,22
3394,266,23
3395,267,0
3396,267,1
3397,267,2
3398,267,3
3399,267,4
3400,267,5
3401,267,17
3402,267,18
3403,267,19
3404,267,20
3405,267,21
3406,267,22
3407,267,23
3408,268,0
3409,268,1
3410,268,2
3411,268,3
3412,268,4
3413,268,5
3414,268,17
3415,268,18
3416,268,19
3417,268,20
3418,268,21
3419,268,22
3420,268,23
3421,269,0
3422,269,1
3423,269,2
3424,269,3
3425,269,4
3426,269,5
3427,269,17
3428,269,18
3429,269,19
3430,269,20
3431,269,21
3432,269,22
3433,269,23
3434,270,0
3435,270,1
3436,270,2
3437,270,3
3438,270,4
3439,270,5
3440,270,17
3441,270,18
3442,270,19
3443,270,20
3444,270,21
3445,270,22
3446,270,23
3447,271,0
3448,271,1
3449,271,2
3450,271,3
3451,271,4
3452,271,5
3453,271,17
3454,271,18
3455,271,19
3456,271,20
3457,271,21
3458,271,22
3459,271,23
3460,272,0
3461,272,1
3462,272,2
3463,272,3
3464,272,4
3465,272,5
3466,272,17
3467,272,18
3468,272,19
3469,272,20
3470,272,21
3471,272,22
3472,272,23
3473,273,0
3474,273,1
3475,273,2
3476,273,3
3477,273,4
3478,273,5
3479,273,17
3480,273,18
3481,273,19
3482,273,20
3483,273,21
3484,273,22
3485,273,23
3486,274,0
3487,274,1
3488,274,2
3489,274,3
3490,274,4
3491,274,5
3492,274,17
3493,274,18
3494,274,19
3495,274,20
3496,274,21
3497,274,22
3498,274,23
3499,275,0
3500,275,1
3501,275,2
3502,275,3
3503,275,4
3504,275,5
3505,275,17
3506,275,18
3507,275,19
3508,275,20
3509,275,21
3510,275,22
3511,275,23
3512,276,0
3513,276,1
3514,276,2
3515,276,3
3516,276,4
3517,276,5
3518,276,16
3519,276,17
3520,276,18
3521,276,19
3522,276,20
3523,276,21
3524,276,22
3525,276,23
3526,277,0
3527,277,1
3528,277,2
3529,277,3
3530,277,4
3531,277,5
3532,277,17
3533,277,18
3534,277,19
3535,277,20
3536,277,21
3537,277,22
3538,277,23
3539,278,0
3540,278,1
3541,278,2
3542,278,3
3543,278,4
3544,278,5
3545,278,16
3546,278,17
3547,278,18
3548,278,19
3549,278,20
3550,278,21
3551,278,22
3552,278,23
3553,279,0
3554,279,1
3555,279,2
3556,279,3
3557,279,4
3558,279,5
3559,279,16
3560,279,17
3561,279,18
3562,279,19
3563,279,20
3564,279,21
3565,279,22
3566,279,23
3567,280,0
3568,280,1
3569,280,2
3570,280,3
3571,280,4
3572,280,5
3573,280,6
3574,280,16
3575,280,17
3576,280,18
3577,280,19
3578,280,20
3579,280,21
3580,280,22
3581,280,23
3582,281,0
3583,281,1
3584,281,2
3585,281,3
3586,281,4
3587,281,5
3588,281,6
3589,281,16
3590,281,17
3591,281,18
3592,281,19
3593,281,20
3594,281,21
3595,281,22
3596,281,23
3597,282,0
3598,282,1
3599,282,2
3600,282,3
3601,282,4
3602,282,5
3603,282,6
3604,282,16
3605,282,17
3606,282,18
3607,282,19
3608,282,20
3609,282,21
3610,282,22
3611,282,23
3612,283,0
3613,283,1
3614,283,2
3615,283,3
3616,283,4
3617,283,5
3618,283,6
3619,283,16
3620,283,17
3621,283,18
3622,283,19
3623,283,20
3624,283,21
3625,283,22
3626,283,23
3627,284,0
3628,284,1
3629,284,2
3630,284,3
3631,284,4
3632,284,5
3633,284,6
3634,284,16
3635,284,17
3636,284,18
3637,284,19
3638,284,20
3639,284,21
3640,284,22
3641,284,23
3642,285,0
3643,285,1
3644,285,2
3645,285,3
3646,285,4
3647,285,5
3648,285,6
3649,285,16
3650,285,17
3651,285,18
3652,285,19
3653,285,20
3654,285,21
3655,285,22
3656,285,23
3657,286,0
3658,286,1
3659,286,2
3660,286,3
3661,286,4
3662,286,5
3663,286,6
3664,286,16
3665,286,17
3666,286,18
3667,286,19
3668,286,20
3669,286,21
3670,286,22
3671,286,23
3672,287,0
3673,287,1
3674,287,2
3675,287,3
3676,287,4
3677,287,5
3678,287,6
3679,287,16
3680,287,17
3681,287,18
3682,287,19
3683,287,20
3684,287,21
3685,287,22
3686,287,23
3687,288,0
3688,288,1
3689,288,2
3690,288,3
3691,288,4
3692,288,5
3693,288,6
3694,288,16
3695,288,17
3696,288,18
3697,288,19
3698,288,20
3699,288,21
3700,288,22
3701,288,23
3702,289,0
3703,289,1
3704,289,2
3705,289,3
3706,289,4
3707,289,5
3708,289,6
3709,289,16
3710,289,17
3711,289,18
3712,289,19
3713,289,20
3714,289,21
3715,289,22
3716,289,23
3717,290,0
3718,290,1
3719,290,2
3720,290,3
3721,290,4
3722,290,5
3723,290,6
3724,290,16
3725,290,17
3726,290,18
3727,290,19
3728,290,20
3729,290,21
3730,290,22
3731,290,23
3732,291,0
3733,291,1
3734,291,2
3735,291,3
3736,291,4
3737,291,5
3738,291,6
3739,291,16
3740,291,17
3741,291,18
3742,291,19
3743,291,20
3744,291,21
3745,291,22
3746,291,23
3747,292,0
3748,292,1
3749,292,2
3750,292,3
3751,292,4
3752,292,5
3753,292,6
3754,292,16
3755,292,17
3756,292,18
3757,292,19
3758,292,20
3759,292,21
3760,292,22
3761,292,23
3762,293,0
3763,293,1
3764,293,2
3765,293,3
3766,293,4
3767,293,5
3768,293,6
3769,293,16
3770,293,17
3771,293,18
3772,293,19
3773,293,20
3774,293,21
3775,293,22
3776,293,23
3777,294,0
3778,294,1
3779,294,2
3780,294,3
3781,294,4
3782,294,5
3783,294,6
3784,294,16
3785,294,17
3786,294,18
3787,294,19
3788,294,20
3789,294,21
3790,294,22
3791,294,23
3792,295,0
3793,295,1
3794,295,2
3795,295,3
3796,295,4
3797,295,5
3798,295,6
3799,295,16
3800,295,17
3801,295,18
3802,295,19
3803,295,20
3804,295,21
3805,295,22
3806,295,23
3807,296,0
3808,296,1
3809,296,2
3810,296,3
3811,296,4
3812,296,5
3813,296,6
3814,296,16
3815,296,17
3816,296,18
3817,296,19
3818,296,20
3819,296,21
3820,296,22
3821,296,23
3822,297,0
3823,297,1
3824,297,2
3825,297,3
3826,297,4
3827,297,5
3828,297,6
3829,297,16
3830,297,17
3831,297,18
3832,297,19
3833,297,20
3834,297,21
3835,297,22
3836,297,23
3837,298,0
3838,298,1
3839,298,2
3840,298,3
3841,298,4
3842,298,5
3843,298,6
3844,298,16
3845,298,17
3846,298,18
3847,298,19
3848,298,20
3849,298,21
3850,298,22
3851,298,23
3852,299,0
3853,299,1
3854,299,2
3855,299,3
3856,299,4
3857,299,5
3858,299,6
3859,299,16
3860,299,17
3861,299,18
3862,299,19
3863,299,20
3864,299,21
3865,299,22
3866,299,23
3867,300,0
3868,300,1
3869,300,2
3870,300,3
3871,300,4
3872,300,5
3873,300,6
3874,300,16
3875,300,17
3876,300,18
3877,300,19
3878,300,20
3879,300,21
3880,300,22
3881,300,23
3882,301,0
3883,301,1
3884,301,2
3885,301,3
3886,301,4
3887,301,5
3888,301,6
3889,301,16
3890,301,17
3891,301,18
3892,301,19
3893,301,20
3894,301,21
3895,301,22
3896,301,23
3897,302,0
3898,302,1
3899,302,2
3900,302,3
3901,302,4
3902,302,5
3903,302,6
3904,302,16
3905,302,17
3906,302,18
3907,302,19
3908,302,20
3909,302,21
3910,302,22
3911,302,23
3912,303,0
3913,303,1
3914,303,2
3915,303,3
3916,303,4
3917,303,5
3918,303,6
3919,303,16
3920,303,17
3921,303,18
3922,303,19
3923,303,20
3924,303,21
3925,303,22
3926,303,23
3927,304,0
3928,304,1
3929,304,2
3930,304,3
3931,304,4
3932,304,5
3933,304,6
3934,304,16
3935,304,17
3936,304,18
3937,304,19
3938,304,20
3939,304,21
3940,304,22
3941,304,23
3942,305,0
3943,305,1
3944,305,2
3945,305,3
3946,305,4
3947,305,5
3948,305,6
3949,305,16
3950,305,17
3951,305,18
3952,305,19
3953,305,20
3954,305,21
3955,305,22
3956,305,23
3957,306,0
3958,306,1
3959,306,2
3960,306,3
3961,306,4
3962,306,5
3963,306,6
3964,306,16
3965,306,17
3966,306,18
3967,306,19
3968,306,20
3969,306,21
3970,306,22
3971,306,23
3972,307,0
3973,307,1
3974,307,2
3975,307,3
3976,307,4
3977,307,5
3978,307,6
3979,307,16
3980,307,17
3981,307,18
3982,307,19
3983,307,20
3984,307,21
3985,307,22
3986,307,23
3987,308,0
3988,308,1
3989,308,2
3990,308,3
3991,308,4
3992,308,5
3993,308,6
3994,308,16
3995,308,17
3996,308,18
3997,308,19
3998,308,20
3999,308,21
4000,308,22
4001,308,23
4002,309,0
4003,309,1
4004,309,2
4005,309,3
4006,309,4
4007,309,5
4008,309,6
4009,309,16
4010,309,17
4011,309,18
4012,309,19
4013,309,20
4014,309,21
4015,309,22
4016,309,23
4017,310,0
4018,310,1
4019,310,2
4020,310,3
4021,310,4
4022,310,5
4023,310,6
4024,310,16
4025,310,17
4026,310,18
4027,310,19
4028,310,20
4029,310,21
4030,310,22
4031,310,23
4032,311,0
4033,311,1
4034,311,2
4035,311,3
4036,311,4
4037,311,5
4038,311,6
4039,311,16
4040,311,17
4041,311,18
4042,311,19
4043,311,20
4044,311,21
4045,311,22
4046,311,23
4047,312,0
4048,312,1
4049,312,2
4050,312,3
4051,312,4
4052,312,5
4053,312,6
4054,312,16
4055,312,17
4056,312,18
4057,312,19
4058,312,20
4059,312,21
4060,312,22
4061,312,23
4062,313,0
4063,313,1
4064,313,2
4065,313,3
4066,313,4
4067,313,5
4068,313,6
4069,313,16
4070,313,17
4071,313,18
4072,313,19
4073,313,20
4074,313,21
4075,313,22
4076,313,23
4077,314,0
4078,314,1
4079,314,2
4080,314,3
4081,314,4
4082,314,5
4083,314,6
4084,314,16
4085,314,17
4086,314,18
4087,314,19
4088,314,20
4089,314,21
4090,314,22
4091,314,23
4092,315,0
4093,315,1
4094,315,2
4095,315,3
4096,315,4
4097,315,5
4098,315,6
4099,315,16
4100,315,17
4101,315,18
4102,315,19
4103,315,20
4104,315,21
4105,315,22
4106,315,23
4107,316,0
4108,316,1
4109,316,2
4110,316,3
4111,316,4
4112,316,5
4113,316,6
4114,316,16
4115,316,17
4116,316,18
4117,316,19
4118,316,20
4119,316,21
4120,316,22
4121,316,23
4122,317,0
4123,317,1
4124,317,2
4125,317,3
4126,317,4
4127,317,5
4128,317,6
4129,317,16
4130,317,17
4131,317,18
4132,317,19
4133,317,20
4134,317,21
4135,317,22
4136,317,23
4137,318,0
4138,318,1
4139,318,2
4140,318,3
4141,318,4
4142,318,5
4143,318,6
4144,318,7
4145,318,16
4146,318,17
4147,318,18
4148,318,19
4149,318,20
4150,318,21
4151,318,22
4152,318,23
4153,319,0
4154,319,1
4155,319,2
4156,319,3
4157,319,4
4158,319,5
4159,319,6
4160,319,16
4161,319,17
4162,319,18
4163,319,19
4164,319,20
4165,319,21
4166,319,22
4167,319,23
4168,320,0
4169,320,1
4170,320,2
4171,320,3
4172,320,4
4173,320,5
4174,320,6
4175,320,16
4176,320,17
4177,320,18
4178,320,19
4179,320,20
4180,320,21
4181,320,22
4182,320,23
4183,321,0
4184,321,1
4185,321,2
4186,321,3
4187,321,4
4188,321,5
4189,321,6
4190,321,16
4191,321,17
4192,321,18
4193,321,19
4194,321,20
4195,321,21
4196,321,22
4197,321,23
4198,322,0
4199,322,1
4200,322,2
4201,322,3
4202,322,4
4203,322,5
4204,322,6
4205,322,16
4206,322,17
4207,322,18
4208,322,19
4209,322,20
4210,322,21
4211,322,22
4212,322,23
4213,323,0
4214,323,1
4215,323,2
4216,323,3
4217,323,4
4218,323,5
4219,323,6
4220,323,15
4221,323,16
4222,323,17
4223,323,18
4224,323,19
4225,323,20
4226,323,21
4227,323,22
4228,323,23
4229,324,0
4230,324,1
4231,324,2
4232,324,3
4233,324,4
4234,324,5
4235,324,6
4236,324,7
4237,324,15
4238,324,16
4239,324,17
4240,324,18
4241,324,19
4242,324,20
4243,324,21
4244,324,22
4245,324,23
4246,325,0
4247,325,1
4248,325,2
4249,325,3
4250,325,4
4251,325,5
4252,325,6
4253,325,7
4254,325,15
4255,325,16
4256,325,17
4257,325,18
4258,325,19
4259,325,20
4260,325,21
4261,325,22
4262,325,23
4263,326,0
4264,326,1
4265,326,2
4266,326,3
4267,326,4
4268,326,5
4269,326,6
4270,326,7
4271,326,15
4272,326,16
4273,326,17
4274,326,18
4275,326,19
4276,326,20
4277,326,21
4278,326,22
4279,326,23
4280,327,0
4281,327,1
4282,327,2
4283,327,3
4284,327,4
4285,327,5
4286,327,6
4287,327,7
4288,327,15
4289,327,16
4290,327,17
4291,327,18
4292,327,19
4293,327,20
4294,327,21
4295,327,22
4296,327,23
4297,328,0
4298,328,1
4299,328,2
4300,328,3
4301,328,4
4302,328,5
4303,328,6
4304,328,7
4305,328,15
4306,328,16
4307,328,17
4308,328,18
4309,328,19
4310,328,20
4311,328,21
4312,328,22
4313,328,23
4314,329,0
4315,329,1
4316,329,2
4317,329,3
4318,329,4
4319,329,5
4320,329,6
4321,329,7
4322,329,15
4323,329,16
4324,329,17
4325,329,18
4326,329,19
4327,329,20
4328,329,21
4329,329,22
4330,329,23
4331,330,0
4332,330,1
4333,330,2
4334,330,3
4335,330,4
4336,330,5
4337,330,6
4338,330,7
4339,330,15
4340,330,16
4341,330,17
4342,330,18
4343,330,19
4344,330,20
4345,330,21
4346,330,22
4347,330,23
4348,331,0
4349,331,1
4350,331,2
4351,331,3
4352,331,4
4353,331,5
4354,331,6
4355,331,7
4356,331,15
4357,331,16
4358,331,17
4359,331,18
4360,331,19
4361,331,20
4362,331,21
4363,331,22
4364,331,23
4365,332,0
4366,332,1
4367,332,2
4368,332,3
4369,332,4
4370,332,5
4371,332,6
4372,332,7
4373,332,15
4374,332,16
4375,332,17
4376,332,18
4377,332,19
4378,332,20
4379,332,21
4380,332,22
4381,332,23
4382,333,0
4383,333,1
4384,333,2
4385,333,3
4386,333,4
4387,333,5
4388,333,6
4389,333,7
4390,333,15
4391,333,16
4392,333,17
4393,333,18
4394,333,19
4395,333,20
4396,333,21
4397,333,22
4398,333,23
4399,334,0
4400,334,1
4401,334,2
4402,334,3
4403,334,4
4404,334,5
4405,334,6
4406,334,7
4407,334,15
4408,334,16
4409,334,17
4410,334,18
4411,334,19
4412,334,20
4413,334,21
4414,334,22
4415,334,23
4416,335,0
4417,335,1
4418,335,2
4419,335,3
4420,335,4
4421,335,5
4422,335,6
4423,335,7
4424,335,15
4425,335,16
4426,335,17
4427,335,18
4428,335,19
4429,335,20
4430,335,21
4431,335,22
4432,335,23
4433,336,0
4434,336,1
4435,336,2
4436,336,3
4437,336,4
4438,336,5
4439,336,6
4440,336,7
4441,336,15
4442,336,16
4443,336,17
4444,336,18
4445,336,19
4446,336,20
4447,336,21
4448,336,22
4449,336,23
4450,337,0
4451,337,1
4452,337,2
4453,337,3
4454,337,4
4455,337,5
4456,337,6
4457,337,7
4458,337,15
4459,337,16
4460,337,17
4461,337,18
4462,337,19
4463,337,20
4464,337,21
4465,337,22
4466,337,23
4467,338,0
4468,338,1
4469,338,2
4470,338,3
4471,338,4
4472,338,5
4473,338,6
4474,338,7
4475,338,15
4476,338,16
4477,338,17
4478,338,18
4479,338,19
4480,338,20
4481,338,21
4482,338,22
4483,338,23
4484,339,0
4485,339,1
4486,339,2
4487,339,3
4488,339,4
4489,339,5
4490,339,6
4491,339,7
4492,339,15
4493,339,16
4494,339,17
4495,339,18
4496,339,19
4497,339,20
4498,339,21
4499,339,22
4500,339,23
4501,340,0
4502,340,1
4503,340,2
4504,340,3
4505,340,4
4506,340,5
4507,340,6
4508,340,7
4509,340,15
4510,340,16
4511,340,17
4512,340,18
4513,340,19
4514,340,20
4515,340,21
4516,340,22
4517,340,23
4518,341,0
4519,341,1
4520,341,2
4521,341,3
4522,341,4
4523,341,5
4524,341,6
4525,341,7
4526,341,15
4527,341,16
4528,341,17
4529,341,18
4530,341,19
4531,341,20
4532,341,21
4533,341,22
4534,341,23
4535,342,0
4536,342,1
4537,342,2
4538,342,3
4539,342,4
4540,342,5
4541,342,6
4542,342,7
4543,342,15
4544,342,16
4545,342,17
4546,342,18
4547,342,19
4548,342,20
4549,342,21
4550,342,22
4551,342,23
4552,343,0
4553,343,1
4554,343,2
4555,343,3
4556,343,4
4557,343,5
4558,343,6
4559,343,7
4560,343,15
4561,343,16
4562,343,17
4563,343,18
4564,343,19
4565,343,20
4566,343,21
4567,343,22
4568,343,23
4569,344,0
4570,344,1
4571,344,2
4572,344,3
4573,344,4
4574,344,5
4575,344,6
4576,344,7
4577,344,15
4578,344,16
4579,344,17
4580,344,18
4581,344,19
4582,344,20
4583,344,21
4584,344,22
4585,344,23
4586,345,0
4587,345,1
4588,345,2
4589,345,3
4590,345,4
4591,345,5
4592,345,6
4593,345,7
4594,345,15
4595,345,16
4596,345,17
4597,345,18
4598,345,19
4599,345,20
4600,345,21
4601,345,22
4602,345,23
4603,346,0
4604,346,1
4605,346,2
4606,346,3
4607,346,4
4608,346,5
4609,346,6
4610,346,7
4611,346,15
4612,346,16
4613,346,17
4614,346,18
4615,346,19
4616,346,20
4617,346,21
4618,346,22
4619,346,23
4620,347,0
4621,347,1
4622,347,2
4623,347,3
4624,347,4
4625,347,5
4626,347,6
4627,347,7
4628,347,15
4629,347,16
4630,347,17
4631,347,18
4632,347,19
4633,347,20
4634,347,21
4635,347,22
4636,347,23
4637,348,0
4638,348,1
4639,348,2
4640,348,3
4641,348,4
4642,348,5
4643,348,6
4644,348,7
4645,348,15
4646,348,16
4647,348,17
4648,348,18
4649,348,19
4650,348,20
4651,348,21
4652,348,22
4653,348,23
4654,349,0
4655,349,1
4656,349,2
4657,349,3
4658,349,4
4659,349,5
4660,349,6
4661,349,7
4662,349,15
4663,349,16
4664,349,17
4665,349,18
4666,349,19
4667,349,20
4668,349,21
4669,349,22
4670,349,23
4671,350,0
4672,350,1
4673,350,2
4674,350,3
4675,350,4
4676,350,5
4677,350,6
4678,350,7
4679,350,15
4680,350,16
4681,350,17
4682,350,18
4683,350,19
4684,350,20
4685,350,21
4686,350,22
4687,350,23
4688,351,0
4689,351,1
4690,351,2
4691,351,3
4692,351,4
4693,351,5
4694,351,6
4695,351,7
4696,351,15
4697,351,16
4698,351,17
4699,351,18
4700,351,19
4701,351,20
4702,351,21
4703,351,22
4704,351,23
4705,352,0
4706,352,1
4707,352,2
4708,352,3
4709,352,4
4710,352,5
4711,352,6
4712,352,7
4713,352,15
4714,352,16
4715,352,17
4716,352,18
4717,352,19
4718,352,20
4719,352,21
4720,352,22
4721,352,23
4722,353,0
4723,353,1
4724,353,2
4725,353,3
4726,353,4
4727,353,5
4728,353,6
4729,353,7
4730,353,15
4731,353,16
4732,353,17
4733,353,18
4734,353,19
4735,353,20
4736,353,21
4737,353,22
4738,353,23
4739,354,0
4740,354,1
4741,354,2
4742,354,3
4743,354,4
4744,354,5
4745,354,6
4746,354,7
4747,354,15
4748,354,16
4749,354,17
4750,354,18
4751,354,19
4752,354,20
4753,354,21
4754,354,22
4755,354,23
4756,355,0
4757,355,1
4758,355,2
4759,355,3
4760,355,4
4761,355,5
4762,355,6
4763,355,7
4764,355,15
4765,355,16
4766,355,17
4767,355,18
4768,355,19
4769,355,20
4770,355,21
4771,355,22
4772,355,23
4773,356,0
4774,356,1
4775,356,2
4776,356,3
4777,356,4
4778,356,5
4779,356,6
4780,356,7
4781,356,15
4782,356,16
4783,356,17
4784,356,18
4785,356,19
4786,356,20
4787,356,21
4788,356,22
4789,356,23
4790,357,0
4791,357,1
4792,357,2
4793,357,3
4794,357,4
4795,357,5
4796,357,6
4797,357,7
4798,357,15
4799,357,16
4800,357,17
4801,357,18
4802,357,19
4803,357,20
4804,357,21
4805,357,22
4806,357,23
4807,358,0
4808,358,1
4809,358,2
4810,358,3
4811,358,4
4812,358,5
4813,358,6
4814,358,7
4815,358,15
4816,358,16
4817,358,17
4818,358,18
4819,358,19
4820,358,20
4821,358,21
4822,358,22
4823,358,23
4824,359,0
4825,359,1
4826,359,2
4827,359,3
4828,359,4
4829,359,5
4830,359,6
4831,359,7
4832,359,15
4833,359,16
4834,359,17
4835,359,18
4836,359,19
4837,359,20
4838,359,21
4839,359,22
4840,359,23
4841,360,0
4842,360,1
4843,360,2
4844,360,3
4845,360,4
4846,360,5
4847,360,6
4848,360,7
4849,360,15
4850,360,16
4851,360,17
4852,360,18
4853,360,19
4854,360,20
4855,360,21
4856,360,22
4857,360,23
4858,361,0
4859,361,1
4860,361,2
4861,361,3
4862,361,4
4863,361,5
4864,361,6
4865,361,7
4866,361,15
4867,361,16
4868,361,17
4869,361,18
4870,361,19
4871,361,20
4872,361,21
4873,361,22
4874,361,23
4875,362,0
4876,362,1
4877,362,2
4878,362,3
4879,362,4
4880,362,5
4881,362,6
4882,362,7
4883,362,15
4884,362,16
4885,362,17
4886,362,18
4887,362,19
4888,362,20
4889,362,21
4890,362,22
4891,362,23
4892,363,0
4893,363,1
4894,363,2
4895,363,3
4896,363,4
4897,363,5
4898,363,6
4899,363,7
4900,363,15
4901,363,16
4902,363,17
4903,363,18
4904,363,19
4905,363,20
4906,363,21
4907,363,22
4908,363,23
4909,364,0
4910,364,1
4911,364,2
4912,364,3
4913,364,4
4914,364,5
4915,364,6
4916,364,7
4917,364,15
4918,364,16
4919,364,17
4920,364,18
4921,364,19
4922,364,20
4923,364,21
4924,364,22
4925,364,23
4926,365,0
4927,365,1
4928,365,2
4929,365,3
4930,365,4
4931,365,5
4932,365,6
4933,365,7
4934,365,15
4935,365,16
4936,365,17
4937,365,18
4938,365,19
4939,365,20
4940,365,21
4941,365,22
4942,365,23
