,day,hour
0,1,0
1,1,1
2,1,2
3,1,3
4,1,4
5,1,5
6,1,6
7,1,15
8,1,16
9,1,17
10,1,18
11,1,19
12,1,20
13,1,21
14,1,22
15,1,23
16,2,0
17,2,1
18,2,2
19,2,3
20,2,4
21,2,5
22,2,6
23,2,15
24,2,16
25,2,17
26,2,18
27,2,19
28,2,20
29,2,21
30,2,22
31,2,23
32,3,0
33,3,1
34,3,2
35,3,3
36,3,4
37,3,5
38,3,6
39,3,15
40,3,16
41,3,17
42,3,18
43,3,19
44,3,20
45,3,21
46,3,22
47,3,23
48,4,0
49,4,1
50,4,2
51,4,3
52,4,4
53,4,5
54,4,6
55,4,15
56,4,16
57,4,17
58,4,18
59,4,19
60,4,20
61,4,21
62,4,22
63,4,23
64,5,0
65,5,1
66,5,2
67,5,3
68,5,4
69,5,5
70,5,6
71,5,15
72,5,16
73,5,17
74,5,18
75,5,19
76,5,20
77,5,21
78,5,22
79,5,23
80,6,0
81,6,1
82,6,2
83,6,3
84,6,4
85,6,5
86,6,6
87,6,15
88,6,16
89,6,17
90,6,18
91,6,19
92,6,20
93,6,21
94,6,22
95,6,23
96,7,0
97,7,1
98,7,2
99,7,3
100,7,4
101,7,5
102,7,6
103,7,16
104,7,17
105,7,18
106,7,19
107,7,20
108,7,21
109,7,22
110,7,23
111,8,0
112,8,1
113,8,2
114,8,3
115,8,4
116,8,5
117,8,6
118,8,15
119,8,16
120,8,17
121,8,18
122,8,19
123,8,20
124,8,21
125,8,22
126,8,23
127,9,0
128,9,1
129,9,2
130,9,3
131,9,4
132,9,5
133,9,6
134,9,15
135,9,16
136,9,17
137,9,18
138,9,19
139,9,20
140,9,21
141,9,22
142,9,23
143,10,0
144,10,1
145,10,2
146,10,3
147,10,4
148,10,5
149,10,6
150,10,15
151,10,16
152,10,17
153,10,18
154,10,19
155,10,20
156,10,21
157,10,22
158,10,23
159,11,0
160,11,1
161,11,2
162,11,3
163,11,4
164,11,5
165,11,6
166,11,15
167,11,16
168,11,17
169,11,18
170,11,19
171,11,20
172,11,21
173,11,22
174,11,23
175,12,0
176,12,1
177,12,2
178,12,3
179,12,4
180,12,5
181,12,6
182,12,15
183,12,16
184,12,17
185,12,18
186,12,19
187,12,20
188,12,21
189,12,22
190,12,23
191,13,0
192,13,1
193,13,2
194,13,3
195,13,4
196,13,5
197,13,6
198,13,15
199,13,16
200,13,17
201,13,18
202,13,19
203,13,20
204,13,21
205,13,22
206,13,23
207,14,0
208,14,1
209,14,2
210,14,3
211,14,4
212,14,5
213,14,6
214,14,15
215,14,16
216,14,17
217,14,18
218,14,19
219,14,20
220,14,21
221,14,22
222,14,23
223,15,0
224,15,1
225,15,2
226,15,3
227,15,4
228,15,5
229,15,6
230,15,15
231,15,16
232,15,17
233,15,18
234,15,19
235,15,20
236,15,21
237,15,22
238,15,23
239,16,0
240,16,1
241,16,2
242,16,3
243,16,4
244,16,5
245,16,6
246,16,15
247,16,16
248,16,17
249,16,18
250,16,19
251,16,20
252,16,21
253,16,22
254,16,23
255,17,0
256,17,1
257,17,2
258,17,3
259,17,4
260,17,5
261,17,6
262,17,15
263,17,16
264,17,17
265,17,18
266,17,19
267,17,20
268,17,21
269,17,22
270,17,23
271,18,0
272,18,1
273,18,2
274,18,3
275,18,4
276,18,5
277,18,6
278,18,15
279,18,16
280,18,17
281,18,18
282,18,19
283,18,20
284,18,21
285,18,22
286,18,23
287,19,0
288,19,1
289,19,2
290,19,3
291,19,4
292,19,5
293,19,6
294,19,15
295,19,16
296,19,17
297,19,18
298,19,19
299,19,20
300,19,21
301,19,22
302,19,23
303,20,0
304,20,1
305,20,2
306,20,3
307,20,4
308,20,5
309,20,6
310,20,15
311,20,16
312,20,17
313,20,18
314,20,19
315,20,20
316,20,21
317,20,22
318,20,23
319,21,0
320,21,1
321,21,2
322,21,3
323,21,4
324,21,5
325,21,15
326,21,16
327,21,17
328,21,18
329,21,19
330,21,20
331,21,21
332,21,22
333,21,23
334,22,0
335,22,1
336,22,2
337,22,3
338,22,4
339,22,5
340,22,16
341,22,17
342,22,18
343,22,19
344,22,20
345,22,21
346,22,22
347,22,23
348,23,0
349,23,1
350,23,2
351,23,3
352,23,4
353,23,5
354,23,6
355,23,15
356,23,16
357,23,17
358,23,18
359,23,19
360,23,20
361,23,21
362,23,22
363,23,23
364,24,0
365,24,1
366,24,2
367,24,3
368,24,4
369,24,5
370,24,16
371,24,17
372,24,18
373,24,19
374,24,20
375,24,21
376,24,22
377,24,23
378,25,0
379,25,1
380,25,2
381,25,3
382,25,4
383,25,5
384,25,15
385,25,16
386,25,17
387,25,18
388,25,19
389,25,20
390,25,21
391,25,22
392,25,23
393,26,0
394,26,1
395,26,2
396,26,3
397,26,4
398,26,5
399,26,15
400,26,16
401,26,17
402,26,18
403,26,19
404,26,20
405,26,21
406,26,22
407,26,23
408,27,0
409,27,1
410,27,2
411,27,3
412,27,4
413,27,5
414,27,16
415,27,17
416,27,18
417,27,19
418,27,20
419,27,21
420,27,22
421,27,23
422,28,0
423,28,1
424,28,2
425,28,3
426,28,4
427,28,5
428,28,16
429,28,17
430,28,18
431,28,19
432,28,20
433,28,21
434,28,22
435,28,23
436,29,0
437,29,1
438,29,2
439,29,3
440,29,4
441,29,5
442,29,16
443,29,17
444,29,18
445,29,19
446,29,20
447,29,21
448,29,22
449,29,23
450,30,0
451,30,1
452,30,2
453,30,3
454,30,4
455,30,5
456,30,16
457,30,17
458,30,18
459,30,19
460,30,20
461,30,21
462,30,22
463,30,23
464,31,0
465,31,1
466,31,2
467,31,3
468,31,4
469,31,5
470,31,16
471,31,17
472,31,18
473,31,19
474,31,20
475,31,21
476,31,22
477,31,23
478,32,0
479,32,1
480,32,2
481,32,3
482,32,4
483,32,5
484,32,16
485,32,17
486,32,18
487,32,19
488,32,20
489,32,21
490,32,22
491,32,23
492,33,0
493,33,1
494,33,2
495,33,3
496,33,4
497,33,5
498,33,16
499,33,17
500,33,18
501,33,19
502,33,20
503,33,21
504,33,22
505,33,23
506,34,0
507,34,1
508,34,2
509,34,3
510,34,4
511,34,5
512,34,16
513,34,17
514,34,18
515,34,19
516,34,20
517,34,21
518,34,22
519,34,23
520,35,0
521,35,1
522,35,2
523,35,3
524,35,4
525,35,5
526,35,16
527,35,17
528,35,18
529,35,19
530,35,20
531,35,21
532,35,22
533,35,23
534,36,0
535,36,1
536,36,2
537,36,3
538,36,4
539,36,5
540,36,16
541,36,17
542,36,18
543,36,19
544,36,20
545,36,21
546,36,22
547,36,23
548,37,0
549,37,1
550,37,2
551,37,3
552,37,4
553,37,5
554,37,16
555,37,17
556,37,18
557,37,19
558,37,20
559,37,21
560,37,22
561,37,23
562,38,0
563,38,1
564,38,2
565,38,3
566,38,4
567,38,5
568,38,16
569,38,17
570,38,18
571,38,19
572,38,20
573,38,21
574,38,22
575,38,23
576,39,0
577,39,1
578,39,2
579,39,3
580,39,4
581,39,5
582,39,16
583,39,17
584,39,18
585,39,19
586,39,20
587,39,21
588,39,22
589,39,23
590,40,0
591,40,1
592,40,2
593,40,3
594,40,4
595,40,5
596,40,16
597,40,17
598,40,18
599,40,19
600,40,20
601,40,21
602,40,22
603,40,23
604,41,0
605,41,1
606,41,2
607,41,3
608,41,4
609,41,5
610,41,16
611,41,17
612,41,18
613,41,19
614,41,20
615,41,21
616,41,22
617,41,23
618,42,0
619,42,1
620,42,2
621,42,3
622,42,4
623,42,5
624,42,16
625,42,17
626,42,18
627,42,19
628,42,20
629,42,21
630,42,22
631,42,23
632,43,0
633,43,1
634,43,2
635,43,3
636,43,4
637,43,5
638,43,16
639,43,17
640,43,18
641,43,19
642,43,20
643,43,21
644,43,22
645,43,23
646,44,0
647,44,1
648,44,2
649,44,3
650,44,4
651,44,5
652,44,16
653,44,17
654,44,18
655,44,19
656,44,20
657,44,21
658,44,22
659,44,23
660,45,0
661,45,1
662,45,2
663,45,3
664,45,4
665,45,5
666,45,16
667,45,17
668,45,18
669,45,19
670,45,20
671,45,21
672,45,22
673,45,23
674,46,0
675,46,1
676,46,2
677,46,3
678,46,4
679,46,5
680,46,16
681,46,17
682,46,18
683,46,19
684,46,20
685,46,21
686,46,22
687,46,23
688,47,0
689,47,1
690,47,2
691,47,3
692,47,4
693,47,5
694,47,16
695,47,17
696,47,18
697,47,19
698,47,20
699,47,21
700,47,22
701,47,23
702,48,0
703,48,1
704,48,2
705,48,3
706,48,4
707,48,5
708,48,16
709,48,17
710,48,18
711,48,19
712,48,20
713,48,21
714,48,22
715,48,23
716,49,0
717,49,1
718,49,2
719,49,3
720,49,4
721,49,5
722,49,16
723,49,17
724,49,18
725,49,19
726,49,20
727,49,21
728,49,22
729,49,23
730,50,0
731,50,1
732,50,2
733,50,3
734,50,4
735,50,5
736,50,16
737,50,17
738,50,18
739,50,19
740,50,20
741,50,21
742,50,22
743,50,23
744,51,0
745,51,1
746,51,2
747,51,3
748,51,4
749,51,5
750,51,16
751,51,17
752,51,18
753,51,19
754,51,20
755,51,21
756,51,22
757,51,23
758,52,0
759,52,1
760,52,2
761,52,3
762,52,4
763,52,5
764,52,16
765,52,17
766,52,18
767,52,19
768,52,20
769,52,21
770,52,22
771,52,23
772,53,0
773,53,1
774,53,2
775,53,3
776,53,4
777,53,5
778,53,16
779,53,17
780,53,18
781,53,19
782,53,20
783,53,21
784,53,22
785,53,23
786,54,0
787,54,1
788,54,2
789,54,3
790,54,4
791,54,5
792,54,16
793,54,17
794,54,18
795,54,19
796,54,20
797,54,21
798,54,22
799,54,23
800,55,0
801,55,1
802,55,2
803,55,3
804,55,4
805,55,5
806,55,16
807,55,17
808,55,18
809,55,19
810,55,20
811,55,21
812,55,22
813,55,23
814,56,0
815,56,1
816,56,2
817,56,3
818,56,4
819,56,5
820,56,16
821,56,17
822,56,18
823,56,19
824,56,20
825,56,21
826,56,22
827,56,23
828,57,0
829,57,1
830,57,2
831,57,3
832,57,4
833,57,5
834,57,16
835,57,17
836,57,18
837,57,19
838,57,20
839,57,21
840,57,22
841,57,23
842,58,0
843,58,1
844,58,2
845,58,3
846,58,4
847,58,5
848,58,16
849,58,17
850,58,18
851,58,19
852,58,20
853,58,21
854,58,22
855,58,23
856,59,0
857,59,1
858,59,2
859,59,3
860,59,4
861,59,5
862,59,16
863,59,17
864,59,18
865,59,19
866,59,20
867,59,21
868,59,22
869,59,23
870,60,0
871,60,1
872,60,2
873,60,3
874,60,4
875,60,5
876,60,16
877,60,17
878,60,18
879,60,19
880,60,20
881,60,21
882,60,22
883,60,23
884,61,0
885,61,1
886,61,2
887,61,3
888,61,4
889,61,5
890,61,16
891,61,17
892,61,18
893,61,19
894,61,20
895,61,21
896,61,22
897,61,23
898,62,0
899,62,1
900,62,2
901,62,3
902,62,4
903,62,5
904,62,16
905,62,17
906,62,18
907,62,19
908,62,20
909,62,21
910,62,22
911,62,23
912,63,0
913,63,1
914,63,2
915,63,3
916,63,4
917,63,5
918,63,16
919,63,17
920,63,18
921,63,19
922,63,20
923,63,21
924,63,22
925,63,23
926,64,0
927,64,1
928,64,2
929,64,3
930,64,4
931,64,5
932,64,16
933,64,17
934,64,18
935,64,19
936,64,20
937,64,21
938,64,22
939,64,23
940,65,0
941,65,1
942,65,2
943,65,3
944,65,4
945,65,5
946,65,16
947,65,17
948,65,18
949,65,19
950,65,20
951,65,21
952,65,22
953,65,23
954,66,0
955,66,1
956,66,2
957,66,3
958,66,4
959,66,5
960,66,16
961,66,17
962,66,18
963,66,19
964,66,20
965,66,21
966,66,22
967,66,23
968,67,0
969,67,1
970,67,2
971,67,3
972,67,4
973,67,5
974,67,16
975,67,17
976,67,18
977,67,19
978,67,20
979,67,21
980,67,22
981,67,23
982,68,0
983,68,1
984,68,2
985,68,3
986,68,4
987,68,5
988,68,16
989,68,17
990,68,18
991,68,19
992,68,20
993,68,21
994,68,22
995,68,23
996,69,0
997,69,1
998,69,2
999,69,3
1000,69,4
1001,69,5
1002,69,16
1003,69,17
1004,69,18
1005,69,19
1006,69,20
1007,69,21
1008,69,22
1009,69,23
1010,70,0
1011,70,1
1012,70,2
1013,70,3
1014,70,4
1015,70,5
1016,70,16
1017,70,17
1018,70,18
1019,70,19
1020,70,20
1021,70,21
1022,70,22
1023,70,23
1024,71,0
1025,71,1
1026,71,2
1027,71,3
1028,71,4
1029,71,5
1030,71,16
1031,71,17
1032,71,18
1033,71,19
1034,71,20
1035,71,21
1036,71,22
1037,71,23
1038,72,0
1039,72,1
1040,72,2
1041,72,3
1042,72,4
1043,72,5
1044,72,16
1045,72,17
1046,72,18
1047,72,19
1048,72,20
1049,72,21
1050,72,22
1051,72,23
1052,73,0
1053,73,1
1054,73,2
1055,73,3
1056,73,4
1057,73,5
1058,73,16
1059,73,17
1060,73,18
1061,73,19
1062,73,20
1063,73,21
1064,73,22
1065,73,23
1066,74,0
1067,74,1
1068,74,2
1069,74,3
1070,74,4
1071,74,5
1072,74,16
1073,74,17
1074,74,18
1075,74,19
1076,74,20
1077,74,21
1078,74,22
1079,74,23
1080,75,0
1081,75,1
1082,75,2
1083,75,3
1084,75,4
1085,75,5
1086,75,16
1087,75,17
1088,75,18
1089,75,19
1090,75,20
1091,75,21
1092,75,22
1093,75,23
1094,76,0
1095,76,1
1096,76,2
1097,76,3
1098,76,4
1099,76,5
1100,76,16
1101,76,17
1102,76,18
1103,76,19
1104,76,20
1105,76,21
1106,76,22
1107,76,23
1108,77,0
1109,77,1
1110,77,2
1111,77,3
1112,77,4
1113,77,5
1114,77,16
1115,77,17
1116,77,18
1117,77,19
1118,77,20
1119,77,21
1120,77,22
1121,77,23
1122,78,0
1123,78,1
1124,78,2
1125,78,3
1126,78,4
1127,78,5
1128,78,16
1129,78,17
1130,78,18
1131,78,19
1132,78,20
1133,78,21
1134,78,22
1135,78,23
1136,79,0
1137,79,1
1138,79,2
1139,79,3
1140,79,4
1141,79,5
1142,79,16
1143,79,17
1144,79,18
1145,79,19
1146,79,20
1147,79,21
1148,79,22
1149,79,23
1150,80,0
1151,80,1
1152,80,2
1153,80,3
1154,80,4
1155,80,5
1156,80,17
1157,80,18
1158,80,19
1159,80,20
1160,80,21
1161,80,22
1162,80,23
1163,81,0
1164,81,1
1165,81,2
1166,81,3
1167,81,4
1168,81,16
1169,81,17
1170,81,18
1171,81,19
1172,81,20
1173,81,21
1174,81,22
1175,81,23
1176,82,0
1177,82,1
1178,82,2
1179,82,3
1180,82,4
1181,82,16
1182,82,17
1183,82,18
1184,82,19
1185,82,20
1186,82,21
1187,82,22
1188,82,23
1189,83,0
1190,83,1
1191,83,2
1192,83,3
1193,83,4
1194,83,17
1195,83,18
1196,83,19
1197,83,20
1198,83,21
1199,83,22
1200,83,23
1201,84,0
1202,84,1
1203,84,2
1204,84,3
1205,84,4
1206,84,17
1207,84,18
1208,84,19
1209,84,20
1210,84,21
1211,84,22
1212,84,23
1213,85,0
1214,85,1
1215,85,2
1216,85,3
1217,85,4
1218,85,16
1219,85,17
1220,85,18
1221,85,19
1222,85,20
1223,85,21
1224,85,22
1225,85,23
1226,86,0
1227,86,1
1228,86,2
1229,86,3
1230,86,4
1231,86,17
1232,86,18
1233,86,19
1234,86,20
1235,86,21
1236,86,22
1237,86,23
1238,87,0
1239,87,1
1240,87,2
1241,87,3
1242,87,4
1243,87,17
1244,87,18
1245,87,19
1246,87,20
1247,87,21
1248,87,22
1249,87,23
1250,88,0
1251,88,1
1252,88,2
1253,88,3
1254,88,4
1255,88,17
1256,88,18
1257,88,19
1258,88,20
1259,88,21
1260,88,22
1261,88,23
1262,89,0
1263,89,1
1264,89,2
1265,89,3
1266,89,4
1267,89,17
1268,89,18
1269,89,19
1270,89,20
1271,89,21
1272,89,22
1273,89,23
1274,90,0
1275,90,1
1276,90,2
1277,90,3
1278,90,4
1279,90,17
1280,90,18
1281,90,19
1282,90,20
1283,90,21
1284,90,22
1285,90,23
1286,91,0
1287,91,1
1288,91,2
1289,91,3
1290,91,4
1291,91,17
1292,91,18
1293,91,19
1294,91,20
1295,91,21
1296,91,22
1297,91,23
1298,92,0
1299,92,1
1300,92,2
1301,92,3
1302,92,4
1303,92,17
1304,92,18
1305,92,19
1306,92,20
1307,92,21
1308,92,22
1309,92,23
1310,93,0
1311,93,1
1312,93,2
1313,93,3
1314,93,4
1315,93,17
1316,93,18
1317,93,19
1318,93,20
1319,93,21
1320,93,22
1321,93,23
1322,94,0
1323,94,1
1324,94,2
1325,94,3
1326,94,4
1327,94,17
1328,94,18
1329,94,19
1330,94,20
1331,94,21
1332,94,22
1333,94,23
1334,95,0
1335,95,1
1336,95,2
1337,95,3
1338,95,4
1339,95,17
1340,95,18
1341,95,19
1342,95,20
1343,95,21
1344,95,22
1345,95,23
1346,96,0
1347,96,1
1348,96,2
1349,96,3
1350,96,4
1351,96,17
1352,96,18
1353,96,19
1354,96,20
1355,96,21
1356,96,22
1357,96,23
1358,97,0
1359,97,1
1360,97,2
1361,97,3
1362,97,4
1363,97,17
1364,97,18
1365,97,19
1366,97,20
1367,97,21
1368,97,22
1369,97,23
1370,98,0
1371,98,1
1372,98,2
1373,98,3
1374,98,4
1375,98,17
1376,98,18
1377,98,19
1378,98,20
1379,98,21
1380,98,22
1381,98,23
1382,99,0
1383,99,1
1384,99,2
1385,99,3
1386,99,4
1387,99,17
1388,99,18
1389,99,19
1390,99,20
1391,99,21
1392,99,22
1393,99,23
1394,100,0
1395,100,1
1396,100,2
1397,100,3
1398,100,4
1399,100,17
1400,100,18
1401,100,19
1402,100,20
1403,100,21
1404,100,22
1405,100,23
1406,101,0
1407,101,1
1408,101,2
1409,101,3
1410,101,4
1411,101,17
1412,101,18
1413,101,19
1414,101,20
1415,101,21
1416,101,22
1417,101,23
1418,102,0
1419,102,1
1420,102,2
1421,102,3
1422,102,4
1423,102,17
1424,102,18
1425,102,19
1426,102,20
1427,102,21
1428,102,22
1429,102,23
1430,103,0
1431,103,1
1432,103,2
1433,103,3
1434,103,4
1435,103,17
1436,103,18
1437,103,19
1438,103,20
1439,103,21
1440,103,22
1441,103,23
1442,104,0
1443,104,1
1444,104,2
1445,104,3
1446,104,4
1447,104,17
1448,104,18
1449,104,19
1450,104,20
1451,104,21
1452,104,22
1453,104,23
1454,105,0
1455,105,1
1456,105,2
1457,105,3
1458,105,4
1459,105,17
1460,105,18
1461,105,19
1462,105,20
1463,105,21
1464,105,22
1465,105,23
1466,106,0
1467,106,1
1468,106,2
1469,106,3
1470,106,4
1471,106,17
1472,106,18
1473,106,19
1474,106,20
1475,106,21
1476,106,22
1477,106,23
1478,107,0
1479,107,1
1480,107,2
1481,107,3
1482,107,4
1483,107,17
1484,107,18
1485,107,19
1486,107,20
1487,107,21
1488,107,22
1489,107,23
1490,108,0
1491,108,1
1492,108,2
1493,108,3
1494,108,4
1495,108,17
1496,108,18
1497,108,19
1498,108,20
1499,108,21
1500,108,22
1501,108,23
1502,109,0
1503,109,1
1504,109,2
1505,109,3
1506,109,4
1507,109,17
1508,109,18
1509,109,19
1510,109,20
1511,109,21
1512,109,22
1513,109,23
1514,110,0
1515,110,1
1516,110,2
1517,110,3
1518,110,4
1519,110,17
1520,110,18
1521,110,19
1522,110,20
1523,110,21
1524,110,22
1525,110,23
1526,111,0
1527,111,1
1528,111,2
1529,111,3
1530,111,4
1531,111,17
1532,111,18
1533,111,19
1534,111,20
1535,111,21
1536,111,22
1537,111,23
1538,112,0
1539,112,1
1540,112,2
1541,112,3
1542,112,4
1543,112,17
1544,112,18
1545,112,19
1546,112,20
1547,112,21
1548,112,22
1549,112,23
1550,113,0
1551,113,1
1552,113,2
1553,113,3
1554,113,4
1555,113,17
1556,113,18
1557,113,19
1558,113,20
1559,113,21
1560,113,22
1561,113,23
1562,114,0
1563,114,1
1564,114,2
1565,114,3
1566,114,4
1567,114,17
1568,114,18
1569,114,19
1570,114,20
1571,114,21
1572,114,22
1573,114,23
1574,115,0
1575,115,1
1576,115,2
1577,115,3
1578,115,4
1579,115,17
1580,115,18
1581,115,19
1582,115,20
1583,115,21
1584,115,22
1585,115,23
1586,116,0
1587,116,1
1588,116,2
1589,116,3
1590,116,4
1591,116,17
1592,116,18
1593,116,19
1594,116,20
1595,116,21
1596,116,22
1597,116,23
1598,117,0
1599,117,1
1600,117,2
1601,117,3
1602,117,4
1603,117,17
1604,117,18
1605,117,19
1606,117,20
1607,117,21
1608,117,22
1609,117,23
1610,118,0
1611,118,1
1612,118,2
1613,118,3
1614,118,4
1615,118,17
1616,118,18
1617,118,19
1618,118,20
1619,118,21
1620,118,22
1621,118,23
1622,119,0
1623,119,1
1624,119,2
1625,119,3
1626,119,4
1627,119,17
1628,119,18
1629,119,19
1630,119,20
1631,119,21
1632,119,22
1633,119,23
1634,120,0
1635,120,1
1636,120,2
1637,120,3
1638,120,4
1639,120,17
1640,120,18
1641,120,19
1642,120,20
1643,120,21
1644,120,22
1645,120,23
1646,121,0
1647,121,1
1648,121,2
1649,121,3
1650,121,4
1651,121,17
1652,121,18
1653,121,19
1654,121,20
1655,121,21
1656,121,22
1657,121,23
1658,122,0
1659,122,1
1660,122,2
1661,122,3
1662,122,4
1663,122,17
1664,122,18
1665,122,19
1666,122,20
1667,122,21
1668,122,22
1669,122,23
1670,123,0
1671,123,1
1672,123,2
1673,123,3
1674,123,4
1675,123,17
1676,123,18
1677,123,19
1678,123,20
1679,123,21
1680,123,22
1681,123,23
1682,124,0
1683,124,1
1684,124,2
1685,124,3
1686,124,4
1687,124,17
1688,124,18
1689,124,19
1690,124,20
1691,124,21
1692,124,22
1693,124,23
1694,125,0
1695,125,1
1696,125,2
1697,125,3
1698,125,4
1699,125,17
1700,125,18
1701,125,19
1702,125,20
1703,125,21
1704,125,22
1705,125,23
1706,126,0
1707,126,1
1708,126,2
1709,126,3
1710,126,4
1711,126,17
1712,126,18
1713,126,19
1714,126,20
1715,126,21
1716,126,22
1717,126,23
1718,127,0
1719,127,1
1720,127,2
1721,127,3
1722,127,4
1723,127,17
1724,127,18
1725,127,19
1726,127,20
1727,127,21
1728,127,22
1729,127,23
1730,128,0
1731,128,1
1732,128,2
1733,128,3
1734,128,4
1735,128,17
1736,128,18
1737,128,19
1738,128,20
1739,128,21
1740,128,22
1741,128,23
1742,129,0
1743,129,1
1744,129,2
1745,129,3
1746,129,4
1747,129,17
1748,129,18
1749,129,19
1750,129,20
1751,129,21
1752,129,22
1753,129,23
1754,130,0
1755,130,1
1756,130,2
1757,130,3
1758,130,4
1759,130,17
1760,130,18
1761,130,19
1762,130,20
1763,130,21
1764,130,22
1765,130,23
1766,131,0
1767,131,1
1768,131,2
1769,131,3
1770,131,4
1771,131,17
1772,131,18
1773,131,19
1774,131,20
1775,131,21
1776,131,22
1777,131,23
1778,132,0
1779,132,1
1780,132,2
1781,132,3
1782,132,4
1783,132,17
1784,132,18
1785,132,19
1786,132,20
1787,132,21
1788,132,22
1789,132,23
1790,133,0
1791,133,1
1792,133,2
1793,133,3
1794,133,4
1795,133,17
1796,133,18
1797,133,19
1798,133,20
1799,133,21
1800,133,22
1801,133,23
1802,134,0
1803,134,1
1804,134,2
1805,134,3
1806,134,4
1807,134,17
1808,134,18
1809,134,19
1810,134,20
1811,134,21
1812,134,22
1813,134,23
1814,135,0
1815,135,1
1816,135,2
1817,135,3
1818,135,4
1819,135,17
1820,135,18
1821,135,19
1822,135,20
1823,135,21
1824,135,22
1825,135,23
1826,136,0
1827,136,1
1828,136,2
1829,136,3
1830,136,4
1831,136,17
1832,136,18
1833,136,19
1834,136,20
1835,136,21
1836,136,22
1837,136,23
1838,137,0
1839,137,1
1840,137,2
1841,137,3
1842,137,4
1843,137,17
1844,137,18
1845,137,19
1846,137,20
1847,137,21
1848,137,22
1849,137,23
1850,138,0
1851,138,1
1852,138,2
1853,138,3
1854,138,4
1855,138,17
1856,138,18
1857,138,19
1858,138,20
1859,138,21
1860,138,22
1861,138,23
1862,139,0
1863,139,1
1864,139,2
1865,139,3
1866,139,4
1867,139,17
1868,139,18
1869,139,19
1870,139,20
1871,139,21
1872,139,22
1873,139,23
1874,140,0
1875,140,1
1876,140,2
1877,140,3
1878,140,4
1879,140,17
1880,140,18
1881,140,19
1882,140,20
1883,140,21
1884,140,22
1885,140,23
1886,141,0
1887,141,1
1888,141,2
1889,141,3
1890,141,4
1891,141,17
1892,141,18
1893,141,19
1894,141,20
1895,141,21
1896,141,22
1897,141,23
1898,142,0
1899,142,1
1900,142,2
1901,142,3
1902,142,4
1903,142,17
1904,142,18
1905,142,19
1906,142,20
1907,142,21
1908,142,22
1909,142,23
1910,143,0
1911,143,1
1912,143,2
1913,143,3
1914,143,4
1915,143,17
1916,143,18
1917,143,19
1918,143,20
1919,143,21
1920,143,22
1921,143,23
1922,144,0
1923,144,1
1924,144,2
1925,144,3
1926,144,4
1927,144,17
1928,144,18
1929,144,19
1930,144,20
1931,144,21
1932,144,22
1933,144,23
1934,145,0
1935,145,1
1936,145,2
1937,145,3
1938,145,4
1939,145,17
1940,145,18
1941,145,19
1942,145,20
1943,145,21
1944,145,22
1945,145,23
1946,146,0
1947,146,1
1948,146,2
1949,146,3
1950,146,4
1951,146,17
1952,146,18
1953,146,19
1954,146,20
1955,146,21
1956,146,22
1957,146,23
1958,147,0
1959,147,1
1960,147,2
1961,147,3
1962,147,4
1963,147,17
1964,147,18
1965,147,19
1966,147,20
1967,147,21
1968,147,22
1969,147,23
1970,148,0
1971,148,1
1972,148,2
1973,148,3
1974,148,4
1975,148,17
1976,148,18
1977,148,19
1978,148,20
1979,148,21
1980,148,22
1981,148,23
1982,149,0
1983,149,1
1984,149,2
1985,149,3
1986,149,4
1987,149,17
1988,149,18
1989,149,19
1990,149,20
1991,149,21
1992,149,22
1993,149,23
1994,150,0
1995,150,1
1996,150,2
1997,150,3
1998,150,4
1999,150,17
2000,150,18
2001,150,19
2002,150,20
2003,150,21
2004,150,22
2005,150,23
2006,151,0
2007,151,1
2008,151,2
2009,151,3
2010,151,4
2011,151,17
2012,151,18
2013,151,19
2014,151,20
2015,151,21
2016,151,22
2017,151,23
2018,152,0
2019,152,1
2020,152,2
2021,152,3
2022,152,4
2023,152,17
2024,152,18
2025,152,19
2026,152,20
2027,152,21
2028,152,22
2029,152,23
2030,153,0
2031,153,1
2032,153,2
2033,153,3
2034,153,4
2035,153,17
2036,153,18
2037,153,19
2038,153,20
2039,153,21
2040,153,22
2041,153,23
2042,154,0
2043,154,1
2044,154,2
2045,154,3
2046,154,4
2047,154,17
2048,154,18
2049,154,19
2050,154,20
2051,154,21
2052,154,22
2053,154,23
2054,155,0
2055,155,1
2056,155,2
2057,155,3
2058,155,4
2059,155,17
2060,155,18
2061,155,19
2062,155,20
2063,155,21
2064,155,22
2065,155,23
2066,156,0
2067,156,1
2068,156,2
2069,156,3
2070,156,4
2071,156,17
2072,156,18
2073,156,19
2074,156,20
2075,156,21
2076,156,22
2077,156,23
2078,157,0
2079,157,1
2080,157,2
2081,157,3
2082,157,4
2083,157,17
2084,157,18
2085,157,19
2086,157,20
2087,157,21
2088,157,22
2089,157,23
2090,158,0
2091,158,1
2092,158,2
2093,158,3
2094,158,4
2095,158,17
2096,158,18
2097,158,19
2098,158,20
2099,158,21
2100,158,22
2101,158,23
2102,159,0
2103,159,1
2104,159,2
2105,159,3
2106,159,4
2107,159,17
2108,159,18
2109,159,19
2110,159,20
2111,159,21
2112,159,22
2113,159,23
2114,160,0
2115,160,1
2116,160,2
2117,160,3
2118,160,4
2119,160,17
2120,160,18
2121,160,19
2122,160,20
2123,160,21
2124,160,22
2125,160,23
2126,161,0
2127,161,1
2128,161,2
2129,161,3
2130,161,4
2131,161,17
2132,161,18
2133,161,19
2134,161,20
2135,161,21
2136,161,22
2137,161,23
2138,162,0
2139,162,1
2140,162,2
2141,162,3
2142,162,4
2143,162,17
2144,162,18
2145,162,19
2146,162,20
2147,162,21
2148,162,22
2149,162,23
2150,163,0
2151,163,1
2152,163,2
2153,163,3
2154,163,4
2155,163,17
2156,163,18
2157,163,19
2158,163,20
2159,163,21
2160,163,22
2161,163,23
2162,164,0
2163,164,1
2164,164,2
2165,164,3
2166,164,4
2167,164,17
2168,164,18
2169,164,19
2170,164,20
2171,164,21
2172,164,22
2173,164,23
2174,165,0
2175,165,1
2176,165,2
2177,165,3
2178,165,4
2179,165,17
2180,165,18
2181,165,19
2182,165,20
2183,165,21
2184,165,22
2185,165,23
2186,166,0
2187,166,1
2188,166,2
2189,166,3
2190,166,4
2191,166,17
2192,166,18
2193,166,19
2194,166,20
2195,166,21
2196,166,22
2197,166,23
2198,167,0
2199,167,1
2200,167,2
2201,167,3
2202,167,4
2203,167,17
2204,167,18
2205,167,19
2206,167,20
2207,167,21
2208,167,22
2209,167,23
2210,168,0
2211,168,1
2212,168,2
2213,168,3
2214,168,4
2215,168,17
2216,168,18
2217,168,19
2218,168,20
2219,168,21
2220,168,22
2221,168,23
2222,169,0
2223,169,1
2224,169,2
2225,169,3
2226,169,4
2227,169,17
2228,169,18
2229,169,19
2230,169,20
2231,169,21
2232,169,22
2233,169,23
2234,170,0
2235,170,1
2236,170,2
2237,170,3
2238,170,4
2239,170,17
2240,170,18
2241,170,19
2242,170,20
2243,170,21
2244,170,22
2245,170,23
2246,171,0
2247,171,1
2248,171,2
2249,171,3
2250,171,4
2251,171,17
2252,171,18
2253,171,19
2254,171,20
2255,171,21
2256,171,22
2257,171,23
2258,172,0
2259,172,1
2260,172,2
2261,172,3
2262,172,4
2263,172,17
2264,172,18
2265,172,19
2266,172,20
2267,172,21
2268,172,22
2269,172,23
2270,173,0
2271,173,1
2272,173,2
2273,173,3
2274,173,4
2275,173,17
2276,173,18
2277,173,19
2278,173,20
2279,173,21
2280,173,22
2281,173,23
2282,174,0
2283,174,1
2284,174,2
2285,174,3
2286,174,4
2287,174,17
2288,174,18
2289,174,19
2290,174,20
2291,174,21
2292,174,22
2293,174,23
2294,175,0
2295,175,1
2296,175,2
2297,175,3
2298,175,4
2299,175,17
2300,175,18
2301,175,19
2302,175,20
2303,175,21
2304,175,22
2305,175,23
2306,176,0
2307,176,1
2308,176,2
2309,176,3
2310,176,4
2311,176,17
2312,176,18
2313,176,19
2314,176,20
2315,176,21
2316,176,22
2317,176,23
2318,177,0
2319,177,1
2320,177,2
2321,177,3
2322,177,4
2323,177,17
2324,177,18
2325,177,19
2326,177,20
2327,177,21
2328,177,22
2329,177,23
2330,178,0
2331,178,1
2332,178,2
2333,178,3
2334,178,4
2335,178,17
2336,178,18
2337,178,19
2338,178,20
2339,178,21
2340,178,22
2341,178,23
2342,179,0
2343,179,1
2344,179,2
2345,179,3
2346,179,4
2347,179,17
2348,179,18
2349,179,19
2350,179,20
2351,179,21
2352,179,22
2353,179,23
2354,180,0
2355,180,1
2356,180,2
2357,180,3
2358,180,4
2359,180,17
2360,180,18
2361,180,19
2362,180,20
2363,180,21
2364,180,22
2365,180,23
2366,181,0
2367,181,1
2368,181,2
2369,181,3
2370,181,4
2371,181,17
2372,181,18
2373,181,19
2374,181,20
2375,181,21
2376,181,22
2377,181,23
2378,182,0
2379,182,1
2380,182,2
2381,182,3
2382,182,4
2383,182,17
2384,182,18
2385,182,19
2386,182,20
2387,182,21
2388,182,22
2389,182,23
2390,183,0
2391,183,1
2392,183,2
2393,183,3
2394,183,4
2395,183,17
2396,183,18
2397,183,19
2398,183,20
2399,183,21
2400,183,22
2401,183,23
2402,184,0
2403,184,1
2404,184,2
2405,184,3
2406,184,4
2407,184,17
2408,184,18
2409,184,19
2410,184,20
2411,184,21
2412,184,22
2413,184,23
2414,185,0
2415,185,1
2416,185,2
2417,185,3
2418,185,4
2419,185,17
2420,185,18
2421,185,19
2422,185,20
2423,185,21
2424,185,22
2425,185,23
2426,186,0
2427,186,1
2428,186,2
2429,186,3
2430,186,4
2431,186,17
2432,186,18
2433,186,19
2434,186,20
2435,186,21
2436,186,22
2437,186,23
2438,187,0
2439,187,1
2440,187,2
2441,187,3
2442,187,4
2443,187,17
2444,187,18
2445,187,19
2446,187,20
2447,187,21
2448,187,22
2449,187,23
2450,188,0
2451,188,1
2452,188,2
2453,188,3
2454,188,4
2455,188,17
2456,188,18
2457,188,19
2458,188,20
2459,188,21
2460,188,22
2461,188,23
2462,189,0
2463,189,1
2464,189,2
2465,189,3
2466,189,4
2467,189,17
2468,189,18
2469,189,19
2470,189,20
2471,189,21
2472,189,22
2473,189,23
2474,190,0
2475,190,1
2476,190,2
2477,190,3
2478,190,4
2479,190,17
2480,190,18
2481,190,19
2482,190,20
2483,190,21
2484,190,22
2485,190,23
2486,191,0
2487,191,1
2488,191,2
2489,191,3
2490,191,4
2491,191,17
2492,191,18
2493,191,19
2494,191,20
2495,191,21
2496,191,22
2497,191,23
2498,192,0
2499,192,1
2500,192,2
2501,192,3
2502,192,4
2503,192,17
2504,192,18
2505,192,19
2506,192,20
2507,192,21
2508,192,22
2509,192,23
2510,193,0
2511,193,1
2512,193,2
2513,193,3
2514,193,4
2515,193,17
2516,193,18
2517,193,19
2518,193,20
2519,193,21
2520,193,22
2521,193,23
2522,194,0
2523,194,1
2524,194,2
2525,194,3
2526,194,4
2527,194,17
2528,194,18
2529,194,19
2530,194,20
2531,194,21
2532,194,22
2533,194,23
2534,195,0
2535,195,1
2536,195,2
2537,195,3
2538,195,4
2539,195,17
2540,195,18
2541,195,19
2542,195,20
2543,195,21
2544,195,22
2545,195,23
2546,196,0
2547,196,1
2548,196,2
2549,196,3
2550,196,4
2551,196,17
2552,196,18
2553,196,19
2554,196,20
2555,196,21
2556,196,22
2557,196,23
2558,197,0
2559,197,1
2560,197,2
2561,197,3
2562,197,4
2563,197,17
2564,197,18
2565,197,19
2566,197,20
2567,197,21
2568,197,22
2569,197,23
2570,198,0
2571,198,1
2572,198,2
2573,198,3
2574,198,4
2575,198,17
2576,198,18
2577,198,19
2578,198,20
2579,198,21
2580,198,22
2581,198,23
2582,199,0
2583,199,1
2584,199,2
2585,199,3
2586,199,4
2587,199,17
2588,199,18
2589,199,19
2590,199,20
2591,199,21
2592,199,22
2593,199,23
2594,200,0
2595,200,1
2596,200,2
2597,200,3
2598,200,4
2599,200,17
2600,200,18
2601,200,19
2602,200,20
2603,200,21
2604,200,22
2605,200,23
2606,201,0
2607,201,1
2608,201,2
2609,201,3
2610,201,4
2611,201,17
2612,201,18
2613,201,19
2614,201,20
2615,201,21
2616,201,22
2617,201,23
2618,202,0
2619,202,1
2620,202,2
2621,202,3
2622,202,4
2623,202,17
2624,202,18
2625,202,19
2626,202,20
2627,202,21
2628,202,22
2629,202,23
2630,203,0
2631,203,1
2632,203,2
2633,203,3
2634,203,4
2635,203,17
2636,203,18
2637,203,19
2638,203,20
2639,203,21
2640,203,22
2641,203,23
2642,204,0
2643,204,1
2644,204,2
2645,204,3
2646,204,4
2647,204,17
2648,204,18
2649,204,19
2650,204,20
2651,204,21
2652,204,22
2653,204,23
2654,205,0
2655,205,1
2656,205,2
2657,205,3
2658,205,4
2659,205,17
2660,205,18
2661,205,19
2662,205,20
2663,205,21
2664,205,22
2665,205,23
2666,206,0
2667,206,1
2668,206,2
2669,206,3
2670,206,4
2671,206,17
2672,206,18
2673,206,19
2674,206,20
2675,206,21
2676,206,22
2677,206,23
2678,207,0
2679,207,1
2680,207,2
2681,207,3
2682,207,4
2683,207,17
2684,207,18
2685,207,19
2686,207,20
2687,207,21
2688,207,22
2689,207,23
2690,208,0
2691,208,1
2692,208,2
2693,208,3
2694,208,4
2695,208,17
2696,208,18
2697,208,19
2698,208,20
2699,208,21
2700,208,22
2701,208,23
2702,209,0
2703,209,1
2704,209,2
2705,209,3
2706,209,4
2707,209,17
2708,209,18
2709,209,19
2710,209,20
2711,209,21
2712,209,22
2713,209,23
2714,210,0
2715,210,1
2716,210,2
2717,210,3
2718,210,4
2719,210,17
2720,210,18
2721,210,19
2722,210,20
2723,210,21
2724,210,22
2725,210,23
2726,211,0
2727,211,1
2728,211,2
2729,211,3
2730,211,4
2731,211,17
2732,211,18
2733,211,19
2734,211,20
2735,211,21
2736,211,22
2737,211,23
2738,212,0
2739,212,1
2740,212,2
2741,212,3
2742,212,4
2743,212,17
2744,212,18
2745,212,19
2746,212,20
2747,212,21
2748,212,22
2749,212,23
2750,213,0
2751,213,1
2752,213,2
2753,213,3
2754,213,4
2755,213,17
2756,213,18
2757,213,19
2758,213,20
2759,213,21
2760,213,22
2761,213,23
2762,214,0
2763,214,1
2764,214,2
2765,214,3
2766,214,4
2767,214,17
2768,214,18
2769,214,19
2770,214,20
2771,214,21
2772,214,22
2773,214,23
2774,215,0
2775,215,1
2776,215,2
2777,215,3
2778,215,4
2779,215,17
2780,215,18
2781,215,19
2782,215,20
2783,215,21
2784,215,22
2785,215,23
2786,216,0
2787,216,1
2788,216,2
2789,216,3
2790,216,4
2791,216,17
2792,216,18
2793,216,19
2794,216,20
2795,216,21
2796,216,22
2797,216,23
2798,217,0
2799,217,1
2800,217,2
2801,217,3
2802,217,4
2803,217,17
2804,217,18
2805,217,19
2806,217,20
2807,217,21
2808,217,22
2809,217,23
2810,218,0
2811,218,1
2812,218,2
2813,218,3
2814,218,4
2815,218,17
2816,218,18
2817,218,19
2818,218,20
2819,218,21
2820,218,22
2821,218,23
2822,219,0
2823,219,1
2824,219,2
2825,219,3
2826,219,4
2827,219,17
2828,219,18
2829,219,19
2830,219,20
2831,219,21
2832,219,22
2833,219,23
2834,220,0
2835,220,1
2836,220,2
2837,220,3
2838,220,4
2839,220,17
2840,220,18
2841,220,19
2842,220,20
2843,220,21
2844,220,22
2845,220,23
2846,221,0
2847,221,1
2848,221,2
2849,221,3
2850,221,4
2851,221,17
2852,221,18
2853,221,19
2854,221,20
2855,221,21
2856,221,22
2857,221,23
2858,222,0
2859,222,1
2860,222,2
2861,222,3
2862,222,4
2863,222,17
2864,222,18
2865,222,19
2866,222,20
2867,222,21
2868,222,22
2869,222,23
2870,223,0
2871,223,1
2872,223,2
2873,223,3
2874,223,4
2875,223,17
2876,223,18
2877,223,19
2878,223,20
2879,223,21
2880,223,22
2881,223,23
2882,224,0
2883,224,1
2884,224,2
2885,224,3
2886,224,4
2887,224,17
2888,224,18
2889,224,19
2890,224,20
2891,224,21
2892,224,22
2893,224,23
2894,225,0
2895,225,1
2896,225,2
2897,225,3
2898,225,4
2899,225,17
2900,225,18
2901,225,19
2902,225,20
2903,225,21
2904,225,22
2905,225,23
2906,226,0
2907,226,1
2908,226,2
2909,226,3
2910,226,4
2911,226,17
2912,226,18
2913,226,19
2914,226,20
2915,226,21
2916,226,22
2917,226,23
2918,227,0
2919,227,1
2920,227,2
2921,227,3
2922,227,4
2923,227,17
2924,227,18
2925,227,19
2926,227,20
2927,227,21
2928,227,22
2929,227,23
2930,228,0
2931,228,1
2932,228,2
2933,228,3
2934,228,4
2935,228,17
2936,228,18
2937,228,19
2938,228,20
2939,228,21
2940,228,22
2941,228,23
2942,229,0
2943,229,1
2944,229,2
2945,229,3
2946,229,4
2947,229,17
2948,229,18
2949,229,19
2950,229,20
2951,229,21
2952,229,22
2953,229,23
2954,230,0
2955,230,1
2956,230,2
2957,230,3
2958,230,4
2959,230,17
2960,230,18
2961,230,19
2962,230,20
2963,230,21
2964,230,22
2965,230,23
2966,231,0
2967,231,1
2968,231,2
2969,231,3
2970,231,4
2971,231,17
2972,231,18
2973,231,19
2974,231,20
2975,231,21
2976,231,22
2977,231,23
2978,232,0
2979,232,1
2980,232,2
2981,232,3
2982,232,4
2983,232,17
2984,232,18
2985,232,19
2986,232,20
2987,232,21
2988,232,22
2989,232,23
2990,233,0
2991,233,1
2992,233,2
2993,233,3
2994,233,4
2995,233,17
2996,233,18
2997,233,19
2998,233,20
2999,233,21
3000,233,22
3001,233,23
3002,234,0
3003,234,1
3004,234,2
3005,234,3
3006,234,4
3007,234,17
3008,234,18
3009,234,19
3010,234,20
3011,234,21
3012,234,22
3013,234,23
3014,235,0
3015,235,1
3016,235,2
3017,235,3
3018,235,4
3019,235,17
3020,235,18
3021,235,19
3022,235,20
3023,235,21
3024,235,22
3025,235,23
3026,236,0
3027,236,1
3028,236,2
3029,236,3
3030,236,4
3031,236,17
3032,236,18
3033,236,19
3034,236,20
3035,236,21
3036,236,22
3037,236,23
3038,237,0
3039,237,1
3040,237,2
3041,237,3
3042,237,4
3043,237,17
3044,237,18
3045,237,19
3046,237,20
3047,237,21
3048,237,22
3049,237,23
3050,238,0
3051,238,1
3052,238,2
3053,238,3
3054,238,4
3055,238,17
3056,238,18
3057,238,19
3058,238,20
3059,238,21
3060,238,22
3061,238,23
3062,239,0
3063,239,1
3064,239,2
3065,239,3
3066,239,4
3067,239,17
3068,239,18
3069,239,19
3070,239,20
3071,239,21
3072,239,22
3073,239,23
3074,240,0
3075,240,1
3076,240,2
3077,240,3
3078,240,4
3079,240,17
3080,240,18
3081,240,19
3082,240,20
3083,240,21
3084,240,22
3085,240,23
3086,241,0
3087,241,1
3088,241,2
3089,241,3
3090,241,4
3091,241,17
3092,241,18
3093,241,19
3094,241,20
3095,241,21
3096,241,22
3097,241,23
3098,242,0
3099,242,1
3100,242,2
3101,242,3
3102,242,4
3103,242,17
3104,242,18
3105,242,19
3106,242,20
3107,242,21
3108,242,22
3109,242,23
3110,243,0
3111,243,1
3112,243,2
3113,243,3
3114,243,4
3115,243,17
3116,243,18
3117,243,19
3118,243,20
3119,243,21
3120,243,22
3121,243,23
3122,244,0
3123,244,1
3124,244,2
3125,244,3
3126,244,4
3127,244,17
3128,244,18
3129,244,19
3130,244,20
3131,244,21
3132,244,22
3133,244,23
3134,245,0
3135,245,1
3136,245,2
3137,245,3
3138,245,4
3139,245,17
3140,245,18
3141,245,19
3142,245,20
3143,245,21
3144,245,22
3145,245,23
3146,246,0
3147,246,1
3148,246,2
3149,246,3
3150,246,4
3151,246,17
3152,246,18
3153,246,19
3154,246,20
3155,246,21
3156,246,22
3157,246,23
3158,247,0
3159,247,1
3160,247,2
3161,247,3
3162,247,4
3163,247,17
3164,247,18
3165,247,19
3166,247,20
3167,247,21
3168,247,22
3169,247,23
3170,248,0
3171,248,1
3172,248,2
3173,248,3
3174,248,4
3175,248,17
3176,248,18
3177,248,19
3178,248,20
3179,248,21
3180,248,22
3181,248,23
3182,249,0
3183,249,1
3184,249,2
3185,249,3
3186,249,4
3187,249,17
3188,249,18
3189,249,19
3190,249,20
3191,249,21
3192,249,22
3193,249,23
3194,250,0
3195,250,1
3196,250,2
3197,250,3
3198,250,4
3199,250,17
3200,250,18
3201,250,19
3202,250,20
3203,250,21
3204,250,22
3205,250,23
3206,251,0
3207,251,1
3208,251,2
3209,251,3
3210,251,4
3211,251,17
3212,251,18
3213,251,19
3214,251,20
3215,251,21
3216,251,22
3217,251,23
3218,252,0
3219,252,1
3220,252,2
3221,252,3
3222,252,4
3223,252,17
3224,252,18
3225,252,19
3226,252,20
3227,252,21
3228,252,22
3229,252,23
3230,253,0
3231,253,1
3232,253,2
3233,253,3
3234,253,4
3235,253,17
3236,253,18
3237,253,19
3238,253,20
3239,253,21
3240,253,22
3241,253,23
3242,254,0
3243,254,1
3244,254,2
3245,254,3
3246,254,4
3247,254,17
3248,254,18
3249,254,19
3250,254,20
3251,254,21
3252,254,22
3253,254,23
3254,255,0
3255,255,1
3256,255,2
3257,255,3
3258,255,4
3259,255,17
3260,255,18
3261,255,19
3262,255,20
3263,255,21
3264,255,22
3265,255,23
3266,256,0
3267,256,1
3268,256,2
3269,256,3
3270,256,4
3271,256,17
3272,256,18
3273,256,19
3274,256,20
3275,256,21
3276,256,22
3277,256,23
3278,257,0
3279,257,1
3280,257,2
3281,257,3
3282,257,4
3283,257,17
3284,257,18
3285,257,19
3286,257,20
3287,257,21
3288,257,22
3289,257,23
3290,258,0
3291,258,1
3292,258,2
3293,258,3
3294,258,4
3295,258,5
3296,258,17
3297,258,18
3298,258,19
3299,258,20
3300,258,21
3301,258,22
3302,258,23
3303,259,0
3304,259,1
3305,259,2
3306,259,3
3307,259,4
3308,259,5
3309,259,17
3310,259,18
3311,259,19
3312,259,20
3313,259,21
3314,259,22
3315,259,23
3316,260,0
3317,260,1
3318,260,2
3319,260,3
3320,260,4
3321,260,5
3322,260,17
3323,260,18
3324,260,19
3325,260,20
3326,260,21
3327,260,22
3328,260,23
3329,261,0
3330,261,1
3331,261,2
3332,261,3
3333,261,4
3334,261,5
3335,261,17
3336,261,18
3337,261,19
3338,261,20
3339,261,21
3340,261,22
3341,261,23
3342,262,0
3343,262,1
3344,262,2
3345,262,3
3346,262,4
3347,262,5
3348,262,17
3349,262,18
3350,262,19
3351,262,20
3352,262,21
3353,262,22
3354,262,23
3355,263,0
3356,263,1
3357,263,2
3358,263,3
3359,263,4
3360,263,5
3361,263,17
3362,263,18
3363,263,19
3364,263,20
3365,263,21
3366,263,22
3367,263,23
3368,264,0
3369,264,1
3370,264,2
3371,264,3
3372,264,4
3373,264,5
3374,264,17
3375,264,18
3376,264,19
3377,264,20
3378,264,21
3379,264,22
3380,264,23
3381,265,0
3382,265,1
3383,265,2
3384,265,3
3385,265,4
3386,265,5
3387,265,16
3388,265,17
3389,265,18
3390,265,19
3391,265,20
3392,265,21
3393,265,22
3394,265,23
3395,266,0
3396,266,1
3397,266,2
3398,266,3
3399,266,4
3400,266,5
3401,266,16
3402,266,17
3403,266,18
3404,266,19
3405,266,20
3406,266,21
3407,266,22
3408,266,23
3409,267,0
3410,267,1
3411,267,2
3412,267,3
3413,267,4
3414,267,5
3415,267,16
3416,267,17
3417,267,18
3418,267,19
3419,267,20
3420,267,21
3421,267,22
3422,267,23
3423,268,0
3424,268,1
3425,268,2
3426,268,3
3427,268,4
3428,268,5
3429,268,16
3430,268,17
3431,268,18
3432,268,19
3433,268,20
3434,268,21
3435,268,22
3436,268,23
3437,269,0
3438,269,1
3439,269,2
3440,269,3
3441,269,4
3442,269,5
3443,269,16
3444,269,17
3445,269,18
3446,269,19
3447,269,20
3448,269,21
3449,269,22
3450,269,23
3451,270,0
3452,270,1
3453,270,2
3454,270,3
3455,270,4
3456,270,5
3457,270,16
3458,270,17
3459,270,18
3460,270,19
3461,270,20
3462,270,21
3463,270,22
3464,270,23
3465,271,0
3466,271,1
3467,271,2
3468,271,3
3469,271,4
3470,271,5
3471,271,16
3472,271,17
3473,271,18
3474,271,19
3475,271,20
3476,271,21
3477,271,22
3478,271,23
3479,272,0
3480,272,1
3481,272,2
3482,272,3
3483,272,4
3484,272,5
3485,272,16
3486,272,17
3487,272,18
3488,272,19
3489,272,20
3490,272,21
3491,272,22
3492,272,23
3493,273,0
3494,273,1
3495,273,2
3496,273,3
3497,273,4
3498,273,5
3499,273,16
3500,273,17
3501,273,18
3502,273,19
3503,273,20
3504,273,21
3505,273,22
3506,273,23
3507,274,0
3508,274,1
3509,274,2
3510,274,3
3511,274,4
3512,274,5
3513,274,16
3514,274,17
3515,274,18
3516,274,19
3517,274,20
3518,274,21
3519,274,22
3520,274,23
3521,275,0
3522,275,1
3523,275,2
3524,275,3
3525,275,4
3526,275,5
3527,275,16
3528,275,17
3529,275,18
3530,275,19
3531,275,20
3532,275,21
3533,275,22
3534,275,23
3535,276,0
3536,276,1
3537,276,2
3538,276,3
3539,276,4
3540,276,5
3541,276,16
3542,276,17
3543,276,18
3544,276,19
3545,276,20
3546,276,21
3547,276,22
3548,276,23
3549,277,0
3550,277,1
3551,277,2
3552,277,3
3553,277,4
3554,277,5
3555,277,16
3556,277,17
3557,277,18
3558,277,19
3559,277,20
3560,277,21
3561,277,22
3562,277,23
3563,278,0
3564,278,1
3565,278,2
3566,278,3
3567,278,4
3568,278,5
3569,278,16
3570,278,17
3571,278,18
3572,278,19
3573,278,20
3574,278,21
3575,278,22
3576,278,23
3577,279,0
3578,279,1
3579,279,2
3580,279,3
3581,279,4
3582,279,5
3583,279,16
3584,279,17
3585,279,18
3586,279,19
3587,279,20
3588,279,21
3589,279,22
3590,279,23
3591,280,0
3592,280,1
3593,280,2
3594,280,3
3595,280,4
3596,280,5
3597,280,16
3598,280,17
3599,280,18
3600,280,19
3601,280,20
3602,280,21
3603,280,22
3604,280,23
3605,281,0
3606,281,1
3607,281,2
3608,281,3
3609,281,4
3610,281,5
3611,281,16
3612,281,17
3613,281,18
3614,281,19
3615,281,20
3616,281,21
3617,281,22
3618,281,23
3619,282,0
3620,282,1
3621,282,2
3622,282,3
3623,282,4
3624,282,5
3625,282,16
3626,282,17
3627,282,18
3628,282,19
3629,282,20
3630,282,21
3631,282,22
3632,282,23
3633,283,0
3634,283,1
3635,283,2
3636,283,3
3637,283,4
3638,283,5
3639,283,16
3640,283,17
3641,283,18
3642,283,19
3643,283,20
3644,283,21
3645,283,22
3646,283,23
3647,284,0
3648,284,1
3649,284,2
3650,284,3
3651,284,4
3652,284,5
3653,284,16
3654,284,17
3655,284,18
3656,284,19
3657,284,20
3658,284,21
3659,284,22
3660,284,23
3661,285,0
3662,285,1
3663,285,2
3664,285,3
3665,285,4
3666,285,5
3667,285,16
3668,285,17
3669,285,18
3670,285,19
3671,285,20
3672,285,21
3673,285,22
3674,285,23
3675,286,0
3676,286,1
3677,286,2
3678,286,3
3679,286,4
3680,286,5
3681,286,16
3682,286,17
3683,286,18
3684,286,19
3685,286,20
3686,286,21
3687,286,22
3688,286,23
3689,287,0
3690,287,1
3691,287,2
3692,287,3
3693,287,4
3694,287,5
3695,287,16
3696,287,17
3697,287,18
3698,287,19
3699,287,20
3700,287,21
3701,287,22
3702,287,23
3703,288,0
3704,288,1
3705,288,2
3706,288,3
3707,288,4
3708,288,5
3709,288,16
3710,288,17
3711,288,18
3712,288,19
3713,288,20
3714,288,21
3715,288,22
3716,288,23
3717,289,0
3718,289,1
3719,289,2
3720,289,3
3721,289,4
3722,289,5
3723,289,16
3724,289,17
3725,289,18
3726,289,19
3727,289,20
3728,289,21
3729,289,22
3730,289,23
3731,290,0
3732,290,1
3733,290,2
3734,290,3
3735,290,4
3736,290,5
3737,290,16
3738,290,17
3739,290,18
3740,290,19
3741,290,20
3742,290,21
3743,290,22
3744,290,23
3745,291,0
3746,291,1
3747,291,2
3748,291,3
3749,291,4
3750,291,5
3751,291,16
3752,291,17
3753,291,18
3754,291,19
3755,291,20
3756,291,21
3757,291,22
3758,291,23
3759,292,0
3760,292,1
3761,292,2
3762,292,3
3763,292,4
3764,292,5
3765,292,16
3766,292,17
3767,292,18
3768,292,19
3769,292,20
3770,292,21
3771,292,22
3772,292,23
3773,293,0
3774,293,1
3775,293,2
3776,293,3
3777,293,4
3778,293,5
3779,293,16
3780,293,17
3781,293,18
3782,293,19
3783,293,20
3784,293,21
3785,293,22
3786,293,23
3787,294,0
3788,294,1
3789,294,2
3790,294,3
3791,294,4
3792,294,5
3793,294,16
3794,294,17
3795,294,18
3796,294,19
3797,294,20
3798,294,21
3799,294,22
3800,294,23
3801,295,0
3802,295,1
3803,295,2
3804,295,3
3805,295,4
3806,295,5
3807,295,16
3808,295,17
3809,295,18
3810,295,19
3811,295,20
3812,295,21
3813,295,22
3814,295,23
3815,296,0
3816,296,1
3817,296,2
3818,296,3
3819,296,4
3820,296,5
3821,296,16
3822,296,17
3823,296,18
3824,296,19
3825,296,20
3826,296,21
3827,296,22
3828,296,23
3829,297,0
3830,297,1
3831,297,2
3832,297,3
3833,297,4
3834,297,5
3835,297,16
3836,297,17
3837,297,18
3838,297,19
3839,297,20
3840,297,21
3841,297,22
3842,297,23
3843,298,0
3844,298,1
3845,298,2
3846,298,3
3847,298,4
3848,298,5
3849,298,16
3850,298,17
3851,298,18
3852,298,19
3853,298,20
3854,298,21
3855,298,22
3856,298,23
3857,299,0
3858,299,1
3859,299,2
3860,299,3
3861,299,4
3862,299,5
3863,299,16
3864,299,17
3865,299,18
3866,299,19
3867,299,20
3868,299,21
3869,299,22
3870,299,23
3871,300,0
3872,300,1
3873,300,2
3874,300,3
3875,300,4
3876,300,5
3877,300,16
3878,300,17
3879,300,18
3880,300,19
3881,300,20
3882,300,21
3883,300,22
3884,300,23
3885,301,0
3886,301,1
3887,301,2
3888,301,3
3889,301,4
3890,301,5
3891,301,16
3892,301,17
3893,301,18
3894,301,19
3895,301,20
3896,301,21
3897,301,22
3898,301,23
3899,302,0
3900,302,1
3901,302,2
3902,302,3
3903,302,4
3904,302,5
3905,302,16
3906,302,17
3907,302,18
3908,302,19
3909,302,20
3910,302,21
3911,302,22
3912,302,23
3913,303,0
3914,303,1
3915,303,2
3916,303,3
3917,303,4
3918,303,5
3919,303,16
3920,303,17
3921,303,18
3922,303,19
3923,303,20
3924,303,21
3925,303,22
3926,303,23
3927,304,0
3928,304,1
3929,304,2
3930,304,3
3931,304,4
3932,304,5
3933,304,16
3934,304,17
3935,304,18
3936,304,19
3937,304,20
3938,304,21
3939,304,22
3940,304,23
3941,305,0
3942,305,1
3943,305,2
3944,305,3
3945,305,4
3946,305,5
3947,305,16
3948,305,17
3949,305,18
3950,305,19
3951,305,20
3952,305,21
3953,305,22
3954,305,23
3955,306,0
3956,306,1
3957,306,2
3958,306,3
3959,306,4
3960,306,5
3961,306,16
3962,306,17
3963,306,18
3964,306,19
3965,306,20
3966,306,21
3967,306,22
3968,306,23
3969,307,0
3970,307,1
3971,307,2
3972,307,3
3973,307,4
3974,307,5
3975,307,16
3976,307,17
3977,307,18
3978,307,19
3979,307,20
3980,307,21
3981,307,22
3982,307,23
3983,308,0
3984,308,1
3985,308,2
3986,308,3
3987,308,4
3988,308,5
3989,308,16
3990,308,17
3991,308,18
3992,308,19
3993,308,20
3994,308,21
3995,308,22
3996,308,23
3997,309,0
3998,309,1
3999,309,2
4000,309,3
4001,309,4
4002,309,5
4003,309,16
4004,309,17
4005,309,18
4006,309,19
4007,309,20
4008,309,21
4009,309,22
4010,309,23
4011,310,0
4012,310,1
4013,310,2
4014,310,3
4015,310,4
4016,310,5
4017,310,16
4018,310,17
4019,310,18
4020,310,19
4021,310,20
4022,310,21
4023,310,22
4024,310,23
4025,311,0
4026,311,1
4027,311,2
4028,311,3
4029,311,4
4030,311,5
4031,311,16
4032,311,17
4033,311,18
4034,311,19
4035,311,20
4036,311,21
4037,311,22
4038,311,23
4039,312,0
4040,312,1
4041,312,2
4042,312,3
4043,312,4
4044,312,5
4045,312,16
4046,312,17
4047,312,18
4048,312,19
4049,312,20
4050,312,21
4051,312,22
4052,312,23
4053,313,0
4054,313,1
4055,313,2
4056,313,3
4057,313,4
4058,313,5
4059,313,16
4060,313,17
4061,313,18
4062,313,19
4063,313,20
4064,313,21
4065,313,22
4066,313,23
4067,314,0
4068,314,1
4069,314,2
4070,314,3
4071,314,4
4072,314,5
4073,314,16
4074,314,17
4075,314,18
4076,314,19
4077,314,20
4078,314,21
4079,314,22
4080,314,23
4081,315,0
4082,315,1
4083,315,2
4084,315,3
4085,315,4
4086,315,5
4087,315,6
4088,315,16
4089,315,17
4090,315,18
4091,315,19
4092,315,20
4093,315,21
4094,315,22
4095,315,23
4096,316,0
4097,316,1
4098,316,2
4099,316,3
4100,316,4
4101,316,5
4102,316,16
4103,316,17
4104,316,18
4105,316,19
4106,316,20
4107,316,21
4108,316,22
4109,316,23
4110,317,0
4111,317,1
4112,317,2
4113,317,3
4114,317,4
4115,317,5
4116,317,16
4117,317,17
4118,317,18
4119,317,19
4120,317,20
4121,317,21
4122,317,22
4123,317,23
4124,318,0
4125,318,1
4126,318,2
4127,318,3
4128,318,4
4129,318,5
4130,318,16
4131,318,17
4132,318,18
4133,318,19
4134,318,20
4135,318,21
4136,318,22
4137,318,23
4138,319,0
4139,319,1
4140,319,2
4141,319,3
4142,319,4
4143,319,5
4144,319,16
4145,319,17
4146,319,18
4147,319,19
4148,319,20
4149,319,21
4150,319,22
4151,319,23
4152,320,0
4153,320,1
4154,320,2
4155,320,3
4156,320,4
4157,320,5
4158,320,6
4159,320,16
4160,320,17
4161,320,18
4162,320,19
4163,320,20
4164,320,21
4165,320,22
4166,320,23
4167,321,0
4168,321,1
4169,321,2
4170,321,3
4171,321,4
4172,321,5
4173,321,6
4174,321,16
4175,321,17
4176,321,18
4177,321,19
4178,321,20
4179,321,21
4180,321,22
4181,321,23
4182,322,0
4183,322,1
4184,322,2
4185,322,3
4186,322,4
4187,322,5
4188,322,6
4189,322,16
4190,322,17
4191,322,18
4192,322,19
4193,322,20
4194,322,21
4195,322,22
4196,322,23
4197,323,0
4198,323,1
4199,323,2
4200,323,3
4201,323,4
4202,323,5
4203,323,6
4204,323,16
4205,323,17
4206,323,18
4207,323,19
4208,323,20
4209,323,21
4210,323,22
4211,323,23
4212,324,0
4213,324,1
4214,324,2
4215,324,3
4216,324,4
4217,324,5
4218,324,6
4219,324,16
4220,324,17
4221,324,18
4222,324,19
4223,324,20
4224,324,21
4225,324,22
4226,324,23
4227,325,0
4228,325,1
4229,325,2
4230,325,3
4231,325,4
4232,325,5
4233,325,6
4234,325,16
4235,325,17
4236,325,18
4237,325,19
4238,325,20
4239,325,21
4240,325,22
4241,325,23
4242,326,0
4243,326,1
4244,326,2
4245,326,3
4246,326,4
4247,326,5
4248,326,6
4249,326,16
4250,326,17
4251,326,18
4252,326,19
4253,326,20
4254,326,21
4255,326,22
4256,326,23
4257,327,0
4258,327,1
4259,327,2
4260,327,3
4261,327,4
4262,327,5
4263,327,6
4264,327,16
4265,327,17
4266,327,18
4267,327,19
4268,327,20
4269,327,21
4270,327,22
4271,327,23
4272,328,0
4273,328,1
4274,328,2
4275,328,3
4276,328,4
4277,328,5
4278,328,6
4279,328,16
4280,328,17
4281,328,18
4282,328,19
4283,328,20
4284,328,21
4285,328,22
4286,328,23
4287,329,0
4288,329,1
4289,329,2
4290,329,3
4291,329,4
4292,329,5
4293,329,6
4294,329,16
4295,329,17
4296,329,18
4297,329,19
4298,329,20
4299,329,21
4300,329,22
4301,329,23
4302,330,0
4303,330,1
4304,330,2
4305,330,3
4306,330,4
4307,330,5
4308,330,6
4309,330,15
4310,330,16
4311,330,17
4312,330,18
4313,330,19
4314,330,20
4315,330,21
4316,330,22
4317,330,23
4318,331,0
4319,331,1
4320,331,2
4321,331,3
4322,331,4
4323,331,5
4324,331,6
4325,331,15
4326,331,16
4327,331,17
4328,331,18
4329,331,19
4330,331,20
4331,331,21
4332,331,22
4333,331,23
4334,332,0
4335,332,1
4336,332,2
4337,332,3
4338,332,4
4339,332,5
4340,332,6
4341,332,15
4342,332,16
4343,332,17
4344,332,18
4345,332,19
4346,332,20
4347,332,21
4348,332,22
4349,332,23
4350,333,0
4351,333,1
4352,333,2
4353,333,3
4354,333,4
4355,333,5
4356,333,6
4357,333,15
4358,333,16
4359,333,17
4360,333,18
4361,333,19
4362,333,20
4363,333,21
4364,333,22
4365,333,23
4366,334,0
4367,334,1
4368,334,2
4369,334,3
4370,334,4
4371,334,5
4372,334,6
4373,334,15
4374,334,16
4375,334,17
4376,334,18
4377,334,19
4378,334,20
4379,334,21
4380,334,22
4381,334,23
4382,335,0
4383,335,1
4384,335,2
4385,335,3
4386,335,4
4387,335,5
4388,335,6
4389,335,15
4390,335,16
4391,335,17
4392,335,18
4393,335,19
4394,335,20
4395,335,21
4396,335,22
4397,335,23
4398,336,0
4399,336,1
4400,336,2
4401,336,3
4402,336,4
4403,336,5
4404,336,6
4405,336,15
4406,336,16
4407,336,17
4408,336,18
4409,336,19
4410,336,20
4411,336,21
4412,336,22
4413,336,23
4414,337,0
4415,337,1
4416,337,2
4417,337,3
4418,337,4
4419,337,5
4420,337,6
4421,337,15
4422,337,16
4423,337,17
4424,337,18
4425,337,19
4426,337,20
4427,337,21
4428,337,22
4429,337,23
4430,338,0
4431,338,1
4432,338,2
4433,338,3
4434,338,4
4435,338,5
4436,338,6
4437,338,15
4438,338,16
4439,338,17
4440,338,18
4441,338,19
4442,338,20
4443,338,21
4444,338,22
4445,338,23
4446,339,0
4447,339,1
4448,339,2
4449,339,3
4450,339,4
4451,339,5
4452,339,6
4453,339,15
4454,339,16
4455,339,17
4456,339,18
4457,339,19
4458,339,20
4459,339,21
4460,339,22
4461,339,23
4462,340,0
4463,340,1
4464,340,2
4465,340,3
4466,340,4
4467,340,5
4468,340,6
4469,340,15
4470,340,16
4471,340,17
4472,340,18
4473,340,19
4474,340,20
4475,340,21
4476,340,22
4477,340,23
4478,341,0
4479,341,1
4480,341,2
4481,341,3
4482,341,4
4483,341,5
4484,341,6
4485,341,15
4486,341,16
4487,341,17
4488,341,18
4489,341,19
4490,341,20
4491,341,21
4492,341,22
4493,341,23
4494,342,0
4495,342,1
4496,342,2
4497,342,3
4498,342,4
4499,342,5
4500,342,6
4501,342,15
4502,342,16
4503,342,17
4504,342,18
4505,342,19
4506,342,20
4507,342,21
4508,342,22
4509,342,23
4510,343,0
4511,343,1
4512,343,2
4513,343,3
4514,343,4
4515,343,5
4516,343,6
4517,343,15
4518,343,16
4519,343,17
4520,343,18
4521,343,19
4522,343,20
4523,343,21
4524,343,22
4525,343,23
4526,344,0
4527,344,1
4528,344,2
4529,344,3
4530,344,4
4531,344,5
4532,344,6
4533,344,15
4534,344,16
4535,344,17
4536,344,18
4537,344,19
4538,344,20
4539,344,21
4540,344,22
4541,344,23
4542,345,0
4543,345,1
4544,345,2
4545,345,3
4546,345,4
4547,345,5
4548,345,6
4549,345,15
4550,345,16
4551,345,17
4552,345,18
4553,345,19
4554,345,20
4555,345,21
4556,345,22
4557,345,23
4558,346,0
4559,346,1
4560,346,2
4561,346,3
4562,346,4
4563,346,5
4564,346,6
4565,346,15
4566,346,16
4567,346,17
4568,346,18
4569,346,19
4570,346,20
4571,346,21
4572,346,22
4573,346,23
4574,347,0
4575,347,1
4576,347,2
4577,347,3
4578,347,4
4579,347,5
4580,347,6
4581,347,15
4582,347,16
4583,347,17
4584,347,18
4585,347,19
4586,347,20
4587,347,21
4588,347,22
4589,347,23
4590,348,0
4591,348,1
4592,348,2
4593,348,3
4594,348,4
4595,348,5
4596,348,6
4597,348,15
4598,348,16
4599,348,17
4600,348,18
4601,348,19
4602,348,20
4603,348,21
4604,348,22
4605,348,23
4606,349,0
4607,349,1
4608,349,2
4609,349,3
4610,349,4
4611,349,5
4612,349,6
4613,349,15
4614,349,16
4615,349,17
4616,349,18
4617,349,19
4618,349,20
4619,349,21
4620,349,22
4621,349,23
4622,350,0
4623,350,1
4624,350,2
4625,350,3
4626,350,4
4627,350,5
4628,350,6
4629,350,15
4630,350,16
4631,350,17
4632,350,18
4633,350,19
4634,350,20
4635,350,21
4636,350,22
4637,350,23
4638,351,0
4639,351,1
4640,351,2
4641,351,3
4642,351,4
4643,351,5
4644,351,6
4645,351,15
4646,351,16
4647,351,17
4648,351,18
4649,351,19
4650,351,20
4651,351,21
4652,351,22
4653,351,23
4654,352,0
4655,352,1
4656,352,2
4657,352,3
4658,352,4
4659,352,5
4660,352,6
4661,352,15
4662,352,16
4663,352,17
4664,352,18
4665,352,19
4666,352,20
4667,352,21
4668,352,22
4669,352,23
4670,353,0
4671,353,1
4672,353,2
4673,353,3
4674,353,4
4675,353,5
4676,353,6
4677,353,15
4678,353,16
4679,353,17
4680,353,18
4681,353,19
4682,353,20
4683,353,21
4684,353,22
4685,353,23
4686,354,0
4687,354,1
4688,354,2
4689,354,3
4690,354,4
4691,354,5
4692,354,6
4693,354,15
4694,354,16
4695,354,17
4696,354,18
4697,354,19
4698,354,20
4699,354,21
4700,354,22
4701,354,23
4702,355,0
4703,355,1
4704,355,2
4705,355,3
4706,355,4
4707,355,5
4708,355,6
4709,355,15
4710,355,16
4711,355,17
4712,355,18
4713,355,19
4714,355,20
4715,355,21
4716,355,22
4717,355,23
4718,356,0
4719,356,1
4720,356,2
4721,356,3
4722,356,4
4723,356,5
4724,356,6
4725,356,15
4726,356,16
4727,356,17
4728,356,18
4729,356,19
4730,356,20
4731,356,21
4732,356,22
4733,356,23
4734,357,0
4735,357,1
4736,357,2
4737,357,3
4738,357,4
4739,357,5
4740,357,6
4741,357,15
4742,357,16
4743,357,17
4744,357,18
4745,357,19
4746,357,20
4747,357,21
4748,357,22
4749,357,23
4750,358,0
4751,358,1
4752,358,2
4753,358,3
4754,358,4
4755,358,5
4756,358,6
4757,358,15
4758,358,16
4759,358,17
4760,358,18
4761,358,19
4762,358,20
4763,358,21
4764,358,22
4765,358,23
4766,359,0
4767,359,1
4768,359,2
4769,359,3
4770,359,4
4771,359,5
4772,359,6
4773,359,15
4774,359,16
4775,359,17
4776,359,18
4777,359,19
4778,359,20
4779,359,21
4780,359,22
4781,359,23
4782,360,0
4783,360,1
4784,360,2
4785,360,3
4786,360,4
4787,360,5
4788,360,6
4789,360,15
4790,360,16
4791,360,17
4792,360,18
4793,360,19
4794,360,20
4795,360,21
4796,360,22
4797,360,23
4798,361,0
4799,361,1
4800,361,2
4801,361,3
4802,361,4
4803,361,5
4804,361,6
4805,361,15
4806,361,16
4807,361,17
4808,361,18
4809,361,19
4810,361,20
4811,361,21
4812,361,22
4813,361,23
4814,362,0
4815,362,1
4816,362,2
4817,362,3
4818,362,4
4819,362,5
4820,362,6
4821,362,15
4822,362,16
4823,362,17
4824,362,18
4825,362,19
4826,362,20
4827,362,21
4828,362,22
4829,362,23
4830,363,0
4831,363,1
4832,363,2
4833,363,3
4834,363,4
4835,363,5
4836,363,6
4837,363,15
4838,363,16
4839,363,17
4840,363,18
4841,363,19
4842,363,20
4843,363,21
4844,363,22
4845,363,23
4846,364,0
4847,364,1
4848,364,2
4849,364,3
4850,364,4
4851,364,5
4852,364,6
4853,364,15
4854,364,16
4855,364,17
4856,364,18
4857,364,19
4858,364,20
4859,364,21
4860,364,22
4861,364,23
4862,365,0
4863,365,1
4864,365,2
4865,365,3
4866,365,4
4867,365,5
4868,365,6
4869,365,15
4870,365,16
4871,365,17
4872,365,18
4873,365,19
4874,365,20
4875,365,21
4876,365,22
4877,365,23
