,day,hour
0,1,0
1,1,1
2,1,2
3,1,3
4,1,4
5,1,5
6,1,6
7,1,14
8,1,15
9,1,16
10,1,17
11,1,18
12,1,19
13,1,20
14,1,21
15,1,22
16,1,23
17,2,0
18,2,1
19,2,2
20,2,3
21,2,4
22,2,5
23,2,6
24,2,14
25,2,15
26,2,16
27,2,17
28,2,18
29,2,19
30,2,20
31,2,21
32,2,22
33,2,23
34,3,0
35,3,1
36,3,2
37,3,3
38,3,4
39,3,5
40,3,6
41,3,14
42,3,15
43,3,16
44,3,17
45,3,18
46,3,19
47,3,20
48,3,21
49,3,22
50,3,23
51,4,0
52,4,1
53,4,2
54,4,3
55,4,4
56,4,5
57,4,6
58,4,14
59,4,15
60,4,16
61,4,17
62,4,18
63,4,19
64,4,20
65,4,21
66,4,22
67,4,23
68,5,0
69,5,1
70,5,2
71,5,3
72,5,4
73,5,5
74,5,6
75,5,13
76,5,14
77,5,15
78,5,16
79,5,17
80,5,18
81,5,19
82,5,20
83,5,21
84,5,22
85,5,23
86,6,0
87,6,1
88,6,2
89,6,3
90,6,4
91,6,5
92,6,6
93,6,14
94,6,15
95,6,16
96,6,17
97,6,18
98,6,19
99,6,20
100,6,21
101,6,22
102,6,23
103,7,0
104,7,1
105,7,2
106,7,3
107,7,4
108,7,5
109,7,6
110,7,14
111,7,15
112,7,16
113,7,17
114,7,18
115,7,19
116,7,20
117,7,21
118,7,22
119,7,23
120,8,0
121,8,1
122,8,2
123,8,3
124,8,4
125,8,5
126,8,6
127,8,14
128,8,15
129,8,16
130,8,17
131,8,18
132,8,19
133,8,20
134,8,21
135,8,22
136,8,23
137,9,0
138,9,1
139,9,2
140,9,3
141,9,4
142,9,5
143,9,6
144,9,14
145,9,15
146,9,16
147,9,17
148,9,18
149,9,19
150,9,20
151,9,21
152,9,22
153,9,23
154,10,0
155,10,1
156,10,2
157,10,3
158,10,4
159,10,5
160,10,6
161,10,14
162,10,15
163,10,16
164,10,17
165,10,18
166,10,19
167,10,20
168,10,21
169,10,22
170,10,23
171,11,0
172,11,1
173,11,2
174,11,3
175,11,4
176,11,5
177,11,14
178,11,15
179,11,16
180,11,17
181,11,18
182,11,19
183,11,20
184,11,21
185,11,22
186,11,23
187,12,0
188,12,1
189,12,2
190,12,3
191,12,4
192,12,5
193,12,6
194,12,14
195,12,15
196,12,16
197,12,17
198,12,18
199,12,19
200,12,20
201,12,21
202,12,22
203,12,23
204,13,0
205,13,1
206,13,2
207,13,3
208,13,4
209,13,5
210,13,14
211,13,15
212,13,16
213,13,17
214,13,18
215,13,19
216,13,20
217,13,21
218,13,22
219,13,23
220,14,0
221,14,1
222,14,2
223,14,3
224,14,4
225,14,5
226,14,14
227,14,15
228,14,16
229,14,17
230,14,18
231,14,19
232,14,20
233,14,21
234,14,22
235,14,23
236,15,0
237,15,1
238,15,2
239,15,3
240,15,4
241,15,5
242,15,14
243,15,15
244,15,16
245,15,17
246,15,18
247,15,19
248,15,20
249,15,21
250,15,22
251,15,23
252,16,0
253,16,1
254,16,2
255,16,3
256,16,4
257,16,5
258,16,14
259,16,15
260,16,16
261,16,17
262,16,18
263,16,19
264,16,20
265,16,21
266,16,22
267,16,23
268,17,0
269,17,1
270,17,2
271,17,3
272,17,4
273,17,5
274,17,14
275,17,15
276,17,16
277,17,17
278,17,18
279,17,19
280,17,20
281,17,21
282,17,22
283,17,23
284,18,0
285,18,1
286,18,2
287,18,3
288,18,4
289,18,5
290,18,14
291,18,15
292,18,16
293,18,17
294,18,18
295,18,19
296,18,20
297,18,21
298,18,22
299,18,23
300,19,0
301,19,1
302,19,2
303,19,3
304,19,4
305,19,5
306,19,6
307,19,14
308,19,15
309,19,16
310,19,17
311,19,18
312,19,19
313,19,20
314,19,21
315,19,22
316,19,23
317,20,0
318,20,1
319,20,2
320,20,3
321,20,4
322,20,5
323,20,14
324,20,15
325,20,16
326,20,17
327,20,18
328,20,19
329,20,20
330,20,21
331,20,22
332,20,23
333,21,0
334,21,1
335,21,2
336,21,3
337,21,4
338,21,5
339,21,14
340,21,15
341,21,16
342,21,17
343,21,18
344,21,19
345,21,20
346,21,21
347,21,22
348,21,23
349,22,0
350,22,1
351,22,2
352,22,3
353,22,4
354,22,5
355,22,14
356,22,15
357,22,16
358,22,17
359,22,18
360,22,19
361,22,20
362,22,21
363,22,22
364,22,23
365,23,0
366,23,1
367,23,2
368,23,3
369,23,4
370,23,5
371,23,14
372,23,15
373,23,16
374,23,17
375,23,18
376,23,19
377,23,20
378,23,21
379,23,22
380,23,23
381,24,0
382,24,1
383,24,2
384,24,3
385,24,4
386,24,5
387,24,14
388,24,15
389,24,16
390,24,17
391,24,18
392,24,19
393,24,20
394,24,21
395,24,22
396,24,23
397,25,0
398,25,1
399,25,2
400,25,3
401,25,4
402,25,5
403,25,14
404,25,15
405,25,16
406,25,17
407,25,18
408,25,19
409,25,20
410,25,21
411,25,22
412,25,23
413,26,0
414,26,1
415,26,2
416,26,3
417,26,4
418,26,5
419,26,14
420,26,15
421,26,16
422,26,17
423,26,18
424,26,19
425,26,20
426,26,21
427,26,22
428,26,23
429,27,0
430,27,1
431,27,2
432,27,3
433,27,4
434,27,5
435,27,14
436,27,15
437,27,16
438,27,17
439,27,18
440,27,19
441,27,20
442,27,21
443,27,22
444,27,23
445,28,0
446,28,1
447,28,2
448,28,3
449,28,4
450,28,5
451,28,14
452,28,15
453,28,16
454,28,17
455,28,18
456,28,19
457,28,20
458,28,21
459,28,22
460,28,23
461,29,0
462,29,1
463,29,2
464,29,3
465,29,4
466,29,5
467,29,14
468,29,15
469,29,16
470,29,17
471,29,18
472,29,19
473,29,20
474,29,21
475,29,22
476,29,23
477,30,0
478,30,1
479,30,2
480,30,3
481,30,4
482,30,5
483,30,14
484,30,15
485,30,16
486,30,17
487,30,18
488,30,19
489,30,20
490,30,21
491,30,22
492,30,23
493,31,0
494,31,1
495,31,2
496,31,3
497,31,4
498,31,5
499,31,14
500,31,15
501,31,16
502,31,17
503,31,18
504,31,19
505,31,20
506,31,21
507,31,22
508,31,23
509,32,0
510,32,1
511,32,2
512,32,3
513,32,4
514,32,5
515,32,14
516,32,15
517,32,16
518,32,17
519,32,18
520,32,19
521,32,20
522,32,21
523,32,22
524,32,23
525,33,0
526,33,1
527,33,2
528,33,3
529,33,4
530,33,5
531,33,14
532,33,15
533,33,16
534,33,17
535,33,18
536,33,19
537,33,20
538,33,21
539,33,22
540,33,23
541,34,0
542,34,1
543,34,2
544,34,3
545,34,4
546,34,5
547,34,14
548,34,15
549,34,16
550,34,17
551,34,18
552,34,19
553,34,20
554,34,21
555,34,22
556,34,23
557,35,0
558,35,1
559,35,2
560,35,3
561,35,4
562,35,5
563,35,14
564,35,15
565,35,16
566,35,17
567,35,18
568,35,19
569,35,20
570,35,21
571,35,22
572,35,23
573,36,0
574,36,1
575,36,2
576,36,3
577,36,4
578,36,5
579,36,14
580,36,15
581,36,16
582,36,17
583,36,18
584,36,19
585,36,20
586,36,21
587,36,22
588,36,23
589,37,0
590,37,1
591,37,2
592,37,3
593,37,4
594,37,5
595,37,14
596,37,15
597,37,16
598,37,17
599,37,18
600,37,19
601,37,20
602,37,21
603,37,22
604,37,23
605,38,0
606,38,1
607,38,2
608,38,3
609,38,4
610,38,5
611,38,14
612,38,15
613,38,16
614,38,17
615,38,18
616,38,19
617,38,20
618,38,21
619,38,22
620,38,23
621,39,0
622,39,1
623,39,2
624,39,3
625,39,4
626,39,5
627,39,14
628,39,15
629,39,16
630,39,17
631,39,18
632,39,19
633,39,20
634,39,21
635,39,22
636,39,23
637,40,0
638,40,1
639,40,2
640,40,3
641,40,4
642,40,5
643,40,14
644,40,15
645,40,16
646,40,17
647,40,18
648,40,19
649,40,20
650,40,21
651,40,22
652,40,23
653,41,0
654,41,1
655,41,2
656,41,3
657,41,4
658,41,5
659,41,14
660,41,15
661,41,16
662,41,17
663,41,18
664,41,19
665,41,20
666,41,21
667,41,22
668,41,23
669,42,0
670,42,1
671,42,2
672,42,3
673,42,4
674,42,5
675,42,14
676,42,15
677,42,16
678,42,17
679,42,18
680,42,19
681,42,20
682,42,21
683,42,22
684,42,23
685,43,0
686,43,1
687,43,2
688,43,3
689,43,4
690,43,5
691,43,14
692,43,15
693,43,16
694,43,17
695,43,18
696,43,19
697,43,20
698,43,21
699,43,22
700,43,23
701,44,0
702,44,1
703,44,2
704,44,3
705,44,4
706,44,5
707,44,14
708,44,15
709,44,16
710,44,17
711,44,18
712,44,19
713,44,20
714,44,21
715,44,22
716,44,23
717,45,0
718,45,1
719,45,2
720,45,3
721,45,4
722,45,5
723,45,14
724,45,15
725,45,16
726,45,17
727,45,18
728,45,19
729,45,20
730,45,21
731,45,22
732,45,23
733,46,0
734,46,1
735,46,2
736,46,3
737,46,4
738,46,5
739,46,14
740,46,15
741,46,16
742,46,17
743,46,18
744,46,19
745,46,20
746,46,21
747,46,22
748,46,23
749,47,0
750,47,1
751,47,2
752,47,3
753,47,4
754,47,5
755,47,14
756,47,15
757,47,16
758,47,17
759,47,18
760,47,19
761,47,20
762,47,21
763,47,22
764,47,23
765,48,0
766,48,1
767,48,2
768,48,3
769,48,4
770,48,5
771,48,15
772,48,16
773,48,17
774,48,18
775,48,19
776,48,20
777,48,21
778,48,22
779,48,23
780,49,0
781,49,1
782,49,2
783,49,3
784,49,4
785,49,5
786,49,14
787,49,15
788,49,16
789,49,17
790,49,18
791,49,19
792,49,20
793,49,21
794,49,22
795,49,23
796,50,0
797,50,1
798,50,2
799,50,3
800,50,4
801,50,5
802,50,14
803,50,15
804,50,16
805,50,17
806,50,18
807,50,19
808,50,20
809,50,21
810,50,22
811,50,23
812,51,0
813,51,1
814,51,2
815,51,3
816,51,4
817,51,5
818,51,14
819,51,15
820,51,16
821,51,17
822,51,18
823,51,19
824,51,20
825,51,21
826,51,22
827,51,23
828,52,0
829,52,1
830,52,2
831,52,3
832,52,4
833,52,5
834,52,15
835,52,16
836,52,17
837,52,18
838,52,19
839,52,20
840,52,21
841,52,22
842,52,23
843,53,0
844,53,1
845,53,2
846,53,3
847,53,4
848,53,5
849,53,15
850,53,16
851,53,17
852,53,18
853,53,19
854,53,20
855,53,21
856,53,22
857,53,23
858,54,0
859,54,1
860,54,2
861,54,3
862,54,4
863,54,5
864,54,15
865,54,16
866,54,17
867,54,18
868,54,19
869,54,20
870,54,21
871,54,22
872,54,23
873,55,0
874,55,1
875,55,2
876,55,3
877,55,4
878,55,5
879,55,15
880,55,16
881,55,17
882,55,18
883,55,19
884,55,20
885,55,21
886,55,22
887,55,23
888,56,0
889,56,1
890,56,2
891,56,3
892,56,4
893,56,15
894,56,16
895,56,17
896,56,18
897,56,19
898,56,20
899,56,21
900,56,22
901,56,23
902,57,0
903,57,1
904,57,2
905,57,3
906,57,4
907,57,15
908,57,16
909,57,17
910,57,18
911,57,19
912,57,20
913,57,21
914,57,22
915,57,23
916,58,0
917,58,1
918,58,2
919,58,3
920,58,4
921,58,5
922,58,15
923,58,16
924,58,17
925,58,18
926,58,19
927,58,20
928,58,21
929,58,22
930,58,23
931,59,0
932,59,1
933,59,2
934,59,3
935,59,4
936,59,15
937,59,16
938,59,17
939,59,18
940,59,19
941,59,20
942,59,21
943,59,22
944,59,23
945,60,0
946,60,1
947,60,2
948,60,3
949,60,4
950,60,15
951,60,16
952,60,17
953,60,18
954,60,19
955,60,20
956,60,21
957,60,22
958,60,23
959,61,0
960,61,1
961,61,2
962,61,3
963,61,4
964,61,15
965,61,16
966,61,17
967,61,18
968,61,19
969,61,20
970,61,21
971,61,22
972,61,23
973,62,0
974,62,1
975,62,2
976,62,3
977,62,4
978,62,15
979,62,16
980,62,17
981,62,18
982,62,19
983,62,20
984,62,21
985,62,22
986,62,23
987,63,0
988,63,1
989,63,2
990,63,3
991,63,4
992,63,15
993,63,16
994,63,17
995,63,18
996,63,19
997,63,20
998,63,21
999,63,22
1000,63,23
1001,64,0
1002,64,1
1003,64,2
1004,64,3
1005,64,4
1006,64,15
1007,64,16
1008,64,17
1009,64,18
1010,64,19
1011,64,20
1012,64,21
1013,64,22
1014,64,23
1015,65,0
1016,65,1
1017,65,2
1018,65,3
1019,65,4
1020,65,15
1021,65,16
1022,65,17
1023,65,18
1024,65,19
1025,65,20
1026,65,21
1027,65,22
1028,65,23
1029,66,0
1030,66,1
1031,66,2
1032,66,3
1033,66,4
1034,66,15
1035,66,16
1036,66,17
1037,66,18
1038,66,19
1039,66,20
1040,66,21
1041,66,22
1042,66,23
1043,67,0
1044,67,1
1045,67,2
1046,67,3
1047,67,4
1048,67,15
1049,67,16
1050,67,17
1051,67,18
1052,67,19
1053,67,20
1054,67,21
1055,67,22
1056,67,23
1057,68,0
1058,68,1
1059,68,2
1060,68,3
1061,68,4
1062,68,15
1063,68,16
1064,68,17
1065,68,18
1066,68,19
1067,68,20
1068,68,21
1069,68,22
1070,68,23
1071,69,0
1072,69,1
1073,69,2
1074,69,3
1075,69,4
1076,69,15
1077,69,16
1078,69,17
1079,69,18
1080,69,19
1081,69,20
1082,69,21
1083,69,22
1084,69,23
1085,70,0
1086,70,1
1087,70,2
1088,70,3
1089,70,4
1090,70,15
1091,70,16
1092,70,17
1093,70,18
1094,70,19
1095,70,20
1096,70,21
1097,70,22
1098,70,23
1099,71,0
1100,71,1
1101,71,2
1102,71,3
1103,71,4
1104,71,15
1105,71,16
1106,71,17
1107,71,18
1108,71,19
1109,71,20
1110,71,21
1111,71,22
1112,71,23
1113,72,0
1114,72,1
1115,72,2
1116,72,3
1117,72,4
1118,72,15
1119,72,16
1120,72,17
1121,72,18
1122,72,19
1123,72,20
1124,72,21
1125,72,22
1126,72,23
1127,73,0
1128,73,1
1129,73,2
1130,73,3
1131,73,4
1132,73,15
1133,73,16
1134,73,17
1135,73,18
1136,73,19
1137,73,20
1138,73,21
1139,73,22
1140,73,23
1141,74,0
1142,74,1
1143,74,2
1144,74,3
1145,74,4
1146,74,15
1147,74,16
1148,74,17
1149,74,18
1150,74,19
1151,74,20
1152,74,21
1153,74,22
1154,74,23
1155,75,0
1156,75,1
1157,75,2
1158,75,3
1159,75,4
1160,75,15
1161,75,16
1162,75,17
1163,75,18
1164,75,19
1165,75,20
1166,75,21
1167,75,22
1168,75,23
1169,76,0
1170,76,1
1171,76,2
1172,76,3
1173,76,4
1174,76,15
1175,76,16
1176,76,17
1177,76,18
1178,76,19
1179,76,20
1180,76,21
1181,76,22
1182,76,23
1183,77,0
1184,77,1
1185,77,2
1186,77,3
1187,77,4
1188,77,15
1189,77,16
1190,77,17
1191,77,18
1192,77,19
1193,77,20
1194,77,21
1195,77,22
1196,77,23
1197,78,0
1198,78,1
1199,78,2
1200,78,3
1201,78,4
1202,78,15
1203,78,16
1204,78,17
1205,78,18
1206,78,19
1207,78,20
1208,78,21
1209,78,22
1210,78,23
1211,79,0
1212,79,1
1213,79,2
1214,79,3
1215,79,4
1216,79,15
1217,79,16
1218,79,17
1219,79,18
1220,79,19
1221,79,20
1222,79,21
1223,79,22
1224,79,23
1225,80,0
1226,80,1
1227,80,2
1228,80,3
1229,80,4
1230,80,15
1231,80,16
1232,80,17
1233,80,18
1234,80,19
1235,80,20
1236,80,21
1237,80,22
1238,80,23
1239,81,0
1240,81,1
1241,81,2
1242,81,3
1243,81,4
1244,81,15
1245,81,16
1246,81,17
1247,81,18
1248,81,19
1249,81,20
1250,81,21
1251,81,22
1252,81,23
1253,82,0
1254,82,1
1255,82,2
1256,82,3
1257,82,4
1258,82,15
1259,82,16
1260,82,17
1261,82,18
1262,82,19
1263,82,20
1264,82,21
1265,82,22
1266,82,23
1267,83,0
1268,83,1
1269,83,2
1270,83,3
1271,83,4
1272,83,15
1273,83,16
1274,83,17
1275,83,18
1276,83,19
1277,83,20
1278,83,21
1279,83,22
1280,83,23
1281,84,0
1282,84,1
1283,84,2
1284,84,3
1285,84,4
1286,84,15
1287,84,16
1288,84,17
1289,84,18
1290,84,19
1291,84,20
1292,84,21
1293,84,22
1294,84,23
1295,85,0
1296,85,1
1297,85,2
1298,85,3
1299,85,4
1300,85,15
1301,85,16
1302,85,17
1303,85,18
1304,85,19
1305,85,20
1306,85,21
1307,85,22
1308,85,23
1309,86,0
1310,86,1
1311,86,2
1312,86,3
1313,86,4
1314,86,15
1315,86,16
1316,86,17
1317,86,18
1318,86,19
1319,86,20
1320,86,21
1321,86,22
1322,86,23
1323,87,0
1324,87,1
1325,87,2
1326,87,3
1327,87,4
1328,87,15
1329,87,16
1330,87,17
1331,87,18
1332,87,19
1333,87,20
1334,87,21
1335,87,22
1336,87,23
1337,88,0
1338,88,1
1339,88,2
1340,88,3
1341,88,4
1342,88,16
1343,88,17
1344,88,18
1345,88,19
1346,88,20
1347,88,21
1348,88,22
1349,88,23
1350,89,0
1351,89,1
1352,89,2
1353,89,3
1354,89,4
1355,89,15
1356,89,16
1357,89,17
1358,89,18
1359,89,19
1360,89,20
1361,89,21
1362,89,22
1363,89,23
1364,90,0
1365,90,1
1366,90,2
1367,90,3
1368,90,4
1369,90,16
1370,90,17
1371,90,18
1372,90,19
1373,90,20
1374,90,21
1375,90,22
1376,90,23
1377,91,0
1378,91,1
1379,91,2
1380,91,3
1381,91,4
1382,91,16
1383,91,17
1384,91,18
1385,91,19
1386,91,20
1387,91,21
1388,91,22
1389,91,23
1390,92,0
1391,92,1
1392,92,2
1393,92,3
1394,92,4
1395,92,16
1396,92,17
1397,92,18
1398,92,19
1399,92,20
1400,92,21
1401,92,22
1402,92,23
1403,93,0
1404,93,1
1405,93,2
1406,93,3
1407,93,4
1408,93,16
1409,93,17
1410,93,18
1411,93,19
1412,93,20
1413,93,21
1414,93,22
1415,93,23
1416,94,0
1417,94,1
1418,94,2
1419,94,3
1420,94,4
1421,94,16
1422,94,17
1423,94,18
1424,94,19
1425,94,20
1426,94,21
1427,94,22
1428,94,23
1429,95,0
1430,95,1
1431,95,2
1432,95,3
1433,95,4
1434,95,16
1435,95,17
1436,95,18
1437,95,19
1438,95,20
1439,95,21
1440,95,22
1441,95,23
1442,96,0
1443,96,1
1444,96,2
1445,96,3
1446,96,4
1447,96,16
1448,96,17
1449,96,18
1450,96,19
1451,96,20
1452,96,21
1453,96,22
1454,96,23
1455,97,0
1456,97,1
1457,97,2
1458,97,3
1459,97,4
1460,97,16
1461,97,17
1462,97,18
1463,97,19
1464,97,20
1465,97,21
1466,97,22
1467,97,23
1468,98,0
1469,98,1
1470,98,2
1471,98,3
1472,98,16
1473,98,17
1474,98,18
1475,98,19
1476,98,20
1477,98,21
1478,98,22
1479,98,23
1480,99,0
1481,99,1
1482,99,2
1483,99,3
1484,99,16
1485,99,17
1486,99,18
1487,99,19
1488,99,20
1489,99,21
1490,99,22
1491,99,23
1492,100,0
1493,100,1
1494,100,2
1495,100,3
1496,100,16
1497,100,17
1498,100,18
1499,100,19
1500,100,20
1501,100,21
1502,100,22
1503,100,23
1504,101,0
1505,101,1
1506,101,2
1507,101,3
1508,101,16
1509,101,17
1510,101,18
1511,101,19
1512,101,20
1513,101,21
1514,101,22
1515,101,23
1516,102,0
1517,102,1
1518,102,2
1519,102,3
1520,102,16
1521,102,17
1522,102,18
1523,102,19
1524,102,20
1525,102,21
1526,102,22
1527,102,23
1528,103,0
1529,103,1
1530,103,2
1531,103,3
1532,103,16
1533,103,17
1534,103,18
1535,103,19
1536,103,20
1537,103,21
1538,103,22
1539,103,23
1540,104,0
1541,104,1
1542,104,2
1543,104,3
1544,104,16
1545,104,17
1546,104,18
1547,104,19
1548,104,20
1549,104,21
1550,104,22
1551,104,23
1552,105,0
1553,105,1
1554,105,2
1555,105,3
1556,105,16
1557,105,17
1558,105,18
1559,105,19
1560,105,20
1561,105,21
1562,105,22
1563,105,23
1564,106,0
1565,106,1
1566,106,2
1567,106,3
1568,106,16
1569,106,17
1570,106,18
1571,106,19
1572,106,20
1573,106,21
1574,106,22
1575,106,23
1576,107,0
1577,107,1
1578,107,2
1579,107,3
1580,107,16
1581,107,17
1582,107,18
1583,107,19
1584,107,20
1585,107,21
1586,107,22
1587,107,23
1588,108,0
1589,108,1
1590,108,2
1591,108,3
1592,108,16
1593,108,17
1594,108,18
1595,108,19
1596,108,20
1597,108,21
1598,108,22
1599,108,23
1600,109,0
1601,109,1
1602,109,2
1603,109,3
1604,109,16
1605,109,17
1606,109,18
1607,109,19
1608,109,20
1609,109,21
1610,109,22
1611,109,23
1612,110,0
1613,110,1
1614,110,2
1615,110,3
1616,110,16
1617,110,17
1618,110,18
1619,110,19
1620,110,20
1621,110,21
1622,110,22
1623,110,23
1624,111,0
1625,111,1
1626,111,2
1627,111,3
1628,111,16
1629,111,17
1630,111,18
1631,111,19
1632,111,20
1633,111,21
1634,111,22
1635,111,23
1636,112,0
1637,112,1
1638,112,2
1639,112,3
1640,112,16
1641,112,17
1642,112,18
1643,112,19
1644,112,20
1645,112,21
1646,112,22
1647,112,23
1648,113,0
1649,113,1
1650,113,2
1651,113,3
1652,113,16
1653,113,17
1654,113,18
1655,113,19
1656,113,20
1657,113,21
1658,113,22
1659,113,23
1660,114,0
1661,114,1
1662,114,2
1663,114,3
1664,114,16
1665,114,17
1666,114,18
1667,114,19
1668,114,20
1669,114,21
1670,114,22
1671,114,23
1672,115,0
1673,115,1
1674,115,2
1675,115,3
1676,115,16
1677,115,17
1678,115,18
1679,115,19
1680,115,20
1681,115,21
1682,115,22
1683,115,23
1684,116,0
1685,116,1
1686,116,2
1687,116,3
1688,116,16
1689,116,17
1690,116,18
1691,116,19
1692,116,20
1693,116,21
1694,116,22
1695,116,23
1696,117,0
1697,117,1
1698,117,2
1699,117,3
1700,117,16
1701,117,17
1702,117,18
1703,117,19
1704,117,20
1705,117,21
1706,117,22
1707,117,23
1708,118,0
1709,118,1
1710,118,2
1711,118,3
1712,118,16
1713,118,17
1714,118,18
1715,118,19
1716,118,20
1717,118,21
1718,118,22
1719,118,23
1720,119,0
1721,119,1
1722,119,2
1723,119,3
1724,119,16
1725,119,17
1726,119,18
1727,119,19
1728,119,20
1729,119,21
1730,119,22
1731,119,23
1732,120,0
1733,120,1
1734,120,2
1735,120,3
1736,120,16
1737,120,17
1738,120,18
1739,120,19
1740,120,20
1741,120,21
1742,120,22
1743,120,23
1744,121,0
1745,121,1
1746,121,2
1747,121,3
1748,121,16
1749,121,17
1750,121,18
1751,121,19
1752,121,20
1753,121,21
1754,121,22
1755,121,23
1756,122,0
1757,122,1
1758,122,2
1759,122,3
1760,122,16
1761,122,17
1762,122,18
1763,122,19
1764,122,20
1765,122,21
1766,122,22
1767,122,23
1768,123,0
1769,123,1
1770,123,2
1771,123,3
1772,123,16
1773,123,17
1774,123,18
1775,123,19
1776,123,20
1777,123,21
1778,123,22
1779,123,23
1780,124,0
1781,124,1
1782,124,2
1783,124,3
1784,124,16
1785,124,17
1786,124,18
1787,124,19
1788,124,20
1789,124,21
1790,124,22
1791,124,23
1792,125,0
1793,125,1
1794,125,2
1795,125,3
1796,125,16
1797,125,17
1798,125,18
1799,125,19
1800,125,20
1801,125,21
1802,125,22
1803,125,23
1804,126,0
1805,126,1
1806,126,2
1807,126,3
1808,126,16
1809,126,17
1810,126,18
1811,126,19
1812,126,20
1813,126,21
1814,126,22
1815,126,23
1816,127,0
1817,127,1
1818,127,2
1819,127,3
1820,127,16
1821,127,17
1822,127,18
1823,127,19
1824,127,20
1825,127,21
1826,127,22
1827,127,23
1828,128,0
1829,128,1
1830,128,2
1831,128,3
1832,128,16
1833,128,17
1834,128,18
1835,128,19
1836,128,20
1837,128,21
1838,128,22
1839,128,23
1840,129,0
1841,129,1
1842,129,2
1843,129,3
1844,129,16
1845,129,17
1846,129,18
1847,129,19
1848,129,20
1849,129,21
1850,129,22
1851,129,23
1852,130,0
1853,130,1
1854,130,2
1855,130,3
1856,130,16
1857,130,17
1858,130,18
1859,130,19
1860,130,20
1861,130,21
1862,130,22
1863,130,23
1864,131,0
1865,131,1
1866,131,2
1867,131,3
1868,131,16
1869,131,17
1870,131,18
1871,131,19
1872,131,20
1873,131,21
1874,131,22
1875,131,23
1876,132,0
1877,132,1
1878,132,2
1879,132,3
1880,132,16
1881,132,17
1882,132,18
1883,132,19
1884,132,20
1885,132,21
1886,132,22
1887,132,23
1888,133,0
1889,133,1
1890,133,2
1891,133,3
1892,133,16
1893,133,17
1894,133,18
1895,133,19
1896,133,20
1897,133,21
1898,133,22
1899,133,23
1900,134,0
1901,134,1
1902,134,2
1903,134,3
1904,134,16
1905,134,17
1906,134,18
1907,134,19
1908,134,20
1909,134,21
1910,134,22
1911,134,23
1912,135,0
1913,135,1
1914,135,2
1915,135,3
1916,135,16
1917,135,17
1918,135,18
1919,135,19
1920,135,20
1921,135,21
1922,135,22
1923,135,23
1924,136,0
1925,136,1
1926,136,2
1927,136,3
1928,136,16
1929,136,17
1930,136,18
1931,136,19
1932,136,20
1933,136,21
1934,136,22
1935,136,23
1936,137,0
1937,137,1
1938,137,2
1939,137,3
1940,137,16
1941,137,17
1942,137,18
1943,137,19
1944,137,20
1945,137,21
1946,137,22
1947,137,23
1948,138,0
1949,138,1
1950,138,2
1951,138,3
1952,138,16
1953,138,17
1954,138,18
1955,138,19
1956,138,20
1957,138,21
1958,138,22
1959,138,23
1960,139,0
1961,139,1
1962,139,2
1963,139,3
1964,139,16
1965,139,17
1966,139,18
1967,139,19
1968,139,20
1969,139,21
1970,139,22
1971,139,23
1972,140,0
1973,140,1
1974,140,2
1975,140,3
1976,140,16
1977,140,17
1978,140,18
1979,140,19
1980,140,20
1981,140,21
1982,140,22
1983,140,23
1984,141,0
1985,141,1
1986,141,2
1987,141,3
1988,141,16
1989,141,17
1990,141,18
1991,141,19
1992,141,20
1993,141,21
1994,141,22
1995,141,23
1996,142,0
1997,142,1
1998,142,2
1999,142,3
2000,142,16
2001,142,17
2002,142,18
2003,142,19
2004,142,20
2005,142,21
2006,142,22
2007,142,23
2008,143,0
2009,143,1
2010,143,2
2011,143,3
2012,143,16
2013,143,17
2014,143,18
2015,143,19
2016,143,20
2017,143,21
2018,143,22
2019,143,23
2020,144,0
2021,144,1
2022,144,2
2023,144,3
2024,144,16
2025,144,17
2026,144,18
2027,144,19
2028,144,20
2029,144,21
2030,144,22
2031,144,23
2032,145,0
2033,145,1
2034,145,2
2035,145,3
2036,145,16
2037,145,17
2038,145,18
2039,145,19
2040,145,20
2041,145,21
2042,145,22
2043,145,23
2044,146,0
2045,146,1
2046,146,2
2047,146,3
2048,146,16
2049,146,17
2050,146,18
2051,146,19
2052,146,20
2053,146,21
2054,146,22
2055,146,23
2056,147,0
2057,147,1
2058,147,2
2059,147,16
2060,147,17
2061,147,18
2062,147,19
2063,147,20
2064,147,21
2065,147,22
2066,147,23
2067,148,0
2068,148,1
2069,148,2
2070,148,17
2071,148,18
2072,148,19
2073,148,20
2074,148,21
2075,148,22
2076,148,23
2077,149,0
2078,149,1
2079,149,2
2080,149,16
2081,149,17
2082,149,18
2083,149,19
2084,149,20
2085,149,21
2086,149,22
2087,149,23
2088,150,0
2089,150,1
2090,150,2
2091,150,17
2092,150,18
2093,150,19
2094,150,20
2095,150,21
2096,150,22
2097,150,23
2098,151,0
2099,151,1
2100,151,2
2101,151,16
2102,151,17
2103,151,18
2104,151,19
2105,151,20
2106,151,21
2107,151,22
2108,151,23
2109,152,0
2110,152,1
2111,152,2
2112,152,3
2113,152,17
2114,152,18
2115,152,19
2116,152,20
2117,152,21
2118,152,22
2119,152,23
2120,153,0
2121,153,1
2122,153,2
2123,153,17
2124,153,18
2125,153,19
2126,153,20
2127,153,21
2128,153,22
2129,153,23
2130,154,0
2131,154,1
2132,154,2
2133,154,17
2134,154,18
2135,154,19
2136,154,20
2137,154,21
2138,154,22
2139,154,23
2140,155,0
2141,155,1
2142,155,2
2143,155,17
2144,155,18
2145,155,19
2146,155,20
2147,155,21
2148,155,22
2149,155,23
2150,156,0
2151,156,1
2152,156,2
2153,156,17
2154,156,18
2155,156,19
2156,156,20
2157,156,21
2158,156,22
2159,156,23
2160,157,0
2161,157,1
2162,157,2
2163,157,17
2164,157,18
2165,157,19
2166,157,20
2167,157,21
2168,157,22
2169,157,23
2170,158,0
2171,158,1
2172,158,2
2173,158,17
2174,158,18
2175,158,19
2176,158,20
2177,158,21
2178,158,22
2179,158,23
2180,159,0
2181,159,1
2182,159,2
2183,159,17
2184,159,18
2185,159,19
2186,159,20
2187,159,21
2188,159,22
2189,159,23
2190,160,0
2191,160,1
2192,160,2
2193,160,17
2194,160,18
2195,160,19
2196,160,20
2197,160,21
2198,160,22
2199,160,23
2200,161,0
2201,161,1
2202,161,2
2203,161,17
2204,161,18
2205,161,19
2206,161,20
2207,161,21
2208,161,22
2209,161,23
2210,162,0
2211,162,1
2212,162,2
2213,162,17
2214,162,18
2215,162,19
2216,162,20
2217,162,21
2218,162,22
2219,162,23
2220,163,0
2221,163,1
2222,163,2
2223,163,17
2224,163,18
2225,163,19
2226,163,20
2227,163,21
2228,163,22
2229,163,23
2230,164,0
2231,164,1
2232,164,2
2233,164,17
2234,164,18
2235,164,19
2236,164,20
2237,164,21
2238,164,22
2239,164,23
2240,165,0
2241,165,1
2242,165,2
2243,165,17
2244,165,18
2245,165,19
2246,165,20
2247,165,21
2248,165,22
2249,165,23
2250,166,0
2251,166,1
2252,166,2
2253,166,17
2254,166,18
2255,166,19
2256,166,20
2257,166,21
2258,166,22
2259,166,23
2260,167,0
2261,167,1
2262,167,2
2263,167,17
2264,167,18
2265,167,19
2266,167,20
2267,167,21
2268,167,22
2269,167,23
2270,168,0
2271,168,1
2272,168,2
2273,168,17
2274,168,18
2275,168,19
2276,168,20
2277,168,21
2278,168,22
2279,168,23
2280,169,0
2281,169,1
2282,169,2
2283,169,17
2284,169,18
2285,169,19
2286,169,20
2287,169,21
2288,169,22
2289,169,23
2290,170,0
2291,170,1
2292,170,2
2293,170,17
2294,170,18
2295,170,19
2296,170,20
2297,170,21
2298,170,22
2299,170,23
2300,171,0
2301,171,1
2302,171,2
2303,171,17
2304,171,18
2305,171,19
2306,171,20
2307,171,21
2308,171,22
2309,171,23
2310,172,0
2311,172,1
2312,172,2
2313,172,17
2314,172,18
2315,172,19
2316,172,20
2317,172,21
2318,172,22
2319,172,23
2320,173,0
2321,173,1
2322,173,2
2323,173,17
2324,173,18
2325,173,19
2326,173,20
2327,173,21
2328,173,22
2329,173,23
2330,174,0
2331,174,1
2332,174,2
2333,174,17
2334,174,18
2335,174,19
2336,174,20
2337,174,21
2338,174,22
2339,174,23
2340,175,0
2341,175,1
2342,175,2
2343,175,17
2344,175,18
2345,175,19
2346,175,20
2347,175,21
2348,175,22
2349,175,23
2350,176,0
2351,176,1
2352,176,2
2353,176,17
2354,176,18
2355,176,19
2356,176,20
2357,176,21
2358,176,22
2359,176,23
2360,177,0
2361,177,1
2362,177,2
2363,177,17
2364,177,18
2365,177,19
2366,177,20
2367,177,21
2368,177,22
2369,177,23
2370,178,0
2371,178,1
2372,178,2
2373,178,17
2374,178,18
2375,178,19
2376,178,20
2377,178,21
2378,178,22
2379,178,23
2380,179,0
2381,179,1
2382,179,2
2383,179,17
2384,179,18
2385,179,19
2386,179,20
2387,179,21
2388,179,22
2389,179,23
2390,180,0
2391,180,1
2392,180,2
2393,180,17
2394,180,18
2395,180,19
2396,180,20
2397,180,21
2398,180,22
2399,180,23
2400,181,0
2401,181,1
2402,181,2
2403,181,17
2404,181,18
2405,181,19
2406,181,20
2407,181,21
2408,181,22
2409,181,23
2410,182,0
2411,182,1
2412,182,2
2413,182,17
2414,182,18
2415,182,19
2416,182,20
2417,182,21
2418,182,22
2419,182,23
2420,183,0
2421,183,1
2422,183,2
2423,183,17
2424,183,18
2425,183,19
2426,183,20
2427,183,21
2428,183,22
2429,183,23
2430,184,0
2431,184,1
2432,184,2
2433,184,17
2434,184,18
2435,184,19
2436,184,20
2437,184,21
2438,184,22
2439,184,23
2440,185,0
2441,185,1
2442,185,2
2443,185,17
2444,185,18
2445,185,19
2446,185,20
2447,185,21
2448,185,22
2449,185,23
2450,186,0
2451,186,1
2452,186,2
2453,186,17
2454,186,18
2455,186,19
2456,186,20
2457,186,21
2458,186,22
2459,186,23
2460,187,0
2461,187,1
2462,187,2
2463,187,17
2464,187,18
2465,187,19
2466,187,20
2467,187,21
2468,187,22
2469,187,23
2470,188,0
2471,188,1
2472,188,2
2473,188,17
2474,188,18
2475,188,19
2476,188,20
2477,188,21
2478,188,22
2479,188,23
2480,189,0
2481,189,1
2482,189,2
2483,189,17
2484,189,18
2485,189,19
2486,189,20
2487,189,21
2488,189,22
2489,189,23
2490,190,0
2491,190,1
2492,190,2
2493,190,17
2494,190,18
2495,190,19
2496,190,20
2497,190,21
2498,190,22
2499,190,23
2500,191,0
2501,191,1
2502,191,2
2503,191,17
2504,191,18
2505,191,19
2506,191,20
2507,191,21
2508,191,22
2509,191,23
2510,192,0
2511,192,1
2512,192,2
2513,192,17
2514,192,18
2515,192,19
2516,192,20
2517,192,21
2518,192,22
2519,192,23
2520,193,0
2521,193,1
2522,193,2
2523,193,17
2524,193,18
2525,193,19
2526,193,20
2527,193,21
2528,193,22
2529,193,23
2530,194,0
2531,194,1
2532,194,2
2533,194,17
2534,194,18
2535,194,19
2536,194,20
2537,194,21
2538,194,22
2539,194,23
2540,195,0
2541,195,1
2542,195,2
2543,195,17
2544,195,18
2545,195,19
2546,195,20
2547,195,21
2548,195,22
2549,195,23
2550,196,0
2551,196,1
2552,196,2
2553,196,17
2554,196,18
2555,196,19
2556,196,20
2557,196,21
2558,196,22
2559,196,23
2560,197,0
2561,197,1
2562,197,2
2563,197,17
2564,197,18
2565,197,19
2566,197,20
2567,197,21
2568,197,22
2569,197,23
2570,198,0
2571,198,1
2572,198,2
2573,198,3
2574,198,17
2575,198,18
2576,198,19
2577,198,20
2578,198,21
2579,198,22
2580,198,23
2581,199,0
2582,199,1
2583,199,2
2584,199,17
2585,199,18
2586,199,19
2587,199,20
2588,199,21
2589,199,22
2590,199,23
2591,200,0
2592,200,1
2593,200,2
2594,200,17
2595,200,18
2596,200,19
2597,200,20
2598,200,21
2599,200,22
2600,200,23
2601,201,0
2602,201,1
2603,201,2
2604,201,3
2605,201,17
2606,201,18
2607,201,19
2608,201,20
2609,201,21
2610,201,22
2611,201,23
2612,202,0
2613,202,1
2614,202,2
2615,202,3
2616,202,17
2617,202,18
2618,202,19
2619,202,20
2620,202,21
2621,202,22
2622,202,23
2623,203,0
2624,203,1
2625,203,2
2626,203,3
2627,203,17
2628,203,18
2629,203,19
2630,203,20
2631,203,21
2632,203,22
2633,203,23
2634,204,0
2635,204,1
2636,204,2
2637,204,3
2638,204,17
2639,204,18
2640,204,19
2641,204,20
2642,204,21
2643,204,22
2644,204,23
2645,205,0
2646,205,1
2647,205,2
2648,205,3
2649,205,17
2650,205,18
2651,205,19
2652,205,20
2653,205,21
2654,205,22
2655,205,23
2656,206,0
2657,206,1
2658,206,2
2659,206,3
2660,206,16
2661,206,17
2662,206,18
2663,206,19
2664,206,20
2665,206,21
2666,206,22
2667,206,23
2668,207,0
2669,207,1
2670,207,2
2671,207,3
2672,207,16
2673,207,17
2674,207,18
2675,207,19
2676,207,20
2677,207,21
2678,207,22
2679,207,23
2680,208,0
2681,208,1
2682,208,2
2683,208,3
2684,208,16
2685,208,17
2686,208,18
2687,208,19
2688,208,20
2689,208,21
2690,208,22
2691,208,23
2692,209,0
2693,209,1
2694,209,2
2695,209,3
2696,209,16
2697,209,17
2698,209,18
2699,209,19
2700,209,20
2701,209,21
2702,209,22
2703,209,23
2704,210,0
2705,210,1
2706,210,2
2707,210,3
2708,210,16
2709,210,17
2710,210,18
2711,210,19
2712,210,20
2713,210,21
2714,210,22
2715,210,23
2716,211,0
2717,211,1
2718,211,2
2719,211,3
2720,211,16
2721,211,17
2722,211,18
2723,211,19
2724,211,20
2725,211,21
2726,211,22
2727,211,23
2728,212,0
2729,212,1
2730,212,2
2731,212,3
2732,212,16
2733,212,17
2734,212,18
2735,212,19
2736,212,20
2737,212,21
2738,212,22
2739,212,23
2740,213,0
2741,213,1
2742,213,2
2743,213,3
2744,213,16
2745,213,17
2746,213,18
2747,213,19
2748,213,20
2749,213,21
2750,213,22
2751,213,23
2752,214,0
2753,214,1
2754,214,2
2755,214,3
2756,214,16
2757,214,17
2758,214,18
2759,214,19
2760,214,20
2761,214,21
2762,214,22
2763,214,23
2764,215,0
2765,215,1
2766,215,2
2767,215,3
2768,215,16
2769,215,17
2770,215,18
2771,215,19
2772,215,20
2773,215,21
2774,215,22
2775,215,23
2776,216,0
2777,216,1
2778,216,2
2779,216,3
2780,216,16
2781,216,17
2782,216,18
2783,216,19
2784,216,20
2785,216,21
2786,216,22
2787,216,23
2788,217,0
2789,217,1
2790,217,2
2791,217,3
2792,217,16
2793,217,17
2794,217,18
2795,217,19
2796,217,20
2797,217,21
2798,217,22
2799,217,23
2800,218,0
2801,218,1
2802,218,2
2803,218,3
2804,218,16
2805,218,17
2806,218,18
2807,218,19
2808,218,20
2809,218,21
2810,218,22
2811,218,23
2812,219,0
2813,219,1
2814,219,2
2815,219,3
2816,219,16
2817,219,17
2818,219,18
2819,219,19
2820,219,20
2821,219,21
2822,219,22
2823,219,23
2824,220,0
2825,220,1
2826,220,2
2827,220,3
2828,220,16
2829,220,17
2830,220,18
2831,220,19
2832,220,20
2833,220,21
2834,220,22
2835,220,23
2836,221,0
2837,221,1
2838,221,2
2839,221,3
2840,221,16
2841,221,17
2842,221,18
2843,221,19
2844,221,20
2845,221,21
2846,221,22
2847,221,23
2848,222,0
2849,222,1
2850,222,2
2851,222,3
2852,222,16
2853,222,17
2854,222,18
2855,222,19
2856,222,20
2857,222,21
2858,222,22
2859,222,23
2860,223,0
2861,223,1
2862,223,2
2863,223,3
2864,223,16
2865,223,17
2866,223,18
2867,223,19
2868,223,20
2869,223,21
2870,223,22
2871,223,23
2872,224,0
2873,224,1
2874,224,2
2875,224,3
2876,224,16
2877,224,17
2878,224,18
2879,224,19
2880,224,20
2881,224,21
2882,224,22
2883,224,23
2884,225,0
2885,225,1
2886,225,2
2887,225,3
2888,225,16
2889,225,17
2890,225,18
2891,225,19
2892,225,20
2893,225,21
2894,225,22
2895,225,23
2896,226,0
2897,226,1
2898,226,2
2899,226,3
2900,226,16
2901,226,17
2902,226,18
2903,226,19
2904,226,20
2905,226,21
2906,226,22
2907,226,23
2908,227,0
2909,227,1
2910,227,2
2911,227,3
2912,227,16
2913,227,17
2914,227,18
2915,227,19
2916,227,20
2917,227,21
2918,227,22
2919,227,23
2920,228,0
2921,228,1
2922,228,2
2923,228,3
2924,228,16
2925,228,17
2926,228,18
2927,228,19
2928,228,20
2929,228,21
2930,228,22
2931,228,23
2932,229,0
2933,229,1
2934,229,2
2935,229,3
2936,229,16
2937,229,17
2938,229,18
2939,229,19
2940,229,20
2941,229,21
2942,229,22
2943,229,23
2944,230,0
2945,230,1
2946,230,2
2947,230,3
2948,230,16
2949,230,17
2950,230,18
2951,230,19
2952,230,20
2953,230,21
2954,230,22
2955,230,23
2956,231,0
2957,231,1
2958,231,2
2959,231,3
2960,231,16
2961,231,17
2962,231,18
2963,231,19
2964,231,20
2965,231,21
2966,231,22
2967,231,23
2968,232,0
2969,232,1
2970,232,2
2971,232,3
2972,232,16
2973,232,17
2974,232,18
2975,232,19
2976,232,20
2977,232,21
2978,232,22
2979,232,23
2980,233,0
2981,233,1
2982,233,2
2983,233,3
2984,233,16
2985,233,17
2986,233,18
2987,233,19
2988,233,20
2989,233,21
2990,233,22
2991,233,23
2992,234,0
2993,234,1
2994,234,2
2995,234,3
2996,234,16
2997,234,17
2998,234,18
2999,234,19
3000,234,20
3001,234,21
3002,234,22
3003,234,23
3004,235,0
3005,235,1
3006,235,2
3007,235,3
3008,235,16
3009,235,17
3010,235,18
3011,235,19
3012,235,20
3013,235,21
3014,235,22
3015,235,23
3016,236,0
3017,236,1
3018,236,2
3019,236,3
3020,236,16
3021,236,17
3022,236,18
3023,236,19
3024,236,20
3025,236,21
3026,236,22
3027,236,23
3028,237,0
3029,237,1
3030,237,2
3031,237,3
3032,237,16
3033,237,17
3034,237,18
3035,237,19
3036,237,20
3037,237,21
3038,237,22
3039,237,23
3040,238,0
3041,238,1
3042,238,2
3043,238,3
3044,238,16
3045,238,17
3046,238,18
3047,238,19
3048,238,20
3049,238,21
3050,238,22
3051,238,23
3052,239,0
3053,239,1
3054,239,2
3055,239,3
3056,239,16
3057,239,17
3058,239,18
3059,239,19
3060,239,20
3061,239,21
3062,239,22
3063,239,23
3064,240,0
3065,240,1
3066,240,2
3067,240,3
3068,240,16
3069,240,17
3070,240,18
3071,240,19
3072,240,20
3073,240,21
3074,240,22
3075,240,23
3076,241,0
3077,241,1
3078,241,2
3079,241,3
3080,241,16
3081,241,17
3082,241,18
3083,241,19
3084,241,20
3085,241,21
3086,241,22
3087,241,23
3088,242,0
3089,242,1
3090,242,2
3091,242,3
3092,242,16
3093,242,17
3094,242,18
3095,242,19
3096,242,20
3097,242,21
3098,242,22
3099,242,23
3100,243,0
3101,243,1
3102,243,2
3103,243,3
3104,243,16
3105,243,17
3106,243,18
3107,243,19
3108,243,20
3109,243,21
3110,243,22
3111,243,23
3112,244,0
3113,244,1
3114,244,2
3115,244,3
3116,244,16
3117,244,17
3118,244,18
3119,244,19
3120,244,20
3121,244,21
3122,244,22
3123,244,23
3124,245,0
3125,245,1
3126,245,2
3127,245,3
3128,245,16
3129,245,17
3130,245,18
3131,245,19
3132,245,20
3133,245,21
3134,245,22
3135,245,23
3136,246,0
3137,246,1
3138,246,2
3139,246,3
3140,246,16
3141,246,17
3142,246,18
3143,246,19
3144,246,20
3145,246,21
3146,246,22
3147,246,23
3148,247,0
3149,247,1
3150,247,2
3151,247,3
3152,247,16
3153,247,17
3154,247,18
3155,247,19
3156,247,20
3157,247,21
3158,247,22
3159,247,23
3160,248,0
3161,248,1
3162,248,2
3163,248,3
3164,248,16
3165,248,17
3166,248,18
3167,248,19
3168,248,20
3169,248,21
3170,248,22
3171,248,23
3172,249,0
3173,249,1
3174,249,2
3175,249,3
3176,249,16
3177,249,17
3178,249,18
3179,249,19
3180,249,20
3181,249,21
3182,249,22
3183,249,23
3184,250,0
3185,250,1
3186,250,2
3187,250,3
3188,250,16
3189,250,17
3190,250,18
3191,250,19
3192,250,20
3193,250,21
3194,250,22
3195,250,23
3196,251,0
3197,251,1
3198,251,2
3199,251,3
3200,251,16
3201,251,17
3202,251,18
3203,251,19
3204,251,20
3205,251,21
3206,251,22
3207,251,23
3208,252,0
3209,252,1
3210,252,2
3211,252,3
3212,252,16
3213,252,17
3214,252,18
3215,252,19
3216,252,20
3217,252,21
3218,252,22
3219,252,23
3220,253,0
3221,253,1
3222,253,2
3223,253,3
3224,253,16
3225,253,17
3226,253,18
3227,253,19
3228,253,20
3229,253,21
3230,253,22
3231,253,23
3232,254,0
3233,254,1
3234,254,2
3235,254,3
3236,254,16
3237,254,17
3238,254,18
3239,254,19
3240,254,20
3241,254,21
3242,254,22
3243,254,23
3244,255,0
3245,255,1
3246,255,2
3247,255,3
3248,255,16
3249,255,17
3250,255,18
3251,255,19
3252,255,20
3253,255,21
3254,255,22
3255,255,23
3256,256,0
3257,256,1
3258,256,2
3259,256,3
3260,256,16
3261,256,17
3262,256,18
3263,256,19
3264,256,20
3265,256,21
3266,256,22
3267,256,23
3268,257,0
3269,257,1
3270,257,2
3271,257,3
3272,257,4
3273,257,16
3274,257,17
3275,257,18
3276,257,19
3277,257,20
3278,257,21
3279,257,22
3280,257,23
3281,258,0
3282,258,1
3283,258,2
3284,258,3
3285,258,4
3286,258,15
3287,258,16
3288,258,17
3289,258,18
3290,258,19
3291,258,20
3292,258,21
3293,258,22
3294,258,23
3295,259,0
3296,259,1
3297,259,2
3298,259,3
3299,259,4
3300,259,16
3301,259,17
3302,259,18
3303,259,19
3304,259,20
3305,259,21
3306,259,22
3307,259,23
3308,260,0
3309,260,1
3310,260,2
3311,260,3
3312,260,4
3313,260,15
3314,260,16
3315,260,17
3316,260,18
3317,260,19
3318,260,20
3319,260,21
3320,260,22
3321,260,23
3322,261,0
3323,261,1
3324,261,2
3325,261,3
3326,261,4
3327,261,15
3328,261,16
3329,261,17
3330,261,18
3331,261,19
3332,261,20
3333,261,21
3334,261,22
3335,261,23
3336,262,0
3337,262,1
3338,262,2
3339,262,3
3340,262,4
3341,262,15
3342,262,16
3343,262,17
3344,262,18
3345,262,19
3346,262,20
3347,262,21
3348,262,22
3349,262,23
3350,263,0
3351,263,1
3352,263,2
3353,263,3
3354,263,4
3355,263,15
3356,263,16
3357,263,17
3358,263,18
3359,263,19
3360,263,20
3361,263,21
3362,263,22
3363,263,23
3364,264,0
3365,264,1
3366,264,2
3367,264,3
3368,264,4
3369,264,15
3370,264,16
3371,264,17
3372,264,18
3373,264,19
3374,264,20
3375,264,21
3376,264,22
3377,264,23
3378,265,0
3379,265,1
3380,265,2
3381,265,3
3382,265,4
3383,265,15
3384,265,16
3385,265,17
3386,265,18
3387,265,19
3388,265,20
3389,265,21
3390,265,22
3391,265,23
3392,266,0
3393,266,1
3394,266,2
3395,266,3
3396,266,4
3397,266,15
3398,266,16
3399,266,17
3400,266,18
3401,266,19
3402,266,20
3403,266,21
3404,266,22
3405,266,23
3406,267,0
3407,267,1
3408,267,2
3409,267,3
3410,267,4
3411,267,15
3412,267,16
3413,267,17
3414,267,18
3415,267,19
3416,267,20
3417,267,21
3418,267,22
3419,267,23
3420,268,0
3421,268,1
3422,268,2
3423,268,3
3424,268,4
3425,268,15
3426,268,16
3427,268,17
3428,268,18
3429,268,19
3430,268,20
3431,268,21
3432,268,22
3433,268,23
3434,269,0
3435,269,1
3436,269,2
3437,269,3
3438,269,4
3439,269,15
3440,269,16
3441,269,17
3442,269,18
3443,269,19
3444,269,20
3445,269,21
3446,269,22
3447,269,23
3448,270,0
3449,270,1
3450,270,2
3451,270,3
3452,270,4
3453,270,15
3454,270,16
3455,270,17
3456,270,18
3457,270,19
3458,270,20
3459,270,21
3460,270,22
3461,270,23
3462,271,0
3463,271,1
3464,271,2
3465,271,3
3466,271,4
3467,271,15
3468,271,16
3469,271,17
3470,271,18
3471,271,19
3472,271,20
3473,271,21
3474,271,22
3475,271,23
3476,272,0
3477,272,1
3478,272,2
3479,272,3
3480,272,4
3481,272,15
3482,272,16
3483,272,17
3484,272,18
3485,272,19
3486,272,20
3487,272,21
3488,272,22
3489,272,23
3490,273,0
3491,273,1
3492,273,2
3493,273,3
3494,273,4
3495,273,15
3496,273,16
3497,273,17
3498,273,18
3499,273,19
3500,273,20
3501,273,21
3502,273,22
3503,273,23
3504,274,0
3505,274,1
3506,274,2
3507,274,3
3508,274,4
3509,274,15
3510,274,16
3511,274,17
3512,274,18
3513,274,19
3514,274,20
3515,274,21
3516,274,22
3517,274,23
3518,275,0
3519,275,1
3520,275,2
3521,275,3
3522,275,4
3523,275,15
3524,275,16
3525,275,17
3526,275,18
3527,275,19
3528,275,20
3529,275,21
3530,275,22
3531,275,23
3532,276,0
3533,276,1
3534,276,2
3535,276,3
3536,276,4
3537,276,15
3538,276,16
3539,276,17
3540,276,18
3541,276,19
3542,276,20
3543,276,21
3544,276,22
3545,276,23
3546,277,0
3547,277,1
3548,277,2
3549,277,3
3550,277,4
3551,277,15
3552,277,16
3553,277,17
3554,277,18
3555,277,19
3556,277,20
3557,277,21
3558,277,22
3559,277,23
3560,278,0
3561,278,1
3562,278,2
3563,278,3
3564,278,4
3565,278,15
3566,278,16
3567,278,17
3568,278,18
3569,278,19
3570,278,20
3571,278,21
3572,278,22
3573,278,23
3574,279,0
3575,279,1
3576,279,2
3577,279,3
3578,279,4
3579,279,15
3580,279,16
3581,279,17
3582,279,18
3583,279,19
3584,279,20
3585,279,21
3586,279,22
3587,279,23
3588,280,0
3589,280,1
3590,280,2
3591,280,3
3592,280,4
3593,280,15
3594,280,16
3595,280,17
3596,280,18
3597,280,19
3598,280,20
3599,280,21
3600,280,22
3601,280,23
3602,281,0
3603,281,1
3604,281,2
3605,281,3
3606,281,4
3607,281,15
3608,281,16
3609,281,17
3610,281,18
3611,281,19
3612,281,20
3613,281,21
3614,281,22
3615,281,23
3616,282,0
3617,282,1
3618,282,2
3619,282,3
3620,282,4
3621,282,15
3622,282,16
3623,282,17
3624,282,18
3625,282,19
3626,282,20
3627,282,21
3628,282,22
3629,282,23
3630,283,0
3631,283,1
3632,283,2
3633,283,3
3634,283,4
3635,283,15
3636,283,16
3637,283,17
3638,283,18
3639,283,19
3640,283,20
3641,283,21
3642,283,22
3643,283,23
3644,284,0
3645,284,1
3646,284,2
3647,284,3
3648,284,4
3649,284,15
3650,284,16
3651,284,17
3652,284,18
3653,284,19
3654,284,20
3655,284,21
3656,284,22
3657,284,23
3658,285,0
3659,285,1
3660,285,2
3661,285,3
3662,285,4
3663,285,15
3664,285,16
3665,285,17
3666,285,18
3667,285,19
3668,285,20
3669,285,21
3670,285,22
3671,285,23
3672,286,0
3673,286,1
3674,286,2
3675,286,3
3676,286,4
3677,286,15
3678,286,16
3679,286,17
3680,286,18
3681,286,19
3682,286,20
3683,286,21
3684,286,22
3685,286,23
3686,287,0
3687,287,1
3688,287,2
3689,287,3
3690,287,4
3691,287,15
3692,287,16
3693,287,17
3694,287,18
3695,287,19
3696,287,20
3697,287,21
3698,287,22
3699,287,23
3700,288,0
3701,288,1
3702,288,2
3703,288,3
3704,288,4
3705,288,15
3706,288,16
3707,288,17
3708,288,18
3709,288,19
3710,288,20
3711,288,21
3712,288,22
3713,288,23
3714,289,0
3715,289,1
3716,289,2
3717,289,3
3718,289,4
3719,289,15
3720,289,16
3721,289,17
3722,289,18
3723,289,19
3724,289,20
3725,289,21
3726,289,22
3727,289,23
3728,290,0
3729,290,1
3730,290,2
3731,290,3
3732,290,4
3733,290,15
3734,290,16
3735,290,17
3736,290,18
3737,290,19
3738,290,20
3739,290,21
3740,290,22
3741,290,23
3742,291,0
3743,291,1
3744,291,2
3745,291,3
3746,291,4
3747,291,15
3748,291,16
3749,291,17
3750,291,18
3751,291,19
3752,291,20
3753,291,21
3754,291,22
3755,291,23
3756,292,0
3757,292,1
3758,292,2
3759,292,3
3760,292,4
3761,292,15
3762,292,16
3763,292,17
3764,292,18
3765,292,19
3766,292,20
3767,292,21
3768,292,22
3769,292,23
3770,293,0
3771,293,1
3772,293,2
3773,293,3
3774,293,4
3775,293,5
3776,293,15
3777,293,16
3778,293,17
3779,293,18
3780,293,19
3781,293,20
3782,293,21
3783,293,22
3784,293,23
3785,294,0
3786,294,1
3787,294,2
3788,294,3
3789,294,4
3790,294,5
3791,294,15
3792,294,16
3793,294,17
3794,294,18
3795,294,19
3796,294,20
3797,294,21
3798,294,22
3799,294,23
3800,295,0
3801,295,1
3802,295,2
3803,295,3
3804,295,4
3805,295,5
3806,295,15
3807,295,16
3808,295,17
3809,295,18
3810,295,19
3811,295,20
3812,295,21
3813,295,22
3814,295,23
3815,296,0
3816,296,1
3817,296,2
3818,296,3
3819,296,4
3820,296,5
3821,296,15
3822,296,16
3823,296,17
3824,296,18
3825,296,19
3826,296,20
3827,296,21
3828,296,22
3829,296,23
3830,297,0
3831,297,1
3832,297,2
3833,297,3
3834,297,4
3835,297,5
3836,297,15
3837,297,16
3838,297,17
3839,297,18
3840,297,19
3841,297,20
3842,297,21
3843,297,22
3844,297,23
3845,298,0
3846,298,1
3847,298,2
3848,298,3
3849,298,4
3850,298,5
3851,298,15
3852,298,16
3853,298,17
3854,298,18
3855,298,19
3856,298,20
3857,298,21
3858,298,22
3859,298,23
3860,299,0
3861,299,1
3862,299,2
3863,299,3
3864,299,4
3865,299,5
3866,299,15
3867,299,16
3868,299,17
3869,299,18
3870,299,19
3871,299,20
3872,299,21
3873,299,22
3874,299,23
3875,300,0
3876,300,1
3877,300,2
3878,300,3
3879,300,4
3880,300,5
3881,300,15
3882,300,16
3883,300,17
3884,300,18
3885,300,19
3886,300,20
3887,300,21
3888,300,22
3889,300,23
3890,301,0
3891,301,1
3892,301,2
3893,301,3
3894,301,4
3895,301,5
3896,301,15
3897,301,16
3898,301,17
3899,301,18
3900,301,19
3901,301,20
3902,301,21
3903,301,22
3904,301,23
3905,302,0
3906,302,1
3907,302,2
3908,302,3
3909,302,4
3910,302,5
3911,302,15
3912,302,16
3913,302,17
3914,302,18
3915,302,19
3916,302,20
3917,302,21
3918,302,22
3919,302,23
3920,303,0
3921,303,1
3922,303,2
3923,303,3
3924,303,4
3925,303,5
3926,303,15
3927,303,16
3928,303,17
3929,303,18
3930,303,19
3931,303,20
3932,303,21
3933,303,22
3934,303,23
3935,304,0
3936,304,1
3937,304,2
3938,304,3
3939,304,4
3940,304,5
3941,304,14
3942,304,15
3943,304,16
3944,304,17
3945,304,18
3946,304,19
3947,304,20
3948,304,21
3949,304,22
3950,304,23
3951,305,0
3952,305,1
3953,305,2
3954,305,3
3955,305,4
3956,305,5
3957,305,14
3958,305,15
3959,305,16
3960,305,17
3961,305,18
3962,305,19
3963,305,20
3964,305,21
3965,305,22
3966,305,23
3967,306,0
3968,306,1
3969,306,2
3970,306,3
3971,306,4
3972,306,5
3973,306,14
3974,306,15
3975,306,16
3976,306,17
3977,306,18
3978,306,19
3979,306,20
3980,306,21
3981,306,22
3982,306,23
3983,307,0
3984,307,1
3985,307,2
3986,307,3
3987,307,4
3988,307,5
3989,307,14
3990,307,15
3991,307,16
3992,307,17
3993,307,18
3994,307,19
3995,307,20
3996,307,21
3997,307,22
3998,307,23
3999,308,0
4000,308,1
4001,308,2
4002,308,3
4003,308,4
4004,308,5
4005,308,14
4006,308,15
4007,308,16
4008,308,17
4009,308,18
4010,308,19
4011,308,20
4012,308,21
4013,308,22
4014,308,23
4015,309,0
4016,309,1
4017,309,2
4018,309,3
4019,309,4
4020,309,5
4021,309,14
4022,309,15
4023,309,16
4024,309,17
4025,309,18
4026,309,19
4027,309,20
4028,309,21
4029,309,22
4030,309,23
4031,310,0
4032,310,1
4033,310,2
4034,310,3
4035,310,4
4036,310,5
4037,310,14
4038,310,15
4039,310,16
4040,310,17
4041,310,18
4042,310,19
4043,310,20
4044,310,21
4045,310,22
4046,310,23
4047,311,0
4048,311,1
4049,311,2
4050,311,3
4051,311,4
4052,311,5
4053,311,14
4054,311,15
4055,311,16
4056,311,17
4057,311,18
4058,311,19
4059,311,20
4060,311,21
4061,311,22
4062,311,23
4063,312,0
4064,312,1
4065,312,2
4066,312,3
4067,312,4
4068,312,5
4069,312,14
4070,312,15
4071,312,16
4072,312,17
4073,312,18
4074,312,19
4075,312,20
4076,312,21
4077,312,22
4078,312,23
4079,313,0
4080,313,1
4081,313,2
4082,313,3
4083,313,4
4084,313,5
4085,313,14
4086,313,15
4087,313,16
4088,313,17
4089,313,18
4090,313,19
4091,313,20
4092,313,21
4093,313,22
4094,313,23
4095,314,0
4096,314,1
4097,314,2
4098,314,3
4099,314,4
4100,314,5
4101,314,14
4102,314,15
4103,314,16
4104,314,17
4105,314,18
4106,314,19
4107,314,20
4108,314,21
4109,314,22
4110,314,23
4111,315,0
4112,315,1
4113,315,2
4114,315,3
4115,315,4
4116,315,5
4117,315,14
4118,315,15
4119,315,16
4120,315,17
4121,315,18
4122,315,19
4123,315,20
4124,315,21
4125,315,22
4126,315,23
4127,316,0
4128,316,1
4129,316,2
4130,316,3
4131,316,4
4132,316,5
4133,316,14
4134,316,15
4135,316,16
4136,316,17
4137,316,18
4138,316,19
4139,316,20
4140,316,21
4141,316,22
4142,316,23
4143,317,0
4144,317,1
4145,317,2
4146,317,3
4147,317,4
4148,317,5
4149,317,14
4150,317,15
4151,317,16
4152,317,17
4153,317,18
4154,317,19
4155,317,20
4156,317,21
4157,317,22
4158,317,23
4159,318,0
4160,318,1
4161,318,2
4162,318,3
4163,318,4
4164,318,5
4165,318,14
4166,318,15
4167,318,16
4168,318,17
4169,318,18
4170,318,19
4171,318,20
4172,318,21
4173,318,22
4174,318,23
4175,319,0
4176,319,1
4177,319,2
4178,319,3
4179,319,4
4180,319,5
4181,319,14
4182,319,15
4183,319,16
4184,319,17
4185,319,18
4186,319,19
4187,319,20
4188,319,21
4189,319,22
4190,319,23
4191,320,0
4192,320,1
4193,320,2
4194,320,3
4195,320,4
4196,320,5
4197,320,14
4198,320,15
4199,320,16
4200,320,17
4201,320,18
4202,320,19
4203,320,20
4204,320,21
4205,320,22
4206,320,23
4207,321,0
4208,321,1
4209,321,2
4210,321,3
4211,321,4
4212,321,5
4213,321,14
4214,321,15
4215,321,16
4216,321,17
4217,321,18
4218,321,19
4219,321,20
4220,321,21
4221,321,22
4222,321,23
4223,322,0
4224,322,1
4225,322,2
4226,322,3
4227,322,4
4228,322,5
4229,322,14
4230,322,15
4231,322,16
4232,322,17
4233,322,18
4234,322,19
4235,322,20
4236,322,21
4237,322,22
4238,322,23
4239,323,0
4240,323,1
4241,323,2
4242,323,3
4243,323,4
4244,323,5
4245,323,14
4246,323,15
4247,323,16
4248,323,17
4249,323,18
4250,323,19
4251,323,20
4252,323,21
4253,323,22
4254,323,23
4255,324,0
4256,324,1
4257,324,2
4258,324,3
4259,324,4
4260,324,5
4261,324,14
4262,324,15
4263,324,16
4264,324,17
4265,324,18
4266,324,19
4267,324,20
4268,324,21
4269,324,22
4270,324,23
4271,325,0
4272,325,1
4273,325,2
4274,325,3
4275,325,4
4276,325,5
4277,325,6
4278,325,14
4279,325,15
4280,325,16
4281,325,17
4282,325,18
4283,325,19
4284,325,20
4285,325,21
4286,325,22
4287,325,23
4288,326,0
4289,326,1
4290,326,2
4291,326,3
4292,326,4
4293,326,5
4294,326,6
4295,326,14
4296,326,15
4297,326,16
4298,326,17
4299,326,18
4300,326,19
4301,326,20
4302,326,21
4303,326,22
4304,326,23
4305,327,0
4306,327,1
4307,327,2
4308,327,3
4309,327,4
4310,327,5
4311,327,6
4312,327,14
4313,327,15
4314,327,16
4315,327,17
4316,327,18
4317,327,19
4318,327,20
4319,327,21
4320,327,22
4321,327,23
4322,328,0
4323,328,1
4324,328,2
4325,328,3
4326,328,4
4327,328,5
4328,328,6
4329,328,14
4330,328,15
4331,328,16
4332,328,17
4333,328,18
4334,328,19
4335,328,20
4336,328,21
4337,328,22
4338,328,23
4339,329,0
4340,329,1
4341,329,2
4342,329,3
4343,329,4
4344,329,5
4345,329,6
4346,329,14
4347,329,15
4348,329,16
4349,329,17
4350,329,18
4351,329,19
4352,329,20
4353,329,21
4354,329,22
4355,329,23
4356,330,0
4357,330,1
4358,330,2
4359,330,3
4360,330,4
4361,330,5
4362,330,6
4363,330,14
4364,330,15
4365,330,16
4366,330,17
4367,330,18
4368,330,19
4369,330,20
4370,330,21
4371,330,22
4372,330,23
4373,331,0
4374,331,1
4375,331,2
4376,331,3
4377,331,4
4378,331,5
4379,331,6
4380,331,14
4381,331,15
4382,331,16
4383,331,17
4384,331,18
4385,331,19
4386,331,20
4387,331,21
4388,331,22
4389,331,23
4390,332,0
4391,332,1
4392,332,2
4393,332,3
4394,332,4
4395,332,5
4396,332,6
4397,332,14
4398,332,15
4399,332,16
4400,332,17
4401,332,18
4402,332,19
4403,332,20
4404,332,21
4405,332,22
4406,332,23
4407,333,0
4408,333,1
4409,333,2
4410,333,3
4411,333,4
4412,333,5
4413,333,6
4414,333,14
4415,333,15
4416,333,16
4417,333,17
4418,333,18
4419,333,19
4420,333,20
4421,333,21
4422,333,22
4423,333,23
4424,334,0
4425,334,1
4426,334,2
4427,334,3
4428,334,4
4429,334,5
4430,334,6
4431,334,14
4432,334,15
4433,334,16
4434,334,17
4435,334,18
4436,334,19
4437,334,20
4438,334,21
4439,334,22
4440,334,23
4441,335,0
4442,335,1
4443,335,2
4444,335,3
4445,335,4
4446,335,5
4447,335,6
4448,335,14
4449,335,15
4450,335,16
4451,335,17
4452,335,18
4453,335,19
4454,335,20
4455,335,21
4456,335,22
4457,335,23
4458,336,0
4459,336,1
4460,336,2
4461,336,3
4462,336,4
4463,336,5
4464,336,6
4465,336,14
4466,336,15
4467,336,16
4468,336,17
4469,336,18
4470,336,19
4471,336,20
4472,336,21
4473,336,22
4474,336,23
4475,337,0
4476,337,1
4477,337,2
4478,337,3
4479,337,4
4480,337,5
4481,337,6
4482,337,14
4483,337,15
4484,337,16
4485,337,17
4486,337,18
4487,337,19
4488,337,20
4489,337,21
4490,337,22
4491,337,23
4492,338,0
4493,338,1
4494,338,2
4495,338,3
4496,338,4
4497,338,5
4498,338,6
4499,338,14
4500,338,15
4501,338,16
4502,338,17
4503,338,18
4504,338,19
4505,338,20
4506,338,21
4507,338,22
4508,338,23
4509,339,0
4510,339,1
4511,339,2
4512,339,3
4513,339,4
4514,339,5
4515,339,6
4516,339,14
4517,339,15
4518,339,16
4519,339,17
4520,339,18
4521,339,19
4522,339,20
4523,339,21
4524,339,22
4525,339,23
4526,340,0
4527,340,1
4528,340,2
4529,340,3
4530,340,4
4531,340,5
4532,340,6
4533,340,14
4534,340,15
4535,340,16
4536,340,17
4537,340,18
4538,340,19
4539,340,20
4540,340,21
4541,340,22
4542,340,23
4543,341,0
4544,341,1
4545,341,2
4546,341,3
4547,341,4
4548,341,5
4549,341,6
4550,341,14
4551,341,15
4552,341,16
4553,341,17
4554,341,18
4555,341,19
4556,341,20
4557,341,21
4558,341,22
4559,341,23
4560,342,0
4561,342,1
4562,342,2
4563,342,3
4564,342,4
4565,342,5
4566,342,6
4567,342,14
4568,342,15
4569,342,16
4570,342,17
4571,342,18
4572,342,19
4573,342,20
4574,342,21
4575,342,22
4576,342,23
4577,343,0
4578,343,1
4579,343,2
4580,343,3
4581,343,4
4582,343,5
4583,343,6
4584,343,14
4585,343,15
4586,343,16
4587,343,17
4588,343,18
4589,343,19
4590,343,20
4591,343,21
4592,343,22
4593,343,23
4594,344,0
4595,344,1
4596,344,2
4597,344,3
4598,344,4
4599,344,5
4600,344,6
4601,344,14
4602,344,15
4603,344,16
4604,344,17
4605,344,18
4606,344,19
4607,344,20
4608,344,21
4609,344,22
4610,344,23
4611,345,0
4612,345,1
4613,345,2
4614,345,3
4615,345,4
4616,345,5
4617,345,6
4618,345,14
4619,345,15
4620,345,16
4621,345,17
4622,345,18
4623,345,19
4624,345,20
4625,345,21
4626,345,22
4627,345,23
4628,346,0
4629,346,1
4630,346,2
4631,346,3
4632,346,4
4633,346,5
4634,346,6
4635,346,14
4636,346,15
4637,346,16
4638,346,17
4639,346,18
4640,346,19
4641,346,20
4642,346,21
4643,346,22
4644,346,23
4645,347,0
4646,347,1
4647,347,2
4648,347,3
4649,347,4
4650,347,5
4651,347,6
4652,347,14
4653,347,15
4654,347,16
4655,347,17
4656,347,18
4657,347,19
4658,347,20
4659,347,21
4660,347,22
4661,347,23
4662,348,0
4663,348,1
4664,348,2
4665,348,3
4666,348,4
4667,348,5
4668,348,6
4669,348,14
4670,348,15
4671,348,16
4672,348,17
4673,348,18
4674,348,19
4675,348,20
4676,348,21
4677,348,22
4678,348,23
4679,349,0
4680,349,1
4681,349,2
4682,349,3
4683,349,4
4684,349,5
4685,349,6
4686,349,14
4687,349,15
4688,349,16
4689,349,17
4690,349,18
4691,349,19
4692,349,20
4693,349,21
4694,349,22
4695,349,23
4696,350,0
4697,350,1
4698,350,2
4699,350,3
4700,350,4
4701,350,5
4702,350,6
4703,350,14
4704,350,15
4705,350,16
4706,350,17
4707,350,18
4708,350,19
4709,350,20
4710,350,21
4711,350,22
4712,350,23
4713,351,0
4714,351,1
4715,351,2
4716,351,3
4717,351,4
4718,351,5
4719,351,6
4720,351,14
4721,351,15
4722,351,16
4723,351,17
4724,351,18
4725,351,19
4726,351,20
4727,351,21
4728,351,22
4729,351,23
4730,352,0
4731,352,1
4732,352,2
4733,352,3
4734,352,4
4735,352,5
4736,352,6
4737,352,14
4738,352,15
4739,352,16
4740,352,17
4741,352,18
4742,352,19
4743,352,20
4744,352,21
4745,352,22
4746,352,23
4747,353,0
4748,353,1
4749,353,2
4750,353,3
4751,353,4
4752,353,5
4753,353,6
4754,353,14
4755,353,15
4756,353,16
4757,353,17
4758,353,18
4759,353,19
4760,353,20
4761,353,21
4762,353,22
4763,353,23
4764,354,0
4765,354,1
4766,354,2
4767,354,3
4768,354,4
4769,354,5
4770,354,6
4771,354,14
4772,354,15
4773,354,16
4774,354,17
4775,354,18
4776,354,19
4777,354,20
4778,354,21
4779,354,22
4780,354,23
4781,355,0
4782,355,1
4783,355,2
4784,355,3
4785,355,4
4786,355,5
4787,355,6
4788,355,14
4789,355,15
4790,355,16
4791,355,17
4792,355,18
4793,355,19
4794,355,20
4795,355,21
4796,355,22
4797,355,23
4798,356,0
4799,356,1
4800,356,2
4801,356,3
4802,356,4
4803,356,5
4804,356,6
4805,356,14
4806,356,15
4807,356,16
4808,356,17
4809,356,18
4810,356,19
4811,356,20
4812,356,21
4813,356,22
4814,356,23
4815,357,0
4816,357,1
4817,357,2
4818,357,3
4819,357,4
4820,357,5
4821,357,6
4822,357,14
4823,357,15
4824,357,16
4825,357,17
4826,357,18
4827,357,19
4828,357,20
4829,357,21
4830,357,22
4831,357,23
4832,358,0
4833,358,1
4834,358,2
4835,358,3
4836,358,4
4837,358,5
4838,358,6
4839,358,14
4840,358,15
4841,358,16
4842,358,17
4843,358,18
4844,358,19
4845,358,20
4846,358,21
4847,358,22
4848,358,23
4849,359,0
4850,359,1
4851,359,2
4852,359,3
4853,359,4
4854,359,5
4855,359,6
4856,359,13
4857,359,14
4858,359,15
4859,359,16
4860,359,17
4861,359,18
4862,359,19
4863,359,20
4864,359,21
4865,359,22
4866,359,23
4867,360,0
4868,360,1
4869,360,2
4870,360,3
4871,360,4
4872,360,5
4873,360,6
4874,360,14
4875,360,15
4876,360,16
4877,360,17
4878,360,18
4879,360,19
4880,360,20
4881,360,21
4882,360,22
4883,360,23
4884,361,0
4885,361,1
4886,361,2
4887,361,3
4888,361,4
4889,361,5
4890,361,6
4891,361,13
4892,361,14
4893,361,15
4894,361,16
4895,361,17
4896,361,18
4897,361,19
4898,361,20
4899,361,21
4900,361,22
4901,361,23
4902,362,0
4903,362,1
4904,362,2
4905,362,3
4906,362,4
4907,362,5
4908,362,6
4909,362,14
4910,362,15
4911,362,16
4912,362,17
4913,362,18
4914,362,19
4915,362,20
4916,362,21
4917,362,22
4918,362,23
4919,363,0
4920,363,1
4921,363,2
4922,363,3
4923,363,4
4924,363,5
4925,363,6
4926,363,14
4927,363,15
4928,363,16
4929,363,17
4930,363,18
4931,363,19
4932,363,20
4933,363,21
4934,363,22
4935,363,23
4936,364,0
4937,364,1
4938,364,2
4939,364,3
4940,364,4
4941,364,5
4942,364,6
4943,364,13
4944,364,14
4945,364,15
4946,364,16
4947,364,17
4948,364,18
4949,364,19
4950,364,20
4951,364,21
4952,364,22
4953,364,23
4954,365,0
4955,365,1
4956,365,2
4957,365,3
4958,365,4
4959,365,5
4960,365,6
4961,365,13
4962,365,14
4963,365,15
4964,365,16
4965,365,17
4966,365,18
4967,365,19
4968,365,20
4969,365,21
4970,365,22
4971,365,23
