,day,hour
0,1,0
1,1,1
2,1,2
3,1,3
4,1,4
5,1,5
6,1,14
7,1,15
8,1,16
9,1,17
10,1,18
11,1,19
12,1,20
13,1,21
14,1,22
15,1,23
16,2,0
17,2,1
18,2,2
19,2,3
20,2,4
21,2,5
22,2,15
23,2,16
24,2,17
25,2,18
26,2,19
27,2,20
28,2,21
29,2,22
30,2,23
31,3,0
32,3,1
33,3,2
34,3,3
35,3,4
36,3,5
37,3,15
38,3,16
39,3,17
40,3,18
41,3,19
42,3,20
43,3,21
44,3,22
45,3,23
46,4,0
47,4,1
48,4,2
49,4,3
50,4,4
51,4,5
52,4,15
53,4,16
54,4,17
55,4,18
56,4,19
57,4,20
58,4,21
59,4,22
60,4,23
61,5,0
62,5,1
63,5,2
64,5,3
65,5,4
66,5,5
67,5,15
68,5,16
69,5,17
70,5,18
71,5,19
72,5,20
73,5,21
74,5,22
75,5,23
76,6,0
77,6,1
78,6,2
79,6,3
80,6,4
81,6,5
82,6,15
83,6,16
84,6,17
85,6,18
86,6,19
87,6,20
88,6,21
89,6,22
90,6,23
91,7,0
92,7,1
93,7,2
94,7,3
95,7,4
96,7,5
97,7,15
98,7,16
99,7,17
100,7,18
101,7,19
102,7,20
103,7,21
104,7,22
105,7,23
106,8,0
107,8,1
108,8,2
109,8,3
110,8,4
111,8,5
112,8,15
113,8,16
114,8,17
115,8,18
116,8,19
117,8,20
118,8,21
119,8,22
120,8,23
121,9,0
122,9,1
123,9,2
124,9,3
125,9,4
126,9,5
127,9,15
128,9,16
129,9,17
130,9,18
131,9,19
132,9,20
133,9,21
134,9,22
135,9,23
136,10,0
137,10,1
138,10,2
139,10,3
140,10,4
141,10,5
142,10,15
143,10,16
144,10,17
145,10,18
146,10,19
147,10,20
148,10,21
149,10,22
150,10,23
151,11,0
152,11,1
153,11,2
154,11,3
155,11,4
156,11,5
157,11,15
158,11,16
159,11,17
160,11,18
161,11,19
162,11,20
163,11,21
164,11,22
165,11,23
166,12,0
167,12,1
168,12,2
169,12,3
170,12,4
171,12,5
172,12,15
173,12,16
174,12,17
175,12,18
176,12,19
177,12,20
178,12,21
179,12,22
180,12,23
181,13,0
182,13,1
183,13,2
184,13,3
185,13,4
186,13,5
187,13,15
188,13,16
189,13,17
190,13,18
191,13,19
192,13,20
193,13,21
194,13,22
195,13,23
196,14,0
197,14,1
198,14,2
199,14,3
200,14,4
201,14,5
202,14,15
203,14,16
204,14,17
205,14,18
206,14,19
207,14,20
208,14,21
209,14,22
210,14,23
211,15,0
212,15,1
213,15,2
214,15,3
215,15,4
216,15,5
217,15,15
218,15,16
219,15,17
220,15,18
221,15,19
222,15,20
223,15,21
224,15,22
225,15,23
226,16,0
227,16,1
228,16,2
229,16,3
230,16,4
231,16,5
232,16,15
233,16,16
234,16,17
235,16,18
236,16,19
237,16,20
238,16,21
239,16,22
240,16,23
241,17,0
242,17,1
243,17,2
244,17,3
245,17,4
246,17,5
247,17,15
248,17,16
249,17,17
250,17,18
251,17,19
252,17,20
253,17,21
254,17,22
255,17,23
256,18,0
257,18,1
258,18,2
259,18,3
260,18,4
261,18,5
262,18,15
263,18,16
264,18,17
265,18,18
266,18,19
267,18,20
268,18,21
269,18,22
270,18,23
271,19,0
272,19,1
273,19,2
274,19,3
275,19,4
276,19,5
277,19,15
278,19,16
279,19,17
280,19,18
281,19,19
282,19,20
283,19,21
284,19,22
285,19,23
286,20,0
287,20,1
288,20,2
289,20,3
290,20,4
291,20,5
292,20,15
293,20,16
294,20,17
295,20,18
296,20,19
297,20,20
298,20,21
299,20,22
300,20,23
301,21,0
302,21,1
303,21,2
304,21,3
305,21,4
306,21,5
307,21,15
308,21,16
309,21,17
310,21,18
311,21,19
312,21,20
313,21,21
314,21,22
315,21,23
316,22,0
317,22,1
318,22,2
319,22,3
320,22,4
321,22,5
322,22,15
323,22,16
324,22,17
325,22,18
326,22,19
327,22,20
328,22,21
329,22,22
330,22,23
331,23,0
332,23,1
333,23,2
334,23,3
335,23,4
336,23,5
337,23,15
338,23,16
339,23,17
340,23,18
341,23,19
342,23,20
343,23,21
344,23,22
345,23,23
346,24,0
347,24,1
348,24,2
349,24,3
350,24,4
351,24,5
352,24,15
353,24,16
354,24,17
355,24,18
356,24,19
357,24,20
358,24,21
359,24,22
360,24,23
361,25,0
362,25,1
363,25,2
364,25,3
365,25,4
366,25,5
367,25,15
368,25,16
369,25,17
370,25,18
371,25,19
372,25,20
373,25,21
374,25,22
375,25,23
376,26,0
377,26,1
378,26,2
379,26,3
380,26,4
381,26,5
382,26,15
383,26,16
384,26,17
385,26,18
386,26,19
387,26,20
388,26,21
389,26,22
390,26,23
391,27,0
392,27,1
393,27,2
394,27,3
395,27,4
396,27,5
397,27,15
398,27,16
399,27,17
400,27,18
401,27,19
402,27,20
403,27,21
404,27,22
405,27,23
406,28,0
407,28,1
408,28,2
409,28,3
410,28,4
411,28,5
412,28,15
413,28,16
414,28,17
415,28,18
416,28,19
417,28,20
418,28,21
419,28,22
420,28,23
421,29,0
422,29,1
423,29,2
424,29,3
425,29,4
426,29,5
427,29,15
428,29,16
429,29,17
430,29,18
431,29,19
432,29,20
433,29,21
434,29,22
435,29,23
436,30,0
437,30,1
438,30,2
439,30,3
440,30,4
441,30,5
442,30,15
443,30,16
444,30,17
445,30,18
446,30,19
447,30,20
448,30,21
449,30,22
450,30,23
451,31,0
452,31,1
453,31,2
454,31,3
455,31,4
456,31,5
457,31,15
458,31,16
459,31,17
460,31,18
461,31,19
462,31,20
463,31,21
464,31,22
465,31,23
466,32,0
467,32,1
468,32,2
469,32,3
470,32,4
471,32,5
472,32,15
473,32,16
474,32,17
475,32,18
476,32,19
477,32,20
478,32,21
479,32,22
480,32,23
481,33,0
482,33,1
483,33,2
484,33,3
485,33,4
486,33,5
487,33,15
488,33,16
489,33,17
490,33,18
491,33,19
492,33,20
493,33,21
494,33,22
495,33,23
496,34,0
497,34,1
498,34,2
499,34,3
500,34,4
501,34,5
502,34,15
503,34,16
504,34,17
505,34,18
506,34,19
507,34,20
508,34,21
509,34,22
510,34,23
511,35,0
512,35,1
513,35,2
514,35,3
515,35,4
516,35,5
517,35,15
518,35,16
519,35,17
520,35,18
521,35,19
522,35,20
523,35,21
524,35,22
525,35,23
526,36,0
527,36,1
528,36,2
529,36,3
530,36,4
531,36,5
532,36,15
533,36,16
534,36,17
535,36,18
536,36,19
537,36,20
538,36,21
539,36,22
540,36,23
541,37,0
542,37,1
543,37,2
544,37,3
545,37,4
546,37,5
547,37,15
548,37,16
549,37,17
550,37,18
551,37,19
552,37,20
553,37,21
554,37,22
555,37,23
556,38,0
557,38,1
558,38,2
559,38,3
560,38,4
561,38,5
562,38,15
563,38,16
564,38,17
565,38,18
566,38,19
567,38,20
568,38,21
569,38,22
570,38,23
571,39,0
572,39,1
573,39,2
574,39,3
575,39,4
576,39,5
577,39,15
578,39,16
579,39,17
580,39,18
581,39,19
582,39,20
583,39,21
584,39,22
585,39,23
586,40,0
587,40,1
588,40,2
589,40,3
590,40,4
591,40,5
592,40,15
593,40,16
594,40,17
595,40,18
596,40,19
597,40,20
598,40,21
599,40,22
600,40,23
601,41,0
602,41,1
603,41,2
604,41,3
605,41,4
606,41,5
607,41,15
608,41,16
609,41,17
610,41,18
611,41,19
612,41,20
613,41,21
614,41,22
615,41,23
616,42,0
617,42,1
618,42,2
619,42,3
620,42,4
621,42,5
622,42,15
623,42,16
624,42,17
625,42,18
626,42,19
627,42,20
628,42,21
629,42,22
630,42,23
631,43,0
632,43,1
633,43,2
634,43,3
635,43,4
636,43,5
637,43,15
638,43,16
639,43,17
640,43,18
641,43,19
642,43,20
643,43,21
644,43,22
645,43,23
646,44,0
647,44,1
648,44,2
649,44,3
650,44,4
651,44,5
652,44,15
653,44,16
654,44,17
655,44,18
656,44,19
657,44,20
658,44,21
659,44,22
660,44,23
661,45,0
662,45,1
663,45,2
664,45,3
665,45,4
666,45,5
667,45,15
668,45,16
669,45,17
670,45,18
671,45,19
672,45,20
673,45,21
674,45,22
675,45,23
676,46,0
677,46,1
678,46,2
679,46,3
680,46,4
681,46,5
682,46,15
683,46,16
684,46,17
685,46,18
686,46,19
687,46,20
688,46,21
689,46,22
690,46,23
691,47,0
692,47,1
693,47,2
694,47,3
695,47,4
696,47,5
697,47,15
698,47,16
699,47,17
700,47,18
701,47,19
702,47,20
703,47,21
704,47,22
705,47,23
706,48,0
707,48,1
708,48,2
709,48,3
710,48,4
711,48,5
712,48,15
713,48,16
714,48,17
715,48,18
716,48,19
717,48,20
718,48,21
719,48,22
720,48,23
721,49,0
722,49,1
723,49,2
724,49,3
725,49,4
726,49,5
727,49,15
728,49,16
729,49,17
730,49,18
731,49,19
732,49,20
733,49,21
734,49,22
735,49,23
736,50,0
737,50,1
738,50,2
739,50,3
740,50,4
741,50,5
742,50,15
743,50,16
744,50,17
745,50,18
746,50,19
747,50,20
748,50,21
749,50,22
750,50,23
751,51,0
752,51,1
753,51,2
754,51,3
755,51,4
756,51,5
757,51,15
758,51,16
759,51,17
760,51,18
761,51,19
762,51,20
763,51,21
764,51,22
765,51,23
766,52,0
767,52,1
768,52,2
769,52,3
770,52,4
771,52,5
772,52,15
773,52,16
774,52,17
775,52,18
776,52,19
777,52,20
778,52,21
779,52,22
780,52,23
781,53,0
782,53,1
783,53,2
784,53,3
785,53,4
786,53,5
787,53,15
788,53,16
789,53,17
790,53,18
791,53,19
792,53,20
793,53,21
794,53,22
795,53,23
796,54,0
797,54,1
798,54,2
799,54,3
800,54,4
801,54,5
802,54,15
803,54,16
804,54,17
805,54,18
806,54,19
807,54,20
808,54,21
809,54,22
810,54,23
811,55,0
812,55,1
813,55,2
814,55,3
815,55,4
816,55,5
817,55,15
818,55,16
819,55,17
820,55,18
821,55,19
822,55,20
823,55,21
824,55,22
825,55,23
826,56,0
827,56,1
828,56,2
829,56,3
830,56,4
831,56,5
832,56,15
833,56,16
834,56,17
835,56,18
836,56,19
837,56,20
838,56,21
839,56,22
840,56,23
841,57,0
842,57,1
843,57,2
844,57,3
845,57,4
846,57,5
847,57,15
848,57,16
849,57,17
850,57,18
851,57,19
852,57,20
853,57,21
854,57,22
855,57,23
856,58,0
857,58,1
858,58,2
859,58,3
860,58,4
861,58,5
862,58,15
863,58,16
864,58,17
865,58,18
866,58,19
867,58,20
868,58,21
869,58,22
870,58,23
871,59,0
872,59,1
873,59,2
874,59,3
875,59,4
876,59,5
877,59,15
878,59,16
879,59,17
880,59,18
881,59,19
882,59,20
883,59,21
884,59,22
885,59,23
886,60,0
887,60,1
888,60,2
889,60,3
890,60,4
891,60,15
892,60,16
893,60,17
894,60,18
895,60,19
896,60,20
897,60,21
898,60,22
899,60,23
900,61,0
901,61,1
902,61,2
903,61,3
904,61,4
905,61,15
906,61,16
907,61,17
908,61,18
909,61,19
910,61,20
911,61,21
912,61,22
913,61,23
914,62,0
915,62,1
916,62,2
917,62,3
918,62,4
919,62,15
920,62,16
921,62,17
922,62,18
923,62,19
924,62,20
925,62,21
926,62,22
927,62,23
928,63,0
929,63,1
930,63,2
931,63,3
932,63,4
933,63,16
934,63,17
935,63,18
936,63,19
937,63,20
938,63,21
939,63,22
940,63,23
941,64,0
942,64,1
943,64,2
944,64,3
945,64,4
946,64,16
947,64,17
948,64,18
949,64,19
950,64,20
951,64,21
952,64,22
953,64,23
954,65,0
955,65,1
956,65,2
957,65,3
958,65,4
959,65,16
960,65,17
961,65,18
962,65,19
963,65,20
964,65,21
965,65,22
966,65,23
967,66,0
968,66,1
969,66,2
970,66,3
971,66,4
972,66,16
973,66,17
974,66,18
975,66,19
976,66,20
977,66,21
978,66,22
979,66,23
980,67,0
981,67,1
982,67,2
983,67,3
984,67,4
985,67,16
986,67,17
987,67,18
988,67,19
989,67,20
990,67,21
991,67,22
992,67,23
993,68,0
994,68,1
995,68,2
996,68,3
997,68,4
998,68,16
999,68,17
1000,68,18
1001,68,19
1002,68,20
1003,68,21
1004,68,22
1005,68,23
1006,69,0
1007,69,1
1008,69,2
1009,69,3
1010,69,4
1011,69,16
1012,69,17
1013,69,18
1014,69,19
1015,69,20
1016,69,21
1017,69,22
1018,69,23
1019,70,0
1020,70,1
1021,70,2
1022,70,3
1023,70,4
1024,70,16
1025,70,17
1026,70,18
1027,70,19
1028,70,20
1029,70,21
1030,70,22
1031,70,23
1032,71,0
1033,71,1
1034,71,2
1035,71,3
1036,71,4
1037,71,16
1038,71,17
1039,71,18
1040,71,19
1041,71,20
1042,71,21
1043,71,22
1044,71,23
1045,72,0
1046,72,1
1047,72,2
1048,72,3
1049,72,4
1050,72,16
1051,72,17
1052,72,18
1053,72,19
1054,72,20
1055,72,21
1056,72,22
1057,72,23
1058,73,0
1059,73,1
1060,73,2
1061,73,3
1062,73,4
1063,73,16
1064,73,17
1065,73,18
1066,73,19
1067,73,20
1068,73,21
1069,73,22
1070,73,23
1071,74,0
1072,74,1
1073,74,2
1074,74,3
1075,74,4
1076,74,16
1077,74,17
1078,74,18
1079,74,19
1080,74,20
1081,74,21
1082,74,22
1083,74,23
1084,75,0
1085,75,1
1086,75,2
1087,75,3
1088,75,4
1089,75,16
1090,75,17
1091,75,18
1092,75,19
1093,75,20
1094,75,21
1095,75,22
1096,75,23
1097,76,0
1098,76,1
1099,76,2
1100,76,3
1101,76,4
1102,76,16
1103,76,17
1104,76,18
1105,76,19
1106,76,20
1107,76,21
1108,76,22
1109,76,23
1110,77,0
1111,77,1
1112,77,2
1113,77,3
1114,77,4
1115,77,16
1116,77,17
1117,77,18
1118,77,19
1119,77,20
1120,77,21
1121,77,22
1122,77,23
1123,78,0
1124,78,1
1125,78,2
1126,78,3
1127,78,4
1128,78,16
1129,78,17
1130,78,18
1131,78,19
1132,78,20
1133,78,21
1134,78,22
1135,78,23
1136,79,0
1137,79,1
1138,79,2
1139,79,3
1140,79,4
1141,79,16
1142,79,17
1143,79,18
1144,79,19
1145,79,20
1146,79,21
1147,79,22
1148,79,23
1149,80,0
1150,80,1
1151,80,2
1152,80,3
1153,80,4
1154,80,16
1155,80,17
1156,80,18
1157,80,19
1158,80,20
1159,80,21
1160,80,22
1161,80,23
1162,81,0
1163,81,1
1164,81,2
1165,81,3
1166,81,4
1167,81,16
1168,81,17
1169,81,18
1170,81,19
1171,81,20
1172,81,21
1173,81,22
1174,81,23
1175,82,0
1176,82,1
1177,82,2
1178,82,3
1179,82,4
1180,82,16
1181,82,17
1182,82,18
1183,82,19
1184,82,20
1185,82,21
1186,82,22
1187,82,23
1188,83,0
1189,83,1
1190,83,2
1191,83,3
1192,83,4
1193,83,16
1194,83,17
1195,83,18
1196,83,19
1197,83,20
1198,83,21
1199,83,22
1200,83,23
1201,84,0
1202,84,1
1203,84,2
1204,84,3
1205,84,4
1206,84,16
1207,84,17
1208,84,18
1209,84,19
1210,84,20
1211,84,21
1212,84,22
1213,84,23
1214,85,0
1215,85,1
1216,85,2
1217,85,3
1218,85,4
1219,85,16
1220,85,17
1221,85,18
1222,85,19
1223,85,20
1224,85,21
1225,85,22
1226,85,23
1227,86,0
1228,86,1
1229,86,2
1230,86,3
1231,86,4
1232,86,16
1233,86,17
1234,86,18
1235,86,19
1236,86,20
1237,86,21
1238,86,22
1239,86,23
1240,87,0
1241,87,1
1242,87,2
1243,87,3
1244,87,4
1245,87,16
1246,87,17
1247,87,18
1248,87,19
1249,87,20
1250,87,21
1251,87,22
1252,87,23
1253,88,0
1254,88,1
1255,88,2
1256,88,3
1257,88,4
1258,88,16
1259,88,17
1260,88,18
1261,88,19
1262,88,20
1263,88,21
1264,88,22
1265,88,23
1266,89,0
1267,89,1
1268,89,2
1269,89,3
1270,89,4
1271,89,16
1272,89,17
1273,89,18
1274,89,19
1275,89,20
1276,89,21
1277,89,22
1278,89,23
1279,90,0
1280,90,1
1281,90,2
1282,90,3
1283,90,4
1284,90,16
1285,90,17
1286,90,18
1287,90,19
1288,90,20
1289,90,21
1290,90,22
1291,90,23
1292,91,0
1293,91,1
1294,91,2
1295,91,3
1296,91,4
1297,91,16
1298,91,17
1299,91,18
1300,91,19
1301,91,20
1302,91,21
1303,91,22
1304,91,23
1305,92,0
1306,92,1
1307,92,2
1308,92,3
1309,92,4
1310,92,16
1311,92,17
1312,92,18
1313,92,19
1314,92,20
1315,92,21
1316,92,22
1317,92,23
1318,93,0
1319,93,1
1320,93,2
1321,93,3
1322,93,4
1323,93,16
1324,93,17
1325,93,18
1326,93,19
1327,93,20
1328,93,21
1329,93,22
1330,93,23
1331,94,0
1332,94,1
1333,94,2
1334,94,3
1335,94,4
1336,94,16
1337,94,17
1338,94,18
1339,94,19
1340,94,20
1341,94,21
1342,94,22
1343,94,23
1344,95,0
1345,95,1
1346,95,2
1347,95,3
1348,95,4
1349,95,16
1350,95,17
1351,95,18
1352,95,19
1353,95,20
1354,95,21
1355,95,22
1356,95,23
1357,96,0
1358,96,1
1359,96,2
1360,96,3
1361,96,4
1362,96,16
1363,96,17
1364,96,18
1365,96,19
1366,96,20
1367,96,21
1368,96,22
1369,96,23
1370,97,0
1371,97,1
1372,97,2
1373,97,3
1374,97,4
1375,97,16
1376,97,17
1377,97,18
1378,97,19
1379,97,20
1380,97,21
1381,97,22
1382,97,23
1383,98,0
1384,98,1
1385,98,2
1386,98,3
1387,98,4
1388,98,16
1389,98,17
1390,98,18
1391,98,19
1392,98,20
1393,98,21
1394,98,22
1395,98,23
1396,99,0
1397,99,1
1398,99,2
1399,99,3
1400,99,4
1401,99,16
1402,99,17
1403,99,18
1404,99,19
1405,99,20
1406,99,21
1407,99,22
1408,99,23
1409,100,0
1410,100,1
1411,100,2
1412,100,3
1413,100,4
1414,100,16
1415,100,17
1416,100,18
1417,100,19
1418,100,20
1419,100,21
1420,100,22
1421,100,23
1422,101,0
1423,101,1
1424,101,2
1425,101,3
1426,101,4
1427,101,16
1428,101,17
1429,101,18
1430,101,19
1431,101,20
1432,101,21
1433,101,22
1434,101,23
1435,102,0
1436,102,1
1437,102,2
1438,102,3
1439,102,4
1440,102,16
1441,102,17
1442,102,18
1443,102,19
1444,102,20
1445,102,21
1446,102,22
1447,102,23
1448,103,0
1449,103,1
1450,103,2
1451,103,3
1452,103,4
1453,103,16
1454,103,17
1455,103,18
1456,103,19
1457,103,20
1458,103,21
1459,103,22
1460,103,23
1461,104,0
1462,104,1
1463,104,2
1464,104,3
1465,104,4
1466,104,16
1467,104,17
1468,104,18
1469,104,19
1470,104,20
1471,104,21
1472,104,22
1473,104,23
1474,105,0
1475,105,1
1476,105,2
1477,105,3
1478,105,4
1479,105,16
1480,105,17
1481,105,18
1482,105,19
1483,105,20
1484,105,21
1485,105,22
1486,105,23
1487,106,0
1488,106,1
1489,106,2
1490,106,3
1491,106,4
1492,106,16
1493,106,17
1494,106,18
1495,106,19
1496,106,20
1497,106,21
1498,106,22
1499,106,23
1500,107,0
1501,107,1
1502,107,2
1503,107,3
1504,107,4
1505,107,16
1506,107,17
1507,107,18
1508,107,19
1509,107,20
1510,107,21
1511,107,22
1512,107,23
1513,108,0
1514,108,1
1515,108,2
1516,108,3
1517,108,4
1518,108,16
1519,108,17
1520,108,18
1521,108,19
1522,108,20
1523,108,21
1524,108,22
1525,108,23
1526,109,0
1527,109,1
1528,109,2
1529,109,3
1530,109,4
1531,109,16
1532,109,17
1533,109,18
1534,109,19
1535,109,20
1536,109,21
1537,109,22
1538,109,23
1539,110,0
1540,110,1
1541,110,2
1542,110,3
1543,110,4
1544,110,16
1545,110,17
1546,110,18
1547,110,19
1548,110,20
1549,110,21
1550,110,22
1551,110,23
1552,111,0
1553,111,1
1554,111,2
1555,111,3
1556,111,4
1557,111,16
1558,111,17
1559,111,18
1560,111,19
1561,111,20
1562,111,21
1563,111,22
1564,111,23
1565,112,0
1566,112,1
1567,112,2
1568,112,3
1569,112,4
1570,112,16
1571,112,17
1572,112,18
1573,112,19
1574,112,20
1575,112,21
1576,112,22
1577,112,23
1578,113,0
1579,113,1
1580,113,2
1581,113,3
1582,113,4
1583,113,16
1584,113,17
1585,113,18
1586,113,19
1587,113,20
1588,113,21
1589,113,22
1590,113,23
1591,114,0
1592,114,1
1593,114,2
1594,114,3
1595,114,4
1596,114,16
1597,114,17
1598,114,18
1599,114,19
1600,114,20
1601,114,21
1602,114,22
1603,114,23
1604,115,0
1605,115,1
1606,115,2
1607,115,3
1608,115,4
1609,115,16
1610,115,17
1611,115,18
1612,115,19
1613,115,20
1614,115,21
1615,115,22
1616,115,23
1617,116,0
1618,116,1
1619,116,2
1620,116,3
1621,116,4
1622,116,16
1623,116,17
1624,116,18
1625,116,19
1626,116,20
1627,116,21
1628,116,22
1629,116,23
1630,117,0
1631,117,1
1632,117,2
1633,117,3
1634,117,16
1635,117,17
1636,117,18
1637,117,19
1638,117,20
1639,117,21
1640,117,22
1641,117,23
1642,118,0
1643,118,1
1644,118,2
1645,118,3
1646,118,4
1647,118,16
1648,118,17
1649,118,18
1650,118,19
1651,118,20
1652,118,21
1653,118,22
1654,118,23
1655,119,0
1656,119,1
1657,119,2
1658,119,3
1659,119,4
1660,119,16
1661,119,17
1662,119,18
1663,119,19
1664,119,20
1665,119,21
1666,119,22
1667,119,23
1668,120,0
1669,120,1
1670,120,2
1671,120,3
1672,120,16
1673,120,17
1674,120,18
1675,120,19
1676,120,20
1677,120,21
1678,120,22
1679,120,23
1680,121,0
1681,121,1
1682,121,2
1683,121,3
1684,121,17
1685,121,18
1686,121,19
1687,121,20
1688,121,21
1689,121,22
1690,121,23
1691,122,0
1692,122,1
1693,122,2
1694,122,3
1695,122,17
1696,122,18
1697,122,19
1698,122,20
1699,122,21
1700,122,22
1701,122,23
1702,123,0
1703,123,1
1704,123,2
1705,123,3
1706,123,16
1707,123,17
1708,123,18
1709,123,19
1710,123,20
1711,123,21
1712,123,22
1713,123,23
1714,124,0
1715,124,1
1716,124,2
1717,124,3
1718,124,17
1719,124,18
1720,124,19
1721,124,20
1722,124,21
1723,124,22
1724,124,23
1725,125,0
1726,125,1
1727,125,2
1728,125,3
1729,125,17
1730,125,18
1731,125,19
1732,125,20
1733,125,21
1734,125,22
1735,125,23
1736,126,0
1737,126,1
1738,126,2
1739,126,3
1740,126,17
1741,126,18
1742,126,19
1743,126,20
1744,126,21
1745,126,22
1746,126,23
1747,127,0
1748,127,1
1749,127,2
1750,127,3
1751,127,17
1752,127,18
1753,127,19
1754,127,20
1755,127,21
1756,127,22
1757,127,23
1758,128,0
1759,128,1
1760,128,2
1761,128,3
1762,128,17
1763,128,18
1764,128,19
1765,128,20
1766,128,21
1767,128,22
1768,128,23
1769,129,0
1770,129,1
1771,129,2
1772,129,3
1773,129,17
1774,129,18
1775,129,19
1776,129,20
1777,129,21
1778,129,22
1779,129,23
1780,130,0
1781,130,1
1782,130,2
1783,130,3
1784,130,17
1785,130,18
1786,130,19
1787,130,20
1788,130,21
1789,130,22
1790,130,23
1791,131,0
1792,131,1
1793,131,2
1794,131,3
1795,131,17
1796,131,18
1797,131,19
1798,131,20
1799,131,21
1800,131,22
1801,131,23
1802,132,0
1803,132,1
1804,132,2
1805,132,3
1806,132,17
1807,132,18
1808,132,19
1809,132,20
1810,132,21
1811,132,22
1812,132,23
1813,133,0
1814,133,1
1815,133,2
1816,133,3
1817,133,17
1818,133,18
1819,133,19
1820,133,20
1821,133,21
1822,133,22
1823,133,23
1824,134,0
1825,134,1
1826,134,2
1827,134,3
1828,134,17
1829,134,18
1830,134,19
1831,134,20
1832,134,21
1833,134,22
1834,134,23
1835,135,0
1836,135,1
1837,135,2
1838,135,3
1839,135,17
1840,135,18
1841,135,19
1842,135,20
1843,135,21
1844,135,22
1845,135,23
1846,136,0
1847,136,1
1848,136,2
1849,136,3
1850,136,17
1851,136,18
1852,136,19
1853,136,20
1854,136,21
1855,136,22
1856,136,23
1857,137,0
1858,137,1
1859,137,2
1860,137,3
1861,137,17
1862,137,18
1863,137,19
1864,137,20
1865,137,21
1866,137,22
1867,137,23
1868,138,0
1869,138,1
1870,138,2
1871,138,3
1872,138,17
1873,138,18
1874,138,19
1875,138,20
1876,138,21
1877,138,22
1878,138,23
1879,139,0
1880,139,1
1881,139,2
1882,139,3
1883,139,17
1884,139,18
1885,139,19
1886,139,20
1887,139,21
1888,139,22
1889,139,23
1890,140,0
1891,140,1
1892,140,2
1893,140,3
1894,140,17
1895,140,18
1896,140,19
1897,140,20
1898,140,21
1899,140,22
1900,140,23
1901,141,0
1902,141,1
1903,141,2
1904,141,3
1905,141,17
1906,141,18
1907,141,19
1908,141,20
1909,141,21
1910,141,22
1911,141,23
1912,142,0
1913,142,1
1914,142,2
1915,142,3
1916,142,17
1917,142,18
1918,142,19
1919,142,20
1920,142,21
1921,142,22
1922,142,23
1923,143,0
1924,143,1
1925,143,2
1926,143,3
1927,143,17
1928,143,18
1929,143,19
1930,143,20
1931,143,21
1932,143,22
1933,143,23
1934,144,0
1935,144,1
1936,144,2
1937,144,3
1938,144,17
1939,144,18
1940,144,19
1941,144,20
1942,144,21
1943,144,22
1944,144,23
1945,145,0
1946,145,1
1947,145,2
1948,145,3
1949,145,17
1950,145,18
1951,145,19
1952,145,20
1953,145,21
1954,145,22
1955,145,23
1956,146,0
1957,146,1
1958,146,2
1959,146,3
1960,146,17
1961,146,18
1962,146,19
1963,146,20
1964,146,21
1965,146,22
1966,146,23
1967,147,0
1968,147,1
1969,147,2
1970,147,3
1971,147,17
1972,147,18
1973,147,19
1974,147,20
1975,147,21
1976,147,22
1977,147,23
1978,148,0
1979,148,1
1980,148,2
1981,148,3
1982,148,17
1983,148,18
1984,148,19
1985,148,20
1986,148,21
1987,148,22
1988,148,23
1989,149,0
1990,149,1
1991,149,2
1992,149,3
1993,149,17
1994,149,18
1995,149,19
1996,149,20
1997,149,21
1998,149,22
1999,149,23
2000,150,0
2001,150,1
2002,150,2
2003,150,3
2004,150,17
2005,150,18
2006,150,19
2007,150,20
2008,150,21
2009,150,22
2010,150,23
2011,151,0
2012,151,1
2013,151,2
2014,151,3
2015,151,17
2016,151,18
2017,151,19
2018,151,20
2019,151,21
2020,151,22
2021,151,23
2022,152,0
2023,152,1
2024,152,2
2025,152,3
2026,152,17
2027,152,18
2028,152,19
2029,152,20
2030,152,21
2031,152,22
2032,152,23
2033,153,0
2034,153,1
2035,153,2
2036,153,3
2037,153,17
2038,153,18
2039,153,19
2040,153,20
2041,153,21
2042,153,22
2043,153,23
2044,154,0
2045,154,1
2046,154,2
2047,154,3
2048,154,17
2049,154,18
2050,154,19
2051,154,20
2052,154,21
2053,154,22
2054,154,23
2055,155,0
2056,155,1
2057,155,2
2058,155,3
2059,155,17
2060,155,18
2061,155,19
2062,155,20
2063,155,21
2064,155,22
2065,155,23
2066,156,0
2067,156,1
2068,156,2
2069,156,3
2070,156,17
2071,156,18
2072,156,19
2073,156,20
2074,156,21
2075,156,22
2076,156,23
2077,157,0
2078,157,1
2079,157,2
2080,157,3
2081,157,17
2082,157,18
2083,157,19
2084,157,20
2085,157,21
2086,157,22
2087,157,23
2088,158,0
2089,158,1
2090,158,2
2091,158,3
2092,158,17
2093,158,18
2094,158,19
2095,158,20
2096,158,21
2097,158,22
2098,158,23
2099,159,0
2100,159,1
2101,159,2
2102,159,3
2103,159,17
2104,159,18
2105,159,19
2106,159,20
2107,159,21
2108,159,22
2109,159,23
2110,160,0
2111,160,1
2112,160,2
2113,160,3
2114,160,17
2115,160,18
2116,160,19
2117,160,20
2118,160,21
2119,160,22
2120,160,23
2121,161,0
2122,161,1
2123,161,2
2124,161,3
2125,161,17
2126,161,18
2127,161,19
2128,161,20
2129,161,21
2130,161,22
2131,161,23
2132,162,0
2133,162,1
2134,162,2
2135,162,3
2136,162,17
2137,162,18
2138,162,19
2139,162,20
2140,162,21
2141,162,22
2142,162,23
2143,163,0
2144,163,1
2145,163,2
2146,163,3
2147,163,17
2148,163,18
2149,163,19
2150,163,20
2151,163,21
2152,163,22
2153,163,23
2154,164,0
2155,164,1
2156,164,2
2157,164,3
2158,164,17
2159,164,18
2160,164,19
2161,164,20
2162,164,21
2163,164,22
2164,164,23
2165,165,0
2166,165,1
2167,165,2
2168,165,3
2169,165,17
2170,165,18
2171,165,19
2172,165,20
2173,165,21
2174,165,22
2175,165,23
2176,166,0
2177,166,1
2178,166,2
2179,166,3
2180,166,17
2181,166,18
2182,166,19
2183,166,20
2184,166,21
2185,166,22
2186,166,23
2187,167,0
2188,167,1
2189,167,2
2190,167,3
2191,167,17
2192,167,18
2193,167,19
2194,167,20
2195,167,21
2196,167,22
2197,167,23
2198,168,0
2199,168,1
2200,168,2
2201,168,3
2202,168,17
2203,168,18
2204,168,19
2205,168,20
2206,168,21
2207,168,22
2208,168,23
2209,169,0
2210,169,1
2211,169,2
2212,169,3
2213,169,17
2214,169,18
2215,169,19
2216,169,20
2217,169,21
2218,169,22
2219,169,23
2220,170,0
2221,170,1
2222,170,2
2223,170,3
2224,170,17
2225,170,18
2226,170,19
2227,170,20
2228,170,21
2229,170,22
2230,170,23
2231,171,0
2232,171,1
2233,171,2
2234,171,3
2235,171,17
2236,171,18
2237,171,19
2238,171,20
2239,171,21
2240,171,22
2241,171,23
2242,172,0
2243,172,1
2244,172,2
2245,172,3
2246,172,17
2247,172,18
2248,172,19
2249,172,20
2250,172,21
2251,172,22
2252,172,23
2253,173,0
2254,173,1
2255,173,2
2256,173,3
2257,173,17
2258,173,18
2259,173,19
2260,173,20
2261,173,21
2262,173,22
2263,173,23
2264,174,0
2265,174,1
2266,174,2
2267,174,3
2268,174,17
2269,174,18
2270,174,19
2271,174,20
2272,174,21
2273,174,22
2274,174,23
2275,175,0
2276,175,1
2277,175,2
2278,175,3
2279,175,17
2280,175,18
2281,175,19
2282,175,20
2283,175,21
2284,175,22
2285,175,23
2286,176,0
2287,176,1
2288,176,2
2289,176,3
2290,176,17
2291,176,18
2292,176,19
2293,176,20
2294,176,21
2295,176,22
2296,176,23
2297,177,0
2298,177,1
2299,177,2
2300,177,3
2301,177,17
2302,177,18
2303,177,19
2304,177,20
2305,177,21
2306,177,22
2307,177,23
2308,178,0
2309,178,1
2310,178,2
2311,178,3
2312,178,17
2313,178,18
2314,178,19
2315,178,20
2316,178,21
2317,178,22
2318,178,23
2319,179,0
2320,179,1
2321,179,2
2322,179,3
2323,179,17
2324,179,18
2325,179,19
2326,179,20
2327,179,21
2328,179,22
2329,179,23
2330,180,0
2331,180,1
2332,180,2
2333,180,3
2334,180,17
2335,180,18
2336,180,19
2337,180,20
2338,180,21
2339,180,22
2340,180,23
2341,181,0
2342,181,1
2343,181,2
2344,181,3
2345,181,17
2346,181,18
2347,181,19
2348,181,20
2349,181,21
2350,181,22
2351,181,23
2352,182,0
2353,182,1
2354,182,2
2355,182,3
2356,182,17
2357,182,18
2358,182,19
2359,182,20
2360,182,21
2361,182,22
2362,182,23
2363,183,0
2364,183,1
2365,183,2
2366,183,3
2367,183,17
2368,183,18
2369,183,19
2370,183,20
2371,183,21
2372,183,22
2373,183,23
2374,184,0
2375,184,1
2376,184,2
2377,184,3
2378,184,17
2379,184,18
2380,184,19
2381,184,20
2382,184,21
2383,184,22
2384,184,23
2385,185,0
2386,185,1
2387,185,2
2388,185,3
2389,185,17
2390,185,18
2391,185,19
2392,185,20
2393,185,21
2394,185,22
2395,185,23
2396,186,0
2397,186,1
2398,186,2
2399,186,3
2400,186,17
2401,186,18
2402,186,19
2403,186,20
2404,186,21
2405,186,22
2406,186,23
2407,187,0
2408,187,1
2409,187,2
2410,187,3
2411,187,17
2412,187,18
2413,187,19
2414,187,20
2415,187,21
2416,187,22
2417,187,23
2418,188,0
2419,188,1
2420,188,2
2421,188,3
2422,188,17
2423,188,18
2424,188,19
2425,188,20
2426,188,21
2427,188,22
2428,188,23
2429,189,0
2430,189,1
2431,189,2
2432,189,3
2433,189,17
2434,189,18
2435,189,19
2436,189,20
2437,189,21
2438,189,22
2439,189,23
2440,190,0
2441,190,1
2442,190,2
2443,190,3
2444,190,17
2445,190,18
2446,190,19
2447,190,20
2448,190,21
2449,190,22
2450,190,23
2451,191,0
2452,191,1
2453,191,2
2454,191,3
2455,191,17
2456,191,18
2457,191,19
2458,191,20
2459,191,21
2460,191,22
2461,191,23
2462,192,0
2463,192,1
2464,192,2
2465,192,3
2466,192,17
2467,192,18
2468,192,19
2469,192,20
2470,192,21
2471,192,22
2472,192,23
2473,193,0
2474,193,1
2475,193,2
2476,193,3
2477,193,17
2478,193,18
2479,193,19
2480,193,20
2481,193,21
2482,193,22
2483,193,23
2484,194,0
2485,194,1
2486,194,2
2487,194,3
2488,194,17
2489,194,18
2490,194,19
2491,194,20
2492,194,21
2493,194,22
2494,194,23
2495,195,0
2496,195,1
2497,195,2
2498,195,3
2499,195,17
2500,195,18
2501,195,19
2502,195,20
2503,195,21
2504,195,22
2505,195,23
2506,196,0
2507,196,1
2508,196,2
2509,196,3
2510,196,17
2511,196,18
2512,196,19
2513,196,20
2514,196,21
2515,196,22
2516,196,23
2517,197,0
2518,197,1
2519,197,2
2520,197,3
2521,197,17
2522,197,18
2523,197,19
2524,197,20
2525,197,21
2526,197,22
2527,197,23
2528,198,0
2529,198,1
2530,198,2
2531,198,3
2532,198,17
2533,198,18
2534,198,19
2535,198,20
2536,198,21
2537,198,22
2538,198,23
2539,199,0
2540,199,1
2541,199,2
2542,199,3
2543,199,17
2544,199,18
2545,199,19
2546,199,20
2547,199,21
2548,199,22
2549,199,23
2550,200,0
2551,200,1
2552,200,2
2553,200,3
2554,200,17
2555,200,18
2556,200,19
2557,200,20
2558,200,21
2559,200,22
2560,200,23
2561,201,0
2562,201,1
2563,201,2
2564,201,3
2565,201,17
2566,201,18
2567,201,19
2568,201,20
2569,201,21
2570,201,22
2571,201,23
2572,202,0
2573,202,1
2574,202,2
2575,202,3
2576,202,17
2577,202,18
2578,202,19
2579,202,20
2580,202,21
2581,202,22
2582,202,23
2583,203,0
2584,203,1
2585,203,2
2586,203,3
2587,203,17
2588,203,18
2589,203,19
2590,203,20
2591,203,21
2592,203,22
2593,203,23
2594,204,0
2595,204,1
2596,204,2
2597,204,3
2598,204,17
2599,204,18
2600,204,19
2601,204,20
2602,204,21
2603,204,22
2604,204,23
2605,205,0
2606,205,1
2607,205,2
2608,205,3
2609,205,17
2610,205,18
2611,205,19
2612,205,20
2613,205,21
2614,205,22
2615,205,23
2616,206,0
2617,206,1
2618,206,2
2619,206,3
2620,206,17
2621,206,18
2622,206,19
2623,206,20
2624,206,21
2625,206,22
2626,206,23
2627,207,0
2628,207,1
2629,207,2
2630,207,3
2631,207,17
2632,207,18
2633,207,19
2634,207,20
2635,207,21
2636,207,22
2637,207,23
2638,208,0
2639,208,1
2640,208,2
2641,208,3
2642,208,17
2643,208,18
2644,208,19
2645,208,20
2646,208,21
2647,208,22
2648,208,23
2649,209,0
2650,209,1
2651,209,2
2652,209,3
2653,209,17
2654,209,18
2655,209,19
2656,209,20
2657,209,21
2658,209,22
2659,209,23
2660,210,0
2661,210,1
2662,210,2
2663,210,3
2664,210,17
2665,210,18
2666,210,19
2667,210,20
2668,210,21
2669,210,22
2670,210,23
2671,211,0
2672,211,1
2673,211,2
2674,211,3
2675,211,17
2676,211,18
2677,211,19
2678,211,20
2679,211,21
2680,211,22
2681,211,23
2682,212,0
2683,212,1
2684,212,2
2685,212,3
2686,212,17
2687,212,18
2688,212,19
2689,212,20
2690,212,21
2691,212,22
2692,212,23
2693,213,0
2694,213,1
2695,213,2
2696,213,3
2697,213,17
2698,213,18
2699,213,19
2700,213,20
2701,213,21
2702,213,22
2703,213,23
2704,214,0
2705,214,1
2706,214,2
2707,214,3
2708,214,17
2709,214,18
2710,214,19
2711,214,20
2712,214,21
2713,214,22
2714,214,23
2715,215,0
2716,215,1
2717,215,2
2718,215,3
2719,215,17
2720,215,18
2721,215,19
2722,215,20
2723,215,21
2724,215,22
2725,215,23
2726,216,0
2727,216,1
2728,216,2
2729,216,3
2730,216,17
2731,216,18
2732,216,19
2733,216,20
2734,216,21
2735,216,22
2736,216,23
2737,217,0
2738,217,1
2739,217,2
2740,217,3
2741,217,17
2742,217,18
2743,217,19
2744,217,20
2745,217,21
2746,217,22
2747,217,23
2748,218,0
2749,218,1
2750,218,2
2751,218,3
2752,218,17
2753,218,18
2754,218,19
2755,218,20
2756,218,21
2757,218,22
2758,218,23
2759,219,0
2760,219,1
2761,219,2
2762,219,3
2763,219,17
2764,219,18
2765,219,19
2766,219,20
2767,219,21
2768,219,22
2769,219,23
2770,220,0
2771,220,1
2772,220,2
2773,220,3
2774,220,17
2775,220,18
2776,220,19
2777,220,20
2778,220,21
2779,220,22
2780,220,23
2781,221,0
2782,221,1
2783,221,2
2784,221,3
2785,221,17
2786,221,18
2787,221,19
2788,221,20
2789,221,21
2790,221,22
2791,221,23
2792,222,0
2793,222,1
2794,222,2
2795,222,3
2796,222,17
2797,222,18
2798,222,19
2799,222,20
2800,222,21
2801,222,22
2802,222,23
2803,223,0
2804,223,1
2805,223,2
2806,223,3
2807,223,17
2808,223,18
2809,223,19
2810,223,20
2811,223,21
2812,223,22
2813,223,23
2814,224,0
2815,224,1
2816,224,2
2817,224,3
2818,224,17
2819,224,18
2820,224,19
2821,224,20
2822,224,21
2823,224,22
2824,224,23
2825,225,0
2826,225,1
2827,225,2
2828,225,3
2829,225,17
2830,225,18
2831,225,19
2832,225,20
2833,225,21
2834,225,22
2835,225,23
2836,226,0
2837,226,1
2838,226,2
2839,226,3
2840,226,17
2841,226,18
2842,226,19
2843,226,20
2844,226,21
2845,226,22
2846,226,23
2847,227,0
2848,227,1
2849,227,2
2850,227,3
2851,227,17
2852,227,18
2853,227,19
2854,227,20
2855,227,21
2856,227,22
2857,227,23
2858,228,0
2859,228,1
2860,228,2
2861,228,3
2862,228,17
2863,228,18
2864,228,19
2865,228,20
2866,228,21
2867,228,22
2868,228,23
2869,229,0
2870,229,1
2871,229,2
2872,229,3
2873,229,16
2874,229,17
2875,229,18
2876,229,19
2877,229,20
2878,229,21
2879,229,22
2880,229,23
2881,230,0
2882,230,1
2883,230,2
2884,230,3
2885,230,16
2886,230,17
2887,230,18
2888,230,19
2889,230,20
2890,230,21
2891,230,22
2892,230,23
2893,231,0
2894,231,1
2895,231,2
2896,231,3
2897,231,16
2898,231,17
2899,231,18
2900,231,19
2901,231,20
2902,231,21
2903,231,22
2904,231,23
2905,232,0
2906,232,1
2907,232,2
2908,232,3
2909,232,4
2910,232,16
2911,232,17
2912,232,18
2913,232,19
2914,232,20
2915,232,21
2916,232,22
2917,232,23
2918,233,0
2919,233,1
2920,233,2
2921,233,3
2922,233,4
2923,233,16
2924,233,17
2925,233,18
2926,233,19
2927,233,20
2928,233,21
2929,233,22
2930,233,23
2931,234,0
2932,234,1
2933,234,2
2934,234,3
2935,234,4
2936,234,16
2937,234,17
2938,234,18
2939,234,19
2940,234,20
2941,234,21
2942,234,22
2943,234,23
2944,235,0
2945,235,1
2946,235,2
2947,235,3
2948,235,4
2949,235,16
2950,235,17
2951,235,18
2952,235,19
2953,235,20
2954,235,21
2955,235,22
2956,235,23
2957,236,0
2958,236,1
2959,236,2
2960,236,3
2961,236,4
2962,236,16
2963,236,17
2964,236,18
2965,236,19
2966,236,20
2967,236,21
2968,236,22
2969,236,23
2970,237,0
2971,237,1
2972,237,2
2973,237,3
2974,237,4
2975,237,16
2976,237,17
2977,237,18
2978,237,19
2979,237,20
2980,237,21
2981,237,22
2982,237,23
2983,238,0
2984,238,1
2985,238,2
2986,238,3
2987,238,4
2988,238,16
2989,238,17
2990,238,18
2991,238,19
2992,238,20
2993,238,21
2994,238,22
2995,238,23
2996,239,0
2997,239,1
2998,239,2
2999,239,3
3000,239,4
3001,239,16
3002,239,17
3003,239,18
3004,239,19
3005,239,20
3006,239,21
3007,239,22
3008,239,23
3009,240,0
3010,240,1
3011,240,2
3012,240,3
3013,240,4
3014,240,16
3015,240,17
3016,240,18
3017,240,19
3018,240,20
3019,240,21
3020,240,22
3021,240,23
3022,241,0
3023,241,1
3024,241,2
3025,241,3
3026,241,4
3027,241,16
3028,241,17
3029,241,18
3030,241,19
3031,241,20
3032,241,21
3033,241,22
3034,241,23
3035,242,0
3036,242,1
3037,242,2
3038,242,3
3039,242,4
3040,242,16
3041,242,17
3042,242,18
3043,242,19
3044,242,20
3045,242,21
3046,242,22
3047,242,23
3048,243,0
3049,243,1
3050,243,2
3051,243,3
3052,243,4
3053,243,16
3054,243,17
3055,243,18
3056,243,19
3057,243,20
3058,243,21
3059,243,22
3060,243,23
3061,244,0
3062,244,1
3063,244,2
3064,244,3
3065,244,4
3066,244,16
3067,244,17
3068,244,18
3069,244,19
3070,244,20
3071,244,21
3072,244,22
3073,244,23
3074,245,0
3075,245,1
3076,245,2
3077,245,3
3078,245,4
3079,245,16
3080,245,17
3081,245,18
3082,245,19
3083,245,20
3084,245,21
3085,245,22
3086,245,23
3087,246,0
3088,246,1
3089,246,2
3090,246,3
3091,246,4
3092,246,16
3093,246,17
3094,246,18
3095,246,19
3096,246,20
3097,246,21
3098,246,22
3099,246,23
3100,247,0
3101,247,1
3102,247,2
3103,247,3
3104,247,4
3105,247,16
3106,247,17
3107,247,18
3108,247,19
3109,247,20
3110,247,21
3111,247,22
3112,247,23
3113,248,0
3114,248,1
3115,248,2
3116,248,3
3117,248,4
3118,248,16
3119,248,17
3120,248,18
3121,248,19
3122,248,20
3123,248,21
3124,248,22
3125,248,23
3126,249,0
3127,249,1
3128,249,2
3129,249,3
3130,249,4
3131,249,16
3132,249,17
3133,249,18
3134,249,19
3135,249,20
3136,249,21
3137,249,22
3138,249,23
3139,250,0
3140,250,1
3141,250,2
3142,250,3
3143,250,4
3144,250,16
3145,250,17
3146,250,18
3147,250,19
3148,250,20
3149,250,21
3150,250,22
3151,250,23
3152,251,0
3153,251,1
3154,251,2
3155,251,3
3156,251,4
3157,251,16
3158,251,17
3159,251,18
3160,251,19
3161,251,20
3162,251,21
3163,251,22
3164,251,23
3165,252,0
3166,252,1
3167,252,2
3168,252,3
3169,252,4
3170,252,16
3171,252,17
3172,252,18
3173,252,19
3174,252,20
3175,252,21
3176,252,22
3177,252,23
3178,253,0
3179,253,1
3180,253,2
3181,253,3
3182,253,4
3183,253,16
3184,253,17
3185,253,18
3186,253,19
3187,253,20
3188,253,21
3189,253,22
3190,253,23
3191,254,0
3192,254,1
3193,254,2
3194,254,3
3195,254,4
3196,254,16
3197,254,17
3198,254,18
3199,254,19
3200,254,20
3201,254,21
3202,254,22
3203,254,23
3204,255,0
3205,255,1
3206,255,2
3207,255,3
3208,255,4
3209,255,16
3210,255,17
3211,255,18
3212,255,19
3213,255,20
3214,255,21
3215,255,22
3216,255,23
3217,256,0
3218,256,1
3219,256,2
3220,256,3
3221,256,4
3222,256,16
3223,256,17
3224,256,18
3225,256,19
3226,256,20
3227,256,21
3228,256,22
3229,256,23
3230,257,0
3231,257,1
3232,257,2
3233,257,3
3234,257,4
3235,257,16
3236,257,17
3237,257,18
3238,257,19
3239,257,20
3240,257,21
3241,257,22
3242,257,23
3243,258,0
3244,258,1
3245,258,2
3246,258,3
3247,258,4
3248,258,16
3249,258,17
3250,258,18
3251,258,19
3252,258,20
3253,258,21
3254,258,22
3255,258,23
3256,259,0
3257,259,1
3258,259,2
3259,259,3
3260,259,4
3261,259,16
3262,259,17
3263,259,18
3264,259,19
3265,259,20
3266,259,21
3267,259,22
3268,259,23
3269,260,0
3270,260,1
3271,260,2
3272,260,3
3273,260,4
3274,260,16
3275,260,17
3276,260,18
3277,260,19
3278,260,20
3279,260,21
3280,260,22
3281,260,23
3282,261,0
3283,261,1
3284,261,2
3285,261,3
3286,261,4
3287,261,16
3288,261,17
3289,261,18
3290,261,19
3291,261,20
3292,261,21
3293,261,22
3294,261,23
3295,262,0
3296,262,1
3297,262,2
3298,262,3
3299,262,4
3300,262,16
3301,262,17
3302,262,18
3303,262,19
3304,262,20
3305,262,21
3306,262,22
3307,262,23
3308,263,0
3309,263,1
3310,263,2
3311,263,3
3312,263,4
3313,263,16
3314,263,17
3315,263,18
3316,263,19
3317,263,20
3318,263,21
3319,263,22
3320,263,23
3321,264,0
3322,264,1
3323,264,2
3324,264,3
3325,264,4
3326,264,16
3327,264,17
3328,264,18
3329,264,19
3330,264,20
3331,264,21
3332,264,22
3333,264,23
3334,265,0
3335,265,1
3336,265,2
3337,265,3
3338,265,4
3339,265,16
3340,265,17
3341,265,18
3342,265,19
3343,265,20
3344,265,21
3345,265,22
3346,265,23
3347,266,0
3348,266,1
3349,266,2
3350,266,3
3351,266,4
3352,266,16
3353,266,17
3354,266,18
3355,266,19
3356,266,20
3357,266,21
3358,266,22
3359,266,23
3360,267,0
3361,267,1
3362,267,2
3363,267,3
3364,267,4
3365,267,16
3366,267,17
3367,267,18
3368,267,19
3369,267,20
3370,267,21
3371,267,22
3372,267,23
3373,268,0
3374,268,1
3375,268,2
3376,268,3
3377,268,4
3378,268,16
3379,268,17
3380,268,18
3381,268,19
3382,268,20
3383,268,21
3384,268,22
3385,268,23
3386,269,0
3387,269,1
3388,269,2
3389,269,3
3390,269,4
3391,269,16
3392,269,17
3393,269,18
3394,269,19
3395,269,20
3396,269,21
3397,269,22
3398,269,23
3399,270,0
3400,270,1
3401,270,2
3402,270,3
3403,270,4
3404,270,16
3405,270,17
3406,270,18
3407,270,19
3408,270,20
3409,270,21
3410,270,22
3411,270,23
3412,271,0
3413,271,1
3414,271,2
3415,271,3
3416,271,4
3417,271,16
3418,271,17
3419,271,18
3420,271,19
3421,271,20
3422,271,21
3423,271,22
3424,271,23
3425,272,0
3426,272,1
3427,272,2
3428,272,3
3429,272,4
3430,272,16
3431,272,17
3432,272,18
3433,272,19
3434,272,20
3435,272,21
3436,272,22
3437,272,23
3438,273,0
3439,273,1
3440,273,2
3441,273,3
3442,273,4
3443,273,16
3444,273,17
3445,273,18
3446,273,19
3447,273,20
3448,273,21
3449,273,22
3450,273,23
3451,274,0
3452,274,1
3453,274,2
3454,274,3
3455,274,4
3456,274,16
3457,274,17
3458,274,18
3459,274,19
3460,274,20
3461,274,21
3462,274,22
3463,274,23
3464,275,0
3465,275,1
3466,275,2
3467,275,3
3468,275,4
3469,275,16
3470,275,17
3471,275,18
3472,275,19
3473,275,20
3474,275,21
3475,275,22
3476,275,23
3477,276,0
3478,276,1
3479,276,2
3480,276,3
3481,276,4
3482,276,16
3483,276,17
3484,276,18
3485,276,19
3486,276,20
3487,276,21
3488,276,22
3489,276,23
3490,277,0
3491,277,1
3492,277,2
3493,277,3
3494,277,4
3495,277,16
3496,277,17
3497,277,18
3498,277,19
3499,277,20
3500,277,21
3501,277,22
3502,277,23
3503,278,0
3504,278,1
3505,278,2
3506,278,3
3507,278,4
3508,278,16
3509,278,17
3510,278,18
3511,278,19
3512,278,20
3513,278,21
3514,278,22
3515,278,23
3516,279,0
3517,279,1
3518,279,2
3519,279,3
3520,279,4
3521,279,16
3522,279,17
3523,279,18
3524,279,19
3525,279,20
3526,279,21
3527,279,22
3528,279,23
3529,280,0
3530,280,1
3531,280,2
3532,280,3
3533,280,4
3534,280,16
3535,280,17
3536,280,18
3537,280,19
3538,280,20
3539,280,21
3540,280,22
3541,280,23
3542,281,0
3543,281,1
3544,281,2
3545,281,3
3546,281,4
3547,281,16
3548,281,17
3549,281,18
3550,281,19
3551,281,20
3552,281,21
3553,281,22
3554,281,23
3555,282,0
3556,282,1
3557,282,2
3558,282,3
3559,282,4
3560,282,16
3561,282,17
3562,282,18
3563,282,19
3564,282,20
3565,282,21
3566,282,22
3567,282,23
3568,283,0
3569,283,1
3570,283,2
3571,283,3
3572,283,4
3573,283,15
3574,283,16
3575,283,17
3576,283,18
3577,283,19
3578,283,20
3579,283,21
3580,283,22
3581,283,23
3582,284,0
3583,284,1
3584,284,2
3585,284,3
3586,284,4
3587,284,5
3588,284,16
3589,284,17
3590,284,18
3591,284,19
3592,284,20
3593,284,21
3594,284,22
3595,284,23
3596,285,0
3597,285,1
3598,285,2
3599,285,3
3600,285,4
3601,285,15
3602,285,16
3603,285,17
3604,285,18
3605,285,19
3606,285,20
3607,285,21
3608,285,22
3609,285,23
3610,286,0
3611,286,1
3612,286,2
3613,286,3
3614,286,4
3615,286,5
3616,286,15
3617,286,16
3618,286,17
3619,286,18
3620,286,19
3621,286,20
3622,286,21
3623,286,22
3624,286,23
3625,287,0
3626,287,1
3627,287,2
3628,287,3
3629,287,4
3630,287,5
3631,287,15
3632,287,16
3633,287,17
3634,287,18
3635,287,19
3636,287,20
3637,287,21
3638,287,22
3639,287,23
3640,288,0
3641,288,1
3642,288,2
3643,288,3
3644,288,4
3645,288,5
3646,288,15
3647,288,16
3648,288,17
3649,288,18
3650,288,19
3651,288,20
3652,288,21
3653,288,22
3654,288,23
3655,289,0
3656,289,1
3657,289,2
3658,289,3
3659,289,4
3660,289,5
3661,289,15
3662,289,16
3663,289,17
3664,289,18
3665,289,19
3666,289,20
3667,289,21
3668,289,22
3669,289,23
3670,290,0
3671,290,1
3672,290,2
3673,290,3
3674,290,4
3675,290,5
3676,290,15
3677,290,16
3678,290,17
3679,290,18
3680,290,19
3681,290,20
3682,290,21
3683,290,22
3684,290,23
3685,291,0
3686,291,1
3687,291,2
3688,291,3
3689,291,4
3690,291,5
3691,291,15
3692,291,16
3693,291,17
3694,291,18
3695,291,19
3696,291,20
3697,291,21
3698,291,22
3699,291,23
3700,292,0
3701,292,1
3702,292,2
3703,292,3
3704,292,4
3705,292,5
3706,292,15
3707,292,16
3708,292,17
3709,292,18
3710,292,19
3711,292,20
3712,292,21
3713,292,22
3714,292,23
3715,293,0
3716,293,1
3717,293,2
3718,293,3
3719,293,4
3720,293,5
3721,293,15
3722,293,16
3723,293,17
3724,293,18
3725,293,19
3726,293,20
3727,293,21
3728,293,22
3729,293,23
3730,294,0
3731,294,1
3732,294,2
3733,294,3
3734,294,4
3735,294,5
3736,294,15
3737,294,16
3738,294,17
3739,294,18
3740,294,19
3741,294,20
3742,294,21
3743,294,22
3744,294,23
3745,295,0
3746,295,1
3747,295,2
3748,295,3
3749,295,4
3750,295,5
3751,295,15
3752,295,16
3753,295,17
3754,295,18
3755,295,19
3756,295,20
3757,295,21
3758,295,22
3759,295,23
3760,296,0
3761,296,1
3762,296,2
3763,296,3
3764,296,4
3765,296,5
3766,296,15
3767,296,16
3768,296,17
3769,296,18
3770,296,19
3771,296,20
3772,296,21
3773,296,22
3774,296,23
3775,297,0
3776,297,1
3777,297,2
3778,297,3
3779,297,4
3780,297,5
3781,297,15
3782,297,16
3783,297,17
3784,297,18
3785,297,19
3786,297,20
3787,297,21
3788,297,22
3789,297,23
3790,298,0
3791,298,1
3792,298,2
3793,298,3
3794,298,4
3795,298,5
3796,298,15
3797,298,16
3798,298,17
3799,298,18
3800,298,19
3801,298,20
3802,298,21
3803,298,22
3804,298,23
3805,299,0
3806,299,1
3807,299,2
3808,299,3
3809,299,4
3810,299,5
3811,299,15
3812,299,16
3813,299,17
3814,299,18
3815,299,19
3816,299,20
3817,299,21
3818,299,22
3819,299,23
3820,300,0
3821,300,1
3822,300,2
3823,300,3
3824,300,4
3825,300,5
3826,300,15
3827,300,16
3828,300,17
3829,300,18
3830,300,19
3831,300,20
3832,300,21
3833,300,22
3834,300,23
3835,301,0
3836,301,1
3837,301,2
3838,301,3
3839,301,4
3840,301,5
3841,301,15
3842,301,16
3843,301,17
3844,301,18
3845,301,19
3846,301,20
3847,301,21
3848,301,22
3849,301,23
3850,302,0
3851,302,1
3852,302,2
3853,302,3
3854,302,4
3855,302,5
3856,302,15
3857,302,16
3858,302,17
3859,302,18
3860,302,19
3861,302,20
3862,302,21
3863,302,22
3864,302,23
3865,303,0
3866,303,1
3867,303,2
3868,303,3
3869,303,4
3870,303,5
3871,303,15
3872,303,16
3873,303,17
3874,303,18
3875,303,19
3876,303,20
3877,303,21
3878,303,22
3879,303,23
3880,304,0
3881,304,1
3882,304,2
3883,304,3
3884,304,4
3885,304,5
3886,304,15
3887,304,16
3888,304,17
3889,304,18
3890,304,19
3891,304,20
3892,304,21
3893,304,22
3894,304,23
3895,305,0
3896,305,1
3897,305,2
3898,305,3
3899,305,4
3900,305,5
3901,305,15
3902,305,16
3903,305,17
3904,305,18
3905,305,19
3906,305,20
3907,305,21
3908,305,22
3909,305,23
3910,306,0
3911,306,1
3912,306,2
3913,306,3
3914,306,4
3915,306,5
3916,306,15
3917,306,16
3918,306,17
3919,306,18
3920,306,19
3921,306,20
3922,306,21
3923,306,22
3924,306,23
3925,307,0
3926,307,1
3927,307,2
3928,307,3
3929,307,4
3930,307,5
3931,307,15
3932,307,16
3933,307,17
3934,307,18
3935,307,19
3936,307,20
3937,307,21
3938,307,22
3939,307,23
3940,308,0
3941,308,1
3942,308,2
3943,308,3
3944,308,4
3945,308,5
3946,308,15
3947,308,16
3948,308,17
3949,308,18
3950,308,19
3951,308,20
3952,308,21
3953,308,22
3954,308,23
3955,309,0
3956,309,1
3957,309,2
3958,309,3
3959,309,4
3960,309,5
3961,309,15
3962,309,16
3963,309,17
3964,309,18
3965,309,19
3966,309,20
3967,309,21
3968,309,22
3969,309,23
3970,310,0
3971,310,1
3972,310,2
3973,310,3
3974,310,4
3975,310,5
3976,310,15
3977,310,16
3978,310,17
3979,310,18
3980,310,19
3981,310,20
3982,310,21
3983,310,22
3984,310,23
3985,311,0
3986,311,1
3987,311,2
3988,311,3
3989,311,4
3990,311,5
3991,311,15
3992,311,16
3993,311,17
3994,311,18
3995,311,19
3996,311,20
3997,311,21
3998,311,22
3999,311,23
4000,312,0
4001,312,1
4002,312,2
4003,312,3
4004,312,4
4005,312,5
4006,312,15
4007,312,16
4008,312,17
4009,312,18
4010,312,19
4011,312,20
4012,312,21
4013,312,22
4014,312,23
4015,313,0
4016,313,1
4017,313,2
4018,313,3
4019,313,4
4020,313,5
4021,313,15
4022,313,16
4023,313,17
4024,313,18
4025,313,19
4026,313,20
4027,313,21
4028,313,22
4029,313,23
4030,314,0
4031,314,1
4032,314,2
4033,314,3
4034,314,4
4035,314,5
4036,314,15
4037,314,16
4038,314,17
4039,314,18
4040,314,19
4041,314,20
4042,314,21
4043,314,22
4044,314,23
4045,315,0
4046,315,1
4047,315,2
4048,315,3
4049,315,4
4050,315,5
4051,315,15
4052,315,16
4053,315,17
4054,315,18
4055,315,19
4056,315,20
4057,315,21
4058,315,22
4059,315,23
4060,316,0
4061,316,1
4062,316,2
4063,316,3
4064,316,4
4065,316,5
4066,316,15
4067,316,16
4068,316,17
4069,316,18
4070,316,19
4071,316,20
4072,316,21
4073,316,22
4074,316,23
4075,317,0
4076,317,1
4077,317,2
4078,317,3
4079,317,4
4080,317,5
4081,317,15
4082,317,16
4083,317,17
4084,317,18
4085,317,19
4086,317,20
4087,317,21
4088,317,22
4089,317,23
4090,318,0
4091,318,1
4092,318,2
4093,318,3
4094,318,4
4095,318,5
4096,318,15
4097,318,16
4098,318,17
4099,318,18
4100,318,19
4101,318,20
4102,318,21
4103,318,22
4104,318,23
4105,319,0
4106,319,1
4107,319,2
4108,319,3
4109,319,4
4110,319,5
4111,319,15
4112,319,16
4113,319,17
4114,319,18
4115,319,19
4116,319,20
4117,319,21
4118,319,22
4119,319,23
4120,320,0
4121,320,1
4122,320,2
4123,320,3
4124,320,4
4125,320,5
4126,320,15
4127,320,16
4128,320,17
4129,320,18
4130,320,19
4131,320,20
4132,320,21
4133,320,22
4134,320,23
4135,321,0
4136,321,1
4137,321,2
4138,321,3
4139,321,4
4140,321,5
4141,321,15
4142,321,16
4143,321,17
4144,321,18
4145,321,19
4146,321,20
4147,321,21
4148,321,22
4149,321,23
4150,322,0
4151,322,1
4152,322,2
4153,322,3
4154,322,4
4155,322,5
4156,322,15
4157,322,16
4158,322,17
4159,322,18
4160,322,19
4161,322,20
4162,322,21
4163,322,22
4164,322,23
4165,323,0
4166,323,1
4167,323,2
4168,323,3
4169,323,4
4170,323,5
4171,323,15
4172,323,16
4173,323,17
4174,323,18
4175,323,19
4176,323,20
4177,323,21
4178,323,22
4179,323,23
4180,324,0
4181,324,1
4182,324,2
4183,324,3
4184,324,4
4185,324,5
4186,324,15
4187,324,16
4188,324,17
4189,324,18
4190,324,19
4191,324,20
4192,324,21
4193,324,22
4194,324,23
4195,325,0
4196,325,1
4197,325,2
4198,325,3
4199,325,4
4200,325,5
4201,325,15
4202,325,16
4203,325,17
4204,325,18
4205,325,19
4206,325,20
4207,325,21
4208,325,22
4209,325,23
4210,326,0
4211,326,1
4212,326,2
4213,326,3
4214,326,4
4215,326,5
4216,326,15
4217,326,16
4218,326,17
4219,326,18
4220,326,19
4221,326,20
4222,326,21
4223,326,22
4224,326,23
4225,327,0
4226,327,1
4227,327,2
4228,327,3
4229,327,4
4230,327,5
4231,327,15
4232,327,16
4233,327,17
4234,327,18
4235,327,19
4236,327,20
4237,327,21
4238,327,22
4239,327,23
4240,328,0
4241,328,1
4242,328,2
4243,328,3
4244,328,4
4245,328,5
4246,328,15
4247,328,16
4248,328,17
4249,328,18
4250,328,19
4251,328,20
4252,328,21
4253,328,22
4254,328,23
4255,329,0
4256,329,1
4257,329,2
4258,329,3
4259,329,4
4260,329,5
4261,329,15
4262,329,16
4263,329,17
4264,329,18
4265,329,19
4266,329,20
4267,329,21
4268,329,22
4269,329,23
4270,330,0
4271,330,1
4272,330,2
4273,330,3
4274,330,4
4275,330,5
4276,330,15
4277,330,16
4278,330,17
4279,330,18
4280,330,19
4281,330,20
4282,330,21
4283,330,22
4284,330,23
4285,331,0
4286,331,1
4287,331,2
4288,331,3
4289,331,4
4290,331,5
4291,331,15
4292,331,16
4293,331,17
4294,331,18
4295,331,19
4296,331,20
4297,331,21
4298,331,22
4299,331,23
4300,332,0
4301,332,1
4302,332,2
4303,332,3
4304,332,4
4305,332,5
4306,332,15
4307,332,16
4308,332,17
4309,332,18
4310,332,19
4311,332,20
4312,332,21
4313,332,22
4314,332,23
4315,333,0
4316,333,1
4317,333,2
4318,333,3
4319,333,4
4320,333,5
4321,333,15
4322,333,16
4323,333,17
4324,333,18
4325,333,19
4326,333,20
4327,333,21
4328,333,22
4329,333,23
4330,334,0
4331,334,1
4332,334,2
4333,334,3
4334,334,4
4335,334,5
4336,334,15
4337,334,16
4338,334,17
4339,334,18
4340,334,19
4341,334,20
4342,334,21
4343,334,22
4344,334,23
4345,335,0
4346,335,1
4347,335,2
4348,335,3
4349,335,4
4350,335,5
4351,335,15
4352,335,16
4353,335,17
4354,335,18
4355,335,19
4356,335,20
4357,335,21
4358,335,22
4359,335,23
4360,336,0
4361,336,1
4362,336,2
4363,336,3
4364,336,4
4365,336,5
4366,336,15
4367,336,16
4368,336,17
4369,336,18
4370,336,19
4371,336,20
4372,336,21
4373,336,22
4374,336,23
4375,337,0
4376,337,1
4377,337,2
4378,337,3
4379,337,4
4380,337,5
4381,337,15
4382,337,16
4383,337,17
4384,337,18
4385,337,19
4386,337,20
4387,337,21
4388,337,22
4389,337,23
4390,338,0
4391,338,1
4392,338,2
4393,338,3
4394,338,4
4395,338,5
4396,338,15
4397,338,16
4398,338,17
4399,338,18
4400,338,19
4401,338,20
4402,338,21
4403,338,22
4404,338,23
4405,339,0
4406,339,1
4407,339,2
4408,339,3
4409,339,4
4410,339,5
4411,339,15
4412,339,16
4413,339,17
4414,339,18
4415,339,19
4416,339,20
4417,339,21
4418,339,22
4419,339,23
4420,340,0
4421,340,1
4422,340,2
4423,340,3
4424,340,4
4425,340,5
4426,340,15
4427,340,16
4428,340,17
4429,340,18
4430,340,19
4431,340,20
4432,340,21
4433,340,22
4434,340,23
4435,341,0
4436,341,1
4437,341,2
4438,341,3
4439,341,4
4440,341,5
4441,341,6
4442,341,14
4443,341,15
4444,341,16
4445,341,17
4446,341,18
4447,341,19
4448,341,20
4449,341,21
4450,341,22
4451,341,23
4452,342,0
4453,342,1
4454,342,2
4455,342,3
4456,342,4
4457,342,5
4458,342,6
4459,342,15
4460,342,16
4461,342,17
4462,342,18
4463,342,19
4464,342,20
4465,342,21
4466,342,22
4467,342,23
4468,343,0
4469,343,1
4470,343,2
4471,343,3
4472,343,4
4473,343,5
4474,343,15
4475,343,16
4476,343,17
4477,343,18
4478,343,19
4479,343,20
4480,343,21
4481,343,22
4482,343,23
4483,344,0
4484,344,1
4485,344,2
4486,344,3
4487,344,4
4488,344,5
4489,344,6
4490,344,15
4491,344,16
4492,344,17
4493,344,18
4494,344,19
4495,344,20
4496,344,21
4497,344,22
4498,344,23
4499,345,0
4500,345,1
4501,345,2
4502,345,3
4503,345,4
4504,345,5
4505,345,6
4506,345,14
4507,345,15
4508,345,16
4509,345,17
4510,345,18
4511,345,19
4512,345,20
4513,345,21
4514,345,22
4515,345,23
4516,346,0
4517,346,1
4518,346,2
4519,346,3
4520,346,4
4521,346,5
4522,346,6
4523,346,15
4524,346,16
4525,346,17
4526,346,18
4527,346,19
4528,346,20
4529,346,21
4530,346,22
4531,346,23
4532,347,0
4533,347,1
4534,347,2
4535,347,3
4536,347,4
4537,347,5
4538,347,15
4539,347,16
4540,347,17
4541,347,18
4542,347,19
4543,347,20
4544,347,21
4545,347,22
4546,347,23
4547,348,0
4548,348,1
4549,348,2
4550,348,3
4551,348,4
4552,348,5
4553,348,15
4554,348,16
4555,348,17
4556,348,18
4557,348,19
4558,348,20
4559,348,21
4560,348,22
4561,348,23
4562,349,0
4563,349,1
4564,349,2
4565,349,3
4566,349,4
4567,349,5
4568,349,6
4569,349,14
4570,349,15
4571,349,16
4572,349,17
4573,349,18
4574,349,19
4575,349,20
4576,349,21
4577,349,22
4578,349,23
4579,350,0
4580,350,1
4581,350,2
4582,350,3
4583,350,4
4584,350,5
4585,350,6
4586,350,14
4587,350,15
4588,350,16
4589,350,17
4590,350,18
4591,350,19
4592,350,20
4593,350,21
4594,350,22
4595,350,23
4596,351,0
4597,351,1
4598,351,2
4599,351,3
4600,351,4
4601,351,5
4602,351,6
4603,351,14
4604,351,15
4605,351,16
4606,351,17
4607,351,18
4608,351,19
4609,351,20
4610,351,21
4611,351,22
4612,351,23
4613,352,0
4614,352,1
4615,352,2
4616,352,3
4617,352,4
4618,352,5
4619,352,15
4620,352,16
4621,352,17
4622,352,18
4623,352,19
4624,352,20
4625,352,21
4626,352,22
4627,352,23
4628,353,0
4629,353,1
4630,353,2
4631,353,3
4632,353,4
4633,353,5
4634,353,15
4635,353,16
4636,353,17
4637,353,18
4638,353,19
4639,353,20
4640,353,21
4641,353,22
4642,353,23
4643,354,0
4644,354,1
4645,354,2
4646,354,3
4647,354,4
4648,354,5
4649,354,15
4650,354,16
4651,354,17
4652,354,18
4653,354,19
4654,354,20
4655,354,21
4656,354,22
4657,354,23
4658,355,0
4659,355,1
4660,355,2
4661,355,3
4662,355,4
4663,355,5
4664,355,15
4665,355,16
4666,355,17
4667,355,18
4668,355,19
4669,355,20
4670,355,21
4671,355,22
4672,355,23
4673,356,0
4674,356,1
4675,356,2
4676,356,3
4677,356,4
4678,356,5
4679,356,14
4680,356,15
4681,356,16
4682,356,17
4683,356,18
4684,356,19
4685,356,20
4686,356,21
4687,356,22
4688,356,23
4689,357,0
4690,357,1
4691,357,2
4692,357,3
4693,357,4
4694,357,5
4695,357,14
4696,357,15
4697,357,16
4698,357,17
4699,357,18
4700,357,19
4701,357,20
4702,357,21
4703,357,22
4704,357,23
4705,358,0
4706,358,1
4707,358,2
4708,358,3
4709,358,4
4710,358,5
4711,358,14
4712,358,15
4713,358,16
4714,358,17
4715,358,18
4716,358,19
4717,358,20
4718,358,21
4719,358,22
4720,358,23
4721,359,0
4722,359,1
4723,359,2
4724,359,3
4725,359,4
4726,359,5
4727,359,15
4728,359,16
4729,359,17
4730,359,18
4731,359,19
4732,359,20
4733,359,21
4734,359,22
4735,359,23
4736,360,0
4737,360,1
4738,360,2
4739,360,3
4740,360,4
4741,360,5
4742,360,14
4743,360,15
4744,360,16
4745,360,17
4746,360,18
4747,360,19
4748,360,20
4749,360,21
4750,360,22
4751,360,23
4752,361,0
4753,361,1
4754,361,2
4755,361,3
4756,361,4
4757,361,5
4758,361,6
4759,361,14
4760,361,15
4761,361,16
4762,361,17
4763,361,18
4764,361,19
4765,361,20
4766,361,21
4767,361,22
4768,361,23
4769,362,0
4770,362,1
4771,362,2
4772,362,3
4773,362,4
4774,362,5
4775,362,6
4776,362,14
4777,362,15
4778,362,16
4779,362,17
4780,362,18
4781,362,19
4782,362,20
4783,362,21
4784,362,22
4785,362,23
4786,363,0
4787,363,1
4788,363,2
4789,363,3
4790,363,4
4791,363,5
4792,363,15
4793,363,16
4794,363,17
4795,363,18
4796,363,19
4797,363,20
4798,363,21
4799,363,22
4800,363,23
4801,364,0
4802,364,1
4803,364,2
4804,364,3
4805,364,4
4806,364,5
4807,364,15
4808,364,16
4809,364,17
4810,364,18
4811,364,19
4812,364,20
4813,364,21
4814,364,22
4815,364,23
4816,365,0
4817,365,1
4818,365,2
4819,365,3
4820,365,4
4821,365,5
4822,365,15
4823,365,16
4824,365,17
4825,365,18
4826,365,19
4827,365,20
4828,365,21
4829,365,22
4830,365,23
