,day,hour
0,1,0
1,1,1
2,1,2
3,1,3
4,1,4
5,1,5
6,1,6
7,1,15
8,1,16
9,1,17
10,1,18
11,1,19
12,1,20
13,1,21
14,1,22
15,1,23
16,2,0
17,2,1
18,2,2
19,2,3
20,2,4
21,2,5
22,2,6
23,2,15
24,2,16
25,2,17
26,2,18
27,2,19
28,2,20
29,2,21
30,2,22
31,2,23
32,3,0
33,3,1
34,3,2
35,3,3
36,3,4
37,3,5
38,3,6
39,3,15
40,3,16
41,3,17
42,3,18
43,3,19
44,3,20
45,3,21
46,3,22
47,3,23
48,4,0
49,4,1
50,4,2
51,4,3
52,4,4
53,4,5
54,4,6
55,4,15
56,4,16
57,4,17
58,4,18
59,4,19
60,4,20
61,4,21
62,4,22
63,4,23
64,5,0
65,5,1
66,5,2
67,5,3
68,5,4
69,5,5
70,5,6
71,5,15
72,5,16
73,5,17
74,5,18
75,5,19
76,5,20
77,5,21
78,5,22
79,5,23
80,6,0
81,6,1
82,6,2
83,6,3
84,6,4
85,6,5
86,6,6
87,6,15
88,6,16
89,6,17
90,6,18
91,6,19
92,6,20
93,6,21
94,6,22
95,6,23
96,7,0
97,7,1
98,7,2
99,7,3
100,7,4
101,7,5
102,7,6
103,7,15
104,7,16
105,7,17
106,7,18
107,7,19
108,7,20
109,7,21
110,7,22
111,7,23
112,8,0
113,8,1
114,8,2
115,8,3
116,8,4
117,8,5
118,8,6
119,8,15
120,8,16
121,8,17
122,8,18
123,8,19
124,8,20
125,8,21
126,8,22
127,8,23
128,9,0
129,9,1
130,9,2
131,9,3
132,9,4
133,9,5
134,9,6
135,9,15
136,9,16
137,9,17
138,9,18
139,9,19
140,9,20
141,9,21
142,9,22
143,9,23
144,10,0
145,10,1
146,10,2
147,10,3
148,10,4
149,10,5
150,10,6
151,10,15
152,10,16
153,10,17
154,10,18
155,10,19
156,10,20
157,10,21
158,10,22
159,10,23
160,11,0
161,11,1
162,11,2
163,11,3
164,11,4
165,11,5
166,11,6
167,11,15
168,11,16
169,11,17
170,11,18
171,11,19
172,11,20
173,11,21
174,11,22
175,11,23
176,12,0
177,12,1
178,12,2
179,12,3
180,12,4
181,12,5
182,12,6
183,12,15
184,12,16
185,12,17
186,12,18
187,12,19
188,12,20
189,12,21
190,12,22
191,12,23
192,13,0
193,13,1
194,13,2
195,13,3
196,13,4
197,13,5
198,13,6
199,13,15
200,13,16
201,13,17
202,13,18
203,13,19
204,13,20
205,13,21
206,13,22
207,13,23
208,14,0
209,14,1
210,14,2
211,14,3
212,14,4
213,14,5
214,14,6
215,14,15
216,14,16
217,14,17
218,14,18
219,14,19
220,14,20
221,14,21
222,14,22
223,14,23
224,15,0
225,15,1
226,15,2
227,15,3
228,15,4
229,15,5
230,15,6
231,15,15
232,15,16
233,15,17
234,15,18
235,15,19
236,15,20
237,15,21
238,15,22
239,15,23
240,16,0
241,16,1
242,16,2
243,16,3
244,16,4
245,16,5
246,16,6
247,16,15
248,16,16
249,16,17
250,16,18
251,16,19
252,16,20
253,16,21
254,16,22
255,16,23
256,17,0
257,17,1
258,17,2
259,17,3
260,17,4
261,17,5
262,17,6
263,17,15
264,17,16
265,17,17
266,17,18
267,17,19
268,17,20
269,17,21
270,17,22
271,17,23
272,18,0
273,18,1
274,18,2
275,18,3
276,18,4
277,18,5
278,18,6
279,18,15
280,18,16
281,18,17
282,18,18
283,18,19
284,18,20
285,18,21
286,18,22
287,18,23
288,19,0
289,19,1
290,19,2
291,19,3
292,19,4
293,19,5
294,19,6
295,19,15
296,19,16
297,19,17
298,19,18
299,19,19
300,19,20
301,19,21
302,19,22
303,19,23
304,20,0
305,20,1
306,20,2
307,20,3
308,20,4
309,20,5
310,20,6
311,20,15
312,20,16
313,20,17
314,20,18
315,20,19
316,20,20
317,20,21
318,20,22
319,20,23
320,21,0
321,21,1
322,21,2
323,21,3
324,21,4
325,21,5
326,21,6
327,21,15
328,21,16
329,21,17
330,21,18
331,21,19
332,21,20
333,21,21
334,21,22
335,21,23
336,22,0
337,22,1
338,22,2
339,22,3
340,22,4
341,22,5
342,22,6
343,22,15
344,22,16
345,22,17
346,22,18
347,22,19
348,22,20
349,22,21
350,22,22
351,22,23
352,23,0
353,23,1
354,23,2
355,23,3
356,23,4
357,23,5
358,23,6
359,23,15
360,23,16
361,23,17
362,23,18
363,23,19
364,23,20
365,23,21
366,23,22
367,23,23
368,24,0
369,24,1
370,24,2
371,24,3
372,24,4
373,24,5
374,24,6
375,24,15
376,24,16
377,24,17
378,24,18
379,24,19
380,24,20
381,24,21
382,24,22
383,24,23
384,25,0
385,25,1
386,25,2
387,25,3
388,25,4
389,25,5
390,25,6
391,25,15
392,25,16
393,25,17
394,25,18
395,25,19
396,25,20
397,25,21
398,25,22
399,25,23
400,26,0
401,26,1
402,26,2
403,26,3
404,26,4
405,26,5
406,26,6
407,26,15
408,26,16
409,26,17
410,26,18
411,26,19
412,26,20
413,26,21
414,26,22
415,26,23
416,27,0
417,27,1
418,27,2
419,27,3
420,27,4
421,27,5
422,27,6
423,27,15
424,27,16
425,27,17
426,27,18
427,27,19
428,27,20
429,27,21
430,27,22
431,27,23
432,28,0
433,28,1
434,28,2
435,28,3
436,28,4
437,28,5
438,28,6
439,28,15
440,28,16
441,28,17
442,28,18
443,28,19
444,28,20
445,28,21
446,28,22
447,28,23
448,29,0
449,29,1
450,29,2
451,29,3
452,29,4
453,29,5
454,29,6
455,29,15
456,29,16
457,29,17
458,29,18
459,29,19
460,29,20
461,29,21
462,29,22
463,29,23
464,30,0
465,30,1
466,30,2
467,30,3
468,30,4
469,30,5
470,30,6
471,30,16
472,30,17
473,30,18
474,30,19
475,30,20
476,30,21
477,30,22
478,30,23
479,31,0
480,31,1
481,31,2
482,31,3
483,31,4
484,31,5
485,31,6
486,31,16
487,31,17
488,31,18
489,31,19
490,31,20
491,31,21
492,31,22
493,31,23
494,32,0
495,32,1
496,32,2
497,32,3
498,32,4
499,32,5
500,32,6
501,32,16
502,32,17
503,32,18
504,32,19
505,32,20
506,32,21
507,32,22
508,32,23
509,33,0
510,33,1
511,33,2
512,33,3
513,33,4
514,33,5
515,33,6
516,33,16
517,33,17
518,33,18
519,33,19
520,33,20
521,33,21
522,33,22
523,33,23
524,34,0
525,34,1
526,34,2
527,34,3
528,34,4
529,34,5
530,34,6
531,34,16
532,34,17
533,34,18
534,34,19
535,34,20
536,34,21
537,34,22
538,34,23
539,35,0
540,35,1
541,35,2
542,35,3
543,35,4
544,35,5
545,35,6
546,35,16
547,35,17
548,35,18
549,35,19
550,35,20
551,35,21
552,35,22
553,35,23
554,36,0
555,36,1
556,36,2
557,36,3
558,36,4
559,36,5
560,36,6
561,36,16
562,36,17
563,36,18
564,36,19
565,36,20
566,36,21
567,36,22
568,36,23
569,37,0
570,37,1
571,37,2
572,37,3
573,37,4
574,37,5
575,37,6
576,37,16
577,37,17
578,37,18
579,37,19
580,37,20
581,37,21
582,37,22
583,37,23
584,38,0
585,38,1
586,38,2
587,38,3
588,38,4
589,38,5
590,38,6
591,38,16
592,38,17
593,38,18
594,38,19
595,38,20
596,38,21
597,38,22
598,38,23
599,39,0
600,39,1
601,39,2
602,39,3
603,39,4
604,39,5
605,39,6
606,39,16
607,39,17
608,39,18
609,39,19
610,39,20
611,39,21
612,39,22
613,39,23
614,40,0
615,40,1
616,40,2
617,40,3
618,40,4
619,40,5
620,40,6
621,40,16
622,40,17
623,40,18
624,40,19
625,40,20
626,40,21
627,40,22
628,40,23
629,41,0
630,41,1
631,41,2
632,41,3
633,41,4
634,41,5
635,41,6
636,41,16
637,41,17
638,41,18
639,41,19
640,41,20
641,41,21
642,41,22
643,41,23
644,42,0
645,42,1
646,42,2
647,42,3
648,42,4
649,42,5
650,42,6
651,42,16
652,42,17
653,42,18
654,42,19
655,42,20
656,42,21
657,42,22
658,42,23
659,43,0
660,43,1
661,43,2
662,43,3
663,43,4
664,43,5
665,43,6
666,43,16
667,43,17
668,43,18
669,43,19
670,43,20
671,43,21
672,43,22
673,43,23
674,44,0
675,44,1
676,44,2
677,44,3
678,44,4
679,44,5
680,44,6
681,44,16
682,44,17
683,44,18
684,44,19
685,44,20
686,44,21
687,44,22
688,44,23
689,45,0
690,45,1
691,45,2
692,45,3
693,45,4
694,45,5
695,45,6
696,45,16
697,45,17
698,45,18
699,45,19
700,45,20
701,45,21
702,45,22
703,45,23
704,46,0
705,46,1
706,46,2
707,46,3
708,46,4
709,46,5
710,46,6
711,46,16
712,46,17
713,46,18
714,46,19
715,46,20
716,46,21
717,46,22
718,46,23
719,47,0
720,47,1
721,47,2
722,47,3
723,47,4
724,47,5
725,47,6
726,47,16
727,47,17
728,47,18
729,47,19
730,47,20
731,47,21
732,47,22
733,47,23
734,48,0
735,48,1
736,48,2
737,48,3
738,48,4
739,48,5
740,48,6
741,48,16
742,48,17
743,48,18
744,48,19
745,48,20
746,48,21
747,48,22
748,48,23
749,49,0
750,49,1
751,49,2
752,49,3
753,49,4
754,49,5
755,49,16
756,49,17
757,49,18
758,49,19
759,49,20
760,49,21
761,49,22
762,49,23
763,50,0
764,50,1
765,50,2
766,50,3
767,50,4
768,50,5
769,50,16
770,50,17
771,50,18
772,50,19
773,50,20
774,50,21
775,50,22
776,50,23
777,51,0
778,51,1
779,51,2
780,51,3
781,51,4
782,51,5
783,51,16
784,51,17
785,51,18
786,51,19
787,51,20
788,51,21
789,51,22
790,51,23
791,52,0
792,52,1
793,52,2
794,52,3
795,52,4
796,52,5
797,52,16
798,52,17
799,52,18
800,52,19
801,52,20
802,52,21
803,52,22
804,52,23
805,53,0
806,53,1
807,53,2
808,53,3
809,53,4
810,53,5
811,53,16
812,53,17
813,53,18
814,53,19
815,53,20
816,53,21
817,53,22
818,53,23
819,54,0
820,54,1
821,54,2
822,54,3
823,54,4
824,54,5
825,54,16
826,54,17
827,54,18
828,54,19
829,54,20
830,54,21
831,54,22
832,54,23
833,55,0
834,55,1
835,55,2
836,55,3
837,55,4
838,55,5
839,55,16
840,55,17
841,55,18
842,55,19
843,55,20
844,55,21
845,55,22
846,55,23
847,56,0
848,56,1
849,56,2
850,56,3
851,56,4
852,56,5
853,56,16
854,56,17
855,56,18
856,56,19
857,56,20
858,56,21
859,56,22
860,56,23
861,57,0
862,57,1
863,57,2
864,57,3
865,57,4
866,57,5
867,57,16
868,57,17
869,57,18
870,57,19
871,57,20
872,57,21
873,57,22
874,57,23
875,58,0
876,58,1
877,58,2
878,58,3
879,58,4
880,58,5
881,58,16
882,58,17
883,58,18
884,58,19
885,58,20
886,58,21
887,58,22
888,58,23
889,59,0
890,59,1
891,59,2
892,59,3
893,59,4
894,59,5
895,59,16
896,59,17
897,59,18
898,59,19
899,59,20
900,59,21
901,59,22
902,59,23
903,60,0
904,60,1
905,60,2
906,60,3
907,60,4
908,60,5
909,60,16
910,60,17
911,60,18
912,60,19
913,60,20
914,60,21
915,60,22
916,60,23
917,61,0
918,61,1
919,61,2
920,61,3
921,61,4
922,61,5
923,61,16
924,61,17
925,61,18
926,61,19
927,61,20
928,61,21
929,61,22
930,61,23
931,62,0
932,62,1
933,62,2
934,62,3
935,62,4
936,62,5
937,62,16
938,62,17
939,62,18
940,62,19
941,62,20
942,62,21
943,62,22
944,62,23
945,63,0
946,63,1
947,63,2
948,63,3
949,63,4
950,63,5
951,63,16
952,63,17
953,63,18
954,63,19
955,63,20
956,63,21
957,63,22
958,63,23
959,64,0
960,64,1
961,64,2
962,64,3
963,64,4
964,64,5
965,64,16
966,64,17
967,64,18
968,64,19
969,64,20
970,64,21
971,64,22
972,64,23
973,65,0
974,65,1
975,65,2
976,65,3
977,65,4
978,65,5
979,65,16
980,65,17
981,65,18
982,65,19
983,65,20
984,65,21
985,65,22
986,65,23
987,66,0
988,66,1
989,66,2
990,66,3
991,66,4
992,66,5
993,66,16
994,66,17
995,66,18
996,66,19
997,66,20
998,66,21
999,66,22
1000,66,23
1001,67,0
1002,67,1
1003,67,2
1004,67,3
1005,67,4
1006,67,5
1007,67,16
1008,67,17
1009,67,18
1010,67,19
1011,67,20
1012,67,21
1013,67,22
1014,67,23
1015,68,0
1016,68,1
1017,68,2
1018,68,3
1019,68,4
1020,68,5
1021,68,16
1022,68,17
1023,68,18
1024,68,19
1025,68,20
1026,68,21
1027,68,22
1028,68,23
1029,69,0
1030,69,1
1031,69,2
1032,69,3
1033,69,4
1034,69,5
1035,69,16
1036,69,17
1037,69,18
1038,69,19
1039,69,20
1040,69,21
1041,69,22
1042,69,23
1043,70,0
1044,70,1
1045,70,2
1046,70,3
1047,70,4
1048,70,5
1049,70,16
1050,70,17
1051,70,18
1052,70,19
1053,70,20
1054,70,21
1055,70,22
1056,70,23
1057,71,0
1058,71,1
1059,71,2
1060,71,3
1061,71,4
1062,71,5
1063,71,16
1064,71,17
1065,71,18
1066,71,19
1067,71,20
1068,71,21
1069,71,22
1070,71,23
1071,72,0
1072,72,1
1073,72,2
1074,72,3
1075,72,4
1076,72,5
1077,72,16
1078,72,17
1079,72,18
1080,72,19
1081,72,20
1082,72,21
1083,72,22
1084,72,23
1085,73,0
1086,73,1
1087,73,2
1088,73,3
1089,73,4
1090,73,5
1091,73,16
1092,73,17
1093,73,18
1094,73,19
1095,73,20
1096,73,21
1097,73,22
1098,73,23
1099,74,0
1100,74,1
1101,74,2
1102,74,3
1103,74,4
1104,74,5
1105,74,16
1106,74,17
1107,74,18
1108,74,19
1109,74,20
1110,74,21
1111,74,22
1112,74,23
1113,75,0
1114,75,1
1115,75,2
1116,75,3
1117,75,4
1118,75,5
1119,75,16
1120,75,17
1121,75,18
1122,75,19
1123,75,20
1124,75,21
1125,75,22
1126,75,23
1127,76,0
1128,76,1
1129,76,2
1130,76,3
1131,76,4
1132,76,5
1133,76,16
1134,76,17
1135,76,18
1136,76,19
1137,76,20
1138,76,21
1139,76,22
1140,76,23
1141,77,0
1142,77,1
1143,77,2
1144,77,3
1145,77,4
1146,77,5
1147,77,17
1148,77,18
1149,77,19
1150,77,20
1151,77,21
1152,77,22
1153,77,23
1154,78,0
1155,78,1
1156,78,2
1157,78,3
1158,78,4
1159,78,5
1160,78,17
1161,78,18
1162,78,19
1163,78,20
1164,78,21
1165,78,22
1166,78,23
1167,79,0
1168,79,1
1169,79,2
1170,79,3
1171,79,4
1172,79,5
1173,79,17
1174,79,18
1175,79,19
1176,79,20
1177,79,21
1178,79,22
1179,79,23
1180,80,0
1181,80,1
1182,80,2
1183,80,3
1184,80,4
1185,80,5
1186,80,17
1187,80,18
1188,80,19
1189,80,20
1190,80,21
1191,80,22
1192,80,23
1193,81,0
1194,81,1
1195,81,2
1196,81,3
1197,81,4
1198,81,5
1199,81,17
1200,81,18
1201,81,19
1202,81,20
1203,81,21
1204,81,22
1205,81,23
1206,82,0
1207,82,1
1208,82,2
1209,82,3
1210,82,4
1211,82,5
1212,82,17
1213,82,18
1214,82,19
1215,82,20
1216,82,21
1217,82,22
1218,82,23
1219,83,0
1220,83,1
1221,83,2
1222,83,3
1223,83,4
1224,83,5
1225,83,17
1226,83,18
1227,83,19
1228,83,20
1229,83,21
1230,83,22
1231,83,23
1232,84,0
1233,84,1
1234,84,2
1235,84,3
1236,84,4
1237,84,5
1238,84,17
1239,84,18
1240,84,19
1241,84,20
1242,84,21
1243,84,22
1244,84,23
1245,85,0
1246,85,1
1247,85,2
1248,85,3
1249,85,4
1250,85,5
1251,85,17
1252,85,18
1253,85,19
1254,85,20
1255,85,21
1256,85,22
1257,85,23
1258,86,0
1259,86,1
1260,86,2
1261,86,3
1262,86,4
1263,86,5
1264,86,17
1265,86,18
1266,86,19
1267,86,20
1268,86,21
1269,86,22
1270,86,23
1271,87,0
1272,87,1
1273,87,2
1274,87,3
1275,87,4
1276,87,5
1277,87,17
1278,87,18
1279,87,19
1280,87,20
1281,87,21
1282,87,22
1283,87,23
1284,88,0
1285,88,1
1286,88,2
1287,88,3
1288,88,4
1289,88,5
1290,88,17
1291,88,18
1292,88,19
1293,88,20
1294,88,21
1295,88,22
1296,88,23
1297,89,0
1298,89,1
1299,89,2
1300,89,3
1301,89,4
1302,89,5
1303,89,17
1304,89,18
1305,89,19
1306,89,20
1307,89,21
1308,89,22
1309,89,23
1310,90,0
1311,90,1
1312,90,2
1313,90,3
1314,90,4
1315,90,5
1316,90,17
1317,90,18
1318,90,19
1319,90,20
1320,90,21
1321,90,22
1322,90,23
1323,91,0
1324,91,1
1325,91,2
1326,91,3
1327,91,4
1328,91,5
1329,91,17
1330,91,18
1331,91,19
1332,91,20
1333,91,21
1334,91,22
1335,91,23
1336,92,0
1337,92,1
1338,92,2
1339,92,3
1340,92,4
1341,92,5
1342,92,17
1343,92,18
1344,92,19
1345,92,20
1346,92,21
1347,92,22
1348,92,23
1349,93,0
1350,93,1
1351,93,2
1352,93,3
1353,93,4
1354,93,5
1355,93,17
1356,93,18
1357,93,19
1358,93,20
1359,93,21
1360,93,22
1361,93,23
1362,94,0
1363,94,1
1364,94,2
1365,94,3
1366,94,4
1367,94,5
1368,94,17
1369,94,18
1370,94,19
1371,94,20
1372,94,21
1373,94,22
1374,94,23
1375,95,0
1376,95,1
1377,95,2
1378,95,3
1379,95,4
1380,95,5
1381,95,17
1382,95,18
1383,95,19
1384,95,20
1385,95,21
1386,95,22
1387,95,23
1388,96,0
1389,96,1
1390,96,2
1391,96,3
1392,96,4
1393,96,5
1394,96,17
1395,96,18
1396,96,19
1397,96,20
1398,96,21
1399,96,22
1400,96,23
1401,97,0
1402,97,1
1403,97,2
1404,97,3
1405,97,4
1406,97,5
1407,97,17
1408,97,18
1409,97,19
1410,97,20
1411,97,21
1412,97,22
1413,97,23
1414,98,0
1415,98,1
1416,98,2
1417,98,3
1418,98,4
1419,98,5
1420,98,17
1421,98,18
1422,98,19
1423,98,20
1424,98,21
1425,98,22
1426,98,23
1427,99,0
1428,99,1
1429,99,2
1430,99,3
1431,99,4
1432,99,17
1433,99,18
1434,99,19
1435,99,20
1436,99,21
1437,99,22
1438,99,23
1439,100,0
1440,100,1
1441,100,2
1442,100,3
1443,100,4
1444,100,17
1445,100,18
1446,100,19
1447,100,20
1448,100,21
1449,100,22
1450,100,23
1451,101,0
1452,101,1
1453,101,2
1454,101,3
1455,101,4
1456,101,17
1457,101,18
1458,101,19
1459,101,20
1460,101,21
1461,101,22
1462,101,23
1463,102,0
1464,102,1
1465,102,2
1466,102,3
1467,102,4
1468,102,5
1469,102,17
1470,102,18
1471,102,19
1472,102,20
1473,102,21
1474,102,22
1475,102,23
1476,103,0
1477,103,1
1478,103,2
1479,103,3
1480,103,4
1481,103,17
1482,103,18
1483,103,19
1484,103,20
1485,103,21
1486,103,22
1487,103,23
1488,104,0
1489,104,1
1490,104,2
1491,104,3
1492,104,4
1493,104,17
1494,104,18
1495,104,19
1496,104,20
1497,104,21
1498,104,22
1499,104,23
1500,105,0
1501,105,1
1502,105,2
1503,105,3
1504,105,4
1505,105,17
1506,105,18
1507,105,19
1508,105,20
1509,105,21
1510,105,22
1511,105,23
1512,106,0
1513,106,1
1514,106,2
1515,106,3
1516,106,4
1517,106,17
1518,106,18
1519,106,19
1520,106,20
1521,106,21
1522,106,22
1523,106,23
1524,107,0
1525,107,1
1526,107,2
1527,107,3
1528,107,4
1529,107,17
1530,107,18
1531,107,19
1532,107,20
1533,107,21
1534,107,22
1535,107,23
1536,108,0
1537,108,1
1538,108,2
1539,108,3
1540,108,4
1541,108,17
1542,108,18
1543,108,19
1544,108,20
1545,108,21
1546,108,22
1547,108,23
1548,109,0
1549,109,1
1550,109,2
1551,109,3
1552,109,4
1553,109,17
1554,109,18
1555,109,19
1556,109,20
1557,109,21
1558,109,22
1559,109,23
1560,110,0
1561,110,1
1562,110,2
1563,110,3
1564,110,4
1565,110,17
1566,110,18
1567,110,19
1568,110,20
1569,110,21
1570,110,22
1571,110,23
1572,111,0
1573,111,1
1574,111,2
1575,111,3
1576,111,4
1577,111,17
1578,111,18
1579,111,19
1580,111,20
1581,111,21
1582,111,22
1583,111,23
1584,112,0
1585,112,1
1586,112,2
1587,112,3
1588,112,4
1589,112,17
1590,112,18
1591,112,19
1592,112,20
1593,112,21
1594,112,22
1595,112,23
1596,113,0
1597,113,1
1598,113,2
1599,113,3
1600,113,4
1601,113,17
1602,113,18
1603,113,19
1604,113,20
1605,113,21
1606,113,22
1607,113,23
1608,114,0
1609,114,1
1610,114,2
1611,114,3
1612,114,4
1613,114,17
1614,114,18
1615,114,19
1616,114,20
1617,114,21
1618,114,22
1619,114,23
1620,115,0
1621,115,1
1622,115,2
1623,115,3
1624,115,4
1625,115,17
1626,115,18
1627,115,19
1628,115,20
1629,115,21
1630,115,22
1631,115,23
1632,116,0
1633,116,1
1634,116,2
1635,116,3
1636,116,4
1637,116,17
1638,116,18
1639,116,19
1640,116,20
1641,116,21
1642,116,22
1643,116,23
1644,117,0
1645,117,1
1646,117,2
1647,117,3
1648,117,4
1649,117,17
1650,117,18
1651,117,19
1652,117,20
1653,117,21
1654,117,22
1655,117,23
1656,118,0
1657,118,1
1658,118,2
1659,118,3
1660,118,4
1661,118,17
1662,118,18
1663,118,19
1664,118,20
1665,118,21
1666,118,22
1667,118,23
1668,119,0
1669,119,1
1670,119,2
1671,119,3
1672,119,4
1673,119,17
1674,119,18
1675,119,19
1676,119,20
1677,119,21
1678,119,22
1679,119,23
1680,120,0
1681,120,1
1682,120,2
1683,120,3
1684,120,4
1685,120,17
1686,120,18
1687,120,19
1688,120,20
1689,120,21
1690,120,22
1691,120,23
1692,121,0
1693,121,1
1694,121,2
1695,121,3
1696,121,4
1697,121,17
1698,121,18
1699,121,19
1700,121,20
1701,121,21
1702,121,22
1703,121,23
1704,122,0
1705,122,1
1706,122,2
1707,122,3
1708,122,4
1709,122,17
1710,122,18
1711,122,19
1712,122,20
1713,122,21
1714,122,22
1715,122,23
1716,123,0
1717,123,1
1718,123,2
1719,123,3
1720,123,4
1721,123,17
1722,123,18
1723,123,19
1724,123,20
1725,123,21
1726,123,22
1727,123,23
1728,124,0
1729,124,1
1730,124,2
1731,124,3
1732,124,4
1733,124,17
1734,124,18
1735,124,19
1736,124,20
1737,124,21
1738,124,22
1739,124,23
1740,125,0
1741,125,1
1742,125,2
1743,125,3
1744,125,4
1745,125,17
1746,125,18
1747,125,19
1748,125,20
1749,125,21
1750,125,22
1751,125,23
1752,126,0
1753,126,1
1754,126,2
1755,126,3
1756,126,4
1757,126,17
1758,126,18
1759,126,19
1760,126,20
1761,126,21
1762,126,22
1763,126,23
1764,127,0
1765,127,1
1766,127,2
1767,127,3
1768,127,4
1769,127,17
1770,127,18
1771,127,19
1772,127,20
1773,127,21
1774,127,22
1775,127,23
1776,128,0
1777,128,1
1778,128,2
1779,128,3
1780,128,4
1781,128,17
1782,128,18
1783,128,19
1784,128,20
1785,128,21
1786,128,22
1787,128,23
1788,129,0
1789,129,1
1790,129,2
1791,129,3
1792,129,4
1793,129,17
1794,129,18
1795,129,19
1796,129,20
1797,129,21
1798,129,22
1799,129,23
1800,130,0
1801,130,1
1802,130,2
1803,130,3
1804,130,4
1805,130,17
1806,130,18
1807,130,19
1808,130,20
1809,130,21
1810,130,22
1811,130,23
1812,131,0
1813,131,1
1814,131,2
1815,131,3
1816,131,4
1817,131,17
1818,131,18
1819,131,19
1820,131,20
1821,131,21
1822,131,22
1823,131,23
1824,132,0
1825,132,1
1826,132,2
1827,132,3
1828,132,4
1829,132,17
1830,132,18
1831,132,19
1832,132,20
1833,132,21
1834,132,22
1835,132,23
1836,133,0
1837,133,1
1838,133,2
1839,133,3
1840,133,4
1841,133,17
1842,133,18
1843,133,19
1844,133,20
1845,133,21
1846,133,22
1847,133,23
1848,134,0
1849,134,1
1850,134,2
1851,134,3
1852,134,4
1853,134,17
1854,134,18
1855,134,19
1856,134,20
1857,134,21
1858,134,22
1859,134,23
1860,135,0
1861,135,1
1862,135,2
1863,135,3
1864,135,4
1865,135,17
1866,135,18
1867,135,19
1868,135,20
1869,135,21
1870,135,22
1871,135,23
1872,136,0
1873,136,1
1874,136,2
1875,136,3
1876,136,4
1877,136,18
1878,136,19
1879,136,20
1880,136,21
1881,136,22
1882,136,23
1883,137,0
1884,137,1
1885,137,2
1886,137,3
1887,137,4
1888,137,17
1889,137,18
1890,137,19
1891,137,20
1892,137,21
1893,137,22
1894,137,23
1895,138,0
1896,138,1
1897,138,2
1898,138,3
1899,138,4
1900,138,18
1901,138,19
1902,138,20
1903,138,21
1904,138,22
1905,138,23
1906,139,0
1907,139,1
1908,139,2
1909,139,3
1910,139,4
1911,139,18
1912,139,19
1913,139,20
1914,139,21
1915,139,22
1916,139,23
1917,140,0
1918,140,1
1919,140,2
1920,140,3
1921,140,4
1922,140,18
1923,140,19
1924,140,20
1925,140,21
1926,140,22
1927,140,23
1928,141,0
1929,141,1
1930,141,2
1931,141,3
1932,141,4
1933,141,18
1934,141,19
1935,141,20
1936,141,21
1937,141,22
1938,141,23
1939,142,0
1940,142,1
1941,142,2
1942,142,3
1943,142,4
1944,142,18
1945,142,19
1946,142,20
1947,142,21
1948,142,22
1949,142,23
1950,143,0
1951,143,1
1952,143,2
1953,143,3
1954,143,4
1955,143,18
1956,143,19
1957,143,20
1958,143,21
1959,143,22
1960,143,23
1961,144,0
1962,144,1
1963,144,2
1964,144,3
1965,144,4
1966,144,18
1967,144,19
1968,144,20
1969,144,21
1970,144,22
1971,144,23
1972,145,0
1973,145,1
1974,145,2
1975,145,3
1976,145,4
1977,145,18
1978,145,19
1979,145,20
1980,145,21
1981,145,22
1982,145,23
1983,146,0
1984,146,1
1985,146,2
1986,146,3
1987,146,4
1988,146,18
1989,146,19
1990,146,20
1991,146,21
1992,146,22
1993,146,23
1994,147,0
1995,147,1
1996,147,2
1997,147,3
1998,147,4
1999,147,18
2000,147,19
2001,147,20
2002,147,21
2003,147,22
2004,147,23
2005,148,0
2006,148,1
2007,148,2
2008,148,3
2009,148,4
2010,148,18
2011,148,19
2012,148,20
2013,148,21
2014,148,22
2015,148,23
2016,149,0
2017,149,1
2018,149,2
2019,149,3
2020,149,4
2021,149,18
2022,149,19
2023,149,20
2024,149,21
2025,149,22
2026,149,23
2027,150,0
2028,150,1
2029,150,2
2030,150,3
2031,150,4
2032,150,18
2033,150,19
2034,150,20
2035,150,21
2036,150,22
2037,150,23
2038,151,0
2039,151,1
2040,151,2
2041,151,3
2042,151,4
2043,151,18
2044,151,19
2045,151,20
2046,151,21
2047,151,22
2048,151,23
2049,152,0
2050,152,1
2051,152,2
2052,152,3
2053,152,4
2054,152,18
2055,152,19
2056,152,20
2057,152,21
2058,152,22
2059,152,23
2060,153,0
2061,153,1
2062,153,2
2063,153,3
2064,153,4
2065,153,18
2066,153,19
2067,153,20
2068,153,21
2069,153,22
2070,153,23
2071,154,0
2072,154,1
2073,154,2
2074,154,3
2075,154,4
2076,154,18
2077,154,19
2078,154,20
2079,154,21
2080,154,22
2081,154,23
2082,155,0
2083,155,1
2084,155,2
2085,155,3
2086,155,4
2087,155,18
2088,155,19
2089,155,20
2090,155,21
2091,155,22
2092,155,23
2093,156,0
2094,156,1
2095,156,2
2096,156,3
2097,156,4
2098,156,18
2099,156,19
2100,156,20
2101,156,21
2102,156,22
2103,156,23
2104,157,0
2105,157,1
2106,157,2
2107,157,3
2108,157,4
2109,157,18
2110,157,19
2111,157,20
2112,157,21
2113,157,22
2114,157,23
2115,158,0
2116,158,1
2117,158,2
2118,158,3
2119,158,4
2120,158,18
2121,158,19
2122,158,20
2123,158,21
2124,158,22
2125,158,23
2126,159,0
2127,159,1
2128,159,2
2129,159,3
2130,159,4
2131,159,18
2132,159,19
2133,159,20
2134,159,21
2135,159,22
2136,159,23
2137,160,0
2138,160,1
2139,160,2
2140,160,3
2141,160,4
2142,160,18
2143,160,19
2144,160,20
2145,160,21
2146,160,22
2147,160,23
2148,161,0
2149,161,1
2150,161,2
2151,161,3
2152,161,4
2153,161,18
2154,161,19
2155,161,20
2156,161,21
2157,161,22
2158,161,23
2159,162,0
2160,162,1
2161,162,2
2162,162,3
2163,162,4
2164,162,18
2165,162,19
2166,162,20
2167,162,21
2168,162,22
2169,162,23
2170,163,0
2171,163,1
2172,163,2
2173,163,3
2174,163,4
2175,163,18
2176,163,19
2177,163,20
2178,163,21
2179,163,22
2180,163,23
2181,164,0
2182,164,1
2183,164,2
2184,164,3
2185,164,4
2186,164,18
2187,164,19
2188,164,20
2189,164,21
2190,164,22
2191,164,23
2192,165,0
2193,165,1
2194,165,2
2195,165,3
2196,165,4
2197,165,18
2198,165,19
2199,165,20
2200,165,21
2201,165,22
2202,165,23
2203,166,0
2204,166,1
2205,166,2
2206,166,3
2207,166,4
2208,166,18
2209,166,19
2210,166,20
2211,166,21
2212,166,22
2213,166,23
2214,167,0
2215,167,1
2216,167,2
2217,167,3
2218,167,4
2219,167,18
2220,167,19
2221,167,20
2222,167,21
2223,167,22
2224,167,23
2225,168,0
2226,168,1
2227,168,2
2228,168,3
2229,168,4
2230,168,18
2231,168,19
2232,168,20
2233,168,21
2234,168,22
2235,168,23
2236,169,0
2237,169,1
2238,169,2
2239,169,3
2240,169,4
2241,169,18
2242,169,19
2243,169,20
2244,169,21
2245,169,22
2246,169,23
2247,170,0
2248,170,1
2249,170,2
2250,170,3
2251,170,4
2252,170,18
2253,170,19
2254,170,20
2255,170,21
2256,170,22
2257,170,23
2258,171,0
2259,171,1
2260,171,2
2261,171,3
2262,171,4
2263,171,18
2264,171,19
2265,171,20
2266,171,21
2267,171,22
2268,171,23
2269,172,0
2270,172,1
2271,172,2
2272,172,3
2273,172,4
2274,172,18
2275,172,19
2276,172,20
2277,172,21
2278,172,22
2279,172,23
2280,173,0
2281,173,1
2282,173,2
2283,173,3
2284,173,4
2285,173,18
2286,173,19
2287,173,20
2288,173,21
2289,173,22
2290,173,23
2291,174,0
2292,174,1
2293,174,2
2294,174,3
2295,174,4
2296,174,18
2297,174,19
2298,174,20
2299,174,21
2300,174,22
2301,174,23
2302,175,0
2303,175,1
2304,175,2
2305,175,3
2306,175,4
2307,175,18
2308,175,19
2309,175,20
2310,175,21
2311,175,22
2312,175,23
2313,176,0
2314,176,1
2315,176,2
2316,176,3
2317,176,4
2318,176,18
2319,176,19
2320,176,20
2321,176,21
2322,176,22
2323,176,23
2324,177,0
2325,177,1
2326,177,2
2327,177,3
2328,177,4
2329,177,18
2330,177,19
2331,177,20
2332,177,21
2333,177,22
2334,177,23
2335,178,0
2336,178,1
2337,178,2
2338,178,3
2339,178,4
2340,178,18
2341,178,19
2342,178,20
2343,178,21
2344,178,22
2345,178,23
2346,179,0
2347,179,1
2348,179,2
2349,179,3
2350,179,4
2351,179,18
2352,179,19
2353,179,20
2354,179,21
2355,179,22
2356,179,23
2357,180,0
2358,180,1
2359,180,2
2360,180,3
2361,180,4
2362,180,18
2363,180,19
2364,180,20
2365,180,21
2366,180,22
2367,180,23
2368,181,0
2369,181,1
2370,181,2
2371,181,3
2372,181,4
2373,181,18
2374,181,19
2375,181,20
2376,181,21
2377,181,22
2378,181,23
2379,182,0
2380,182,1
2381,182,2
2382,182,3
2383,182,4
2384,182,18
2385,182,19
2386,182,20
2387,182,21
2388,182,22
2389,182,23
2390,183,0
2391,183,1
2392,183,2
2393,183,3
2394,183,4
2395,183,18
2396,183,19
2397,183,20
2398,183,21
2399,183,22
2400,183,23
2401,184,0
2402,184,1
2403,184,2
2404,184,3
2405,184,4
2406,184,18
2407,184,19
2408,184,20
2409,184,21
2410,184,22
2411,184,23
2412,185,0
2413,185,1
2414,185,2
2415,185,3
2416,185,4
2417,185,18
2418,185,19
2419,185,20
2420,185,21
2421,185,22
2422,185,23
2423,186,0
2424,186,1
2425,186,2
2426,186,3
2427,186,4
2428,186,18
2429,186,19
2430,186,20
2431,186,21
2432,186,22
2433,186,23
2434,187,0
2435,187,1
2436,187,2
2437,187,3
2438,187,4
2439,187,18
2440,187,19
2441,187,20
2442,187,21
2443,187,22
2444,187,23
2445,188,0
2446,188,1
2447,188,2
2448,188,3
2449,188,4
2450,188,18
2451,188,19
2452,188,20
2453,188,21
2454,188,22
2455,188,23
2456,189,0
2457,189,1
2458,189,2
2459,189,3
2460,189,4
2461,189,18
2462,189,19
2463,189,20
2464,189,21
2465,189,22
2466,189,23
2467,190,0
2468,190,1
2469,190,2
2470,190,3
2471,190,4
2472,190,18
2473,190,19
2474,190,20
2475,190,21
2476,190,22
2477,190,23
2478,191,0
2479,191,1
2480,191,2
2481,191,3
2482,191,4
2483,191,18
2484,191,19
2485,191,20
2486,191,21
2487,191,22
2488,191,23
2489,192,0
2490,192,1
2491,192,2
2492,192,3
2493,192,4
2494,192,18
2495,192,19
2496,192,20
2497,192,21
2498,192,22
2499,192,23
2500,193,0
2501,193,1
2502,193,2
2503,193,3
2504,193,4
2505,193,18
2506,193,19
2507,193,20
2508,193,21
2509,193,22
2510,193,23
2511,194,0
2512,194,1
2513,194,2
2514,194,3
2515,194,4
2516,194,18
2517,194,19
2518,194,20
2519,194,21
2520,194,22
2521,194,23
2522,195,0
2523,195,1
2524,195,2
2525,195,3
2526,195,4
2527,195,18
2528,195,19
2529,195,20
2530,195,21
2531,195,22
2532,195,23
2533,196,0
2534,196,1
2535,196,2
2536,196,3
2537,196,4
2538,196,18
2539,196,19
2540,196,20
2541,196,21
2542,196,22
2543,196,23
2544,197,0
2545,197,1
2546,197,2
2547,197,3
2548,197,4
2549,197,18
2550,197,19
2551,197,20
2552,197,21
2553,197,22
2554,197,23
2555,198,0
2556,198,1
2557,198,2
2558,198,3
2559,198,4
2560,198,18
2561,198,19
2562,198,20
2563,198,21
2564,198,22
2565,198,23
2566,199,0
2567,199,1
2568,199,2
2569,199,3
2570,199,4
2571,199,18
2572,199,19
2573,199,20
2574,199,21
2575,199,22
2576,199,23
2577,200,0
2578,200,1
2579,200,2
2580,200,3
2581,200,4
2582,200,18
2583,200,19
2584,200,20
2585,200,21
2586,200,22
2587,200,23
2588,201,0
2589,201,1
2590,201,2
2591,201,3
2592,201,4
2593,201,18
2594,201,19
2595,201,20
2596,201,21
2597,201,22
2598,201,23
2599,202,0
2600,202,1
2601,202,2
2602,202,3
2603,202,4
2604,202,18
2605,202,19
2606,202,20
2607,202,21
2608,202,22
2609,202,23
2610,203,0
2611,203,1
2612,203,2
2613,203,3
2614,203,4
2615,203,18
2616,203,19
2617,203,20
2618,203,21
2619,203,22
2620,203,23
2621,204,0
2622,204,1
2623,204,2
2624,204,3
2625,204,4
2626,204,18
2627,204,19
2628,204,20
2629,204,21
2630,204,22
2631,204,23
2632,205,0
2633,205,1
2634,205,2
2635,205,3
2636,205,4
2637,205,18
2638,205,19
2639,205,20
2640,205,21
2641,205,22
2642,205,23
2643,206,0
2644,206,1
2645,206,2
2646,206,3
2647,206,4
2648,206,18
2649,206,19
2650,206,20
2651,206,21
2652,206,22
2653,206,23
2654,207,0
2655,207,1
2656,207,2
2657,207,3
2658,207,4
2659,207,18
2660,207,19
2661,207,20
2662,207,21
2663,207,22
2664,207,23
2665,208,0
2666,208,1
2667,208,2
2668,208,3
2669,208,4
2670,208,18
2671,208,19
2672,208,20
2673,208,21
2674,208,22
2675,208,23
2676,209,0
2677,209,1
2678,209,2
2679,209,3
2680,209,4
2681,209,18
2682,209,19
2683,209,20
2684,209,21
2685,209,22
2686,209,23
2687,210,0
2688,210,1
2689,210,2
2690,210,3
2691,210,4
2692,210,18
2693,210,19
2694,210,20
2695,210,21
2696,210,22
2697,210,23
2698,211,0
2699,211,1
2700,211,2
2701,211,3
2702,211,4
2703,211,18
2704,211,19
2705,211,20
2706,211,21
2707,211,22
2708,211,23
2709,212,0
2710,212,1
2711,212,2
2712,212,3
2713,212,4
2714,212,17
2715,212,18
2716,212,19
2717,212,20
2718,212,21
2719,212,22
2720,212,23
2721,213,0
2722,213,1
2723,213,2
2724,213,3
2725,213,4
2726,213,18
2727,213,19
2728,213,20
2729,213,21
2730,213,22
2731,213,23
2732,214,0
2733,214,1
2734,214,2
2735,214,3
2736,214,4
2737,214,18
2738,214,19
2739,214,20
2740,214,21
2741,214,22
2742,214,23
2743,215,0
2744,215,1
2745,215,2
2746,215,3
2747,215,4
2748,215,17
2749,215,18
2750,215,19
2751,215,20
2752,215,21
2753,215,22
2754,215,23
2755,216,0
2756,216,1
2757,216,2
2758,216,3
2759,216,4
2760,216,17
2761,216,18
2762,216,19
2763,216,20
2764,216,21
2765,216,22
2766,216,23
2767,217,0
2768,217,1
2769,217,2
2770,217,3
2771,217,4
2772,217,17
2773,217,18
2774,217,19
2775,217,20
2776,217,21
2777,217,22
2778,217,23
2779,218,0
2780,218,1
2781,218,2
2782,218,3
2783,218,4
2784,218,17
2785,218,18
2786,218,19
2787,218,20
2788,218,21
2789,218,22
2790,218,23
2791,219,0
2792,219,1
2793,219,2
2794,219,3
2795,219,4
2796,219,17
2797,219,18
2798,219,19
2799,219,20
2800,219,21
2801,219,22
2802,219,23
2803,220,0
2804,220,1
2805,220,2
2806,220,3
2807,220,4
2808,220,17
2809,220,18
2810,220,19
2811,220,20
2812,220,21
2813,220,22
2814,220,23
2815,221,0
2816,221,1
2817,221,2
2818,221,3
2819,221,4
2820,221,17
2821,221,18
2822,221,19
2823,221,20
2824,221,21
2825,221,22
2826,221,23
2827,222,0
2828,222,1
2829,222,2
2830,222,3
2831,222,4
2832,222,17
2833,222,18
2834,222,19
2835,222,20
2836,222,21
2837,222,22
2838,222,23
2839,223,0
2840,223,1
2841,223,2
2842,223,3
2843,223,4
2844,223,17
2845,223,18
2846,223,19
2847,223,20
2848,223,21
2849,223,22
2850,223,23
2851,224,0
2852,224,1
2853,224,2
2854,224,3
2855,224,4
2856,224,17
2857,224,18
2858,224,19
2859,224,20
2860,224,21
2861,224,22
2862,224,23
2863,225,0
2864,225,1
2865,225,2
2866,225,3
2867,225,4
2868,225,17
2869,225,18
2870,225,19
2871,225,20
2872,225,21
2873,225,22
2874,225,23
2875,226,0
2876,226,1
2877,226,2
2878,226,3
2879,226,4
2880,226,17
2881,226,18
2882,226,19
2883,226,20
2884,226,21
2885,226,22
2886,226,23
2887,227,0
2888,227,1
2889,227,2
2890,227,3
2891,227,4
2892,227,17
2893,227,18
2894,227,19
2895,227,20
2896,227,21
2897,227,22
2898,227,23
2899,228,0
2900,228,1
2901,228,2
2902,228,3
2903,228,4
2904,228,17
2905,228,18
2906,228,19
2907,228,20
2908,228,21
2909,228,22
2910,228,23
2911,229,0
2912,229,1
2913,229,2
2914,229,3
2915,229,4
2916,229,17
2917,229,18
2918,229,19
2919,229,20
2920,229,21
2921,229,22
2922,229,23
2923,230,0
2924,230,1
2925,230,2
2926,230,3
2927,230,4
2928,230,17
2929,230,18
2930,230,19
2931,230,20
2932,230,21
2933,230,22
2934,230,23
2935,231,0
2936,231,1
2937,231,2
2938,231,3
2939,231,4
2940,231,17
2941,231,18
2942,231,19
2943,231,20
2944,231,21
2945,231,22
2946,231,23
2947,232,0
2948,232,1
2949,232,2
2950,232,3
2951,232,4
2952,232,17
2953,232,18
2954,232,19
2955,232,20
2956,232,21
2957,232,22
2958,232,23
2959,233,0
2960,233,1
2961,233,2
2962,233,3
2963,233,4
2964,233,17
2965,233,18
2966,233,19
2967,233,20
2968,233,21
2969,233,22
2970,233,23
2971,234,0
2972,234,1
2973,234,2
2974,234,3
2975,234,4
2976,234,17
2977,234,18
2978,234,19
2979,234,20
2980,234,21
2981,234,22
2982,234,23
2983,235,0
2984,235,1
2985,235,2
2986,235,3
2987,235,4
2988,235,17
2989,235,18
2990,235,19
2991,235,20
2992,235,21
2993,235,22
2994,235,23
2995,236,0
2996,236,1
2997,236,2
2998,236,3
2999,236,4
3000,236,17
3001,236,18
3002,236,19
3003,236,20
3004,236,21
3005,236,22
3006,236,23
3007,237,0
3008,237,1
3009,237,2
3010,237,3
3011,237,4
3012,237,17
3013,237,18
3014,237,19
3015,237,20
3016,237,21
3017,237,22
3018,237,23
3019,238,0
3020,238,1
3021,238,2
3022,238,3
3023,238,4
3024,238,17
3025,238,18
3026,238,19
3027,238,20
3028,238,21
3029,238,22
3030,238,23
3031,239,0
3032,239,1
3033,239,2
3034,239,3
3035,239,4
3036,239,17
3037,239,18
3038,239,19
3039,239,20
3040,239,21
3041,239,22
3042,239,23
3043,240,0
3044,240,1
3045,240,2
3046,240,3
3047,240,4
3048,240,17
3049,240,18
3050,240,19
3051,240,20
3052,240,21
3053,240,22
3054,240,23
3055,241,0
3056,241,1
3057,241,2
3058,241,3
3059,241,4
3060,241,17
3061,241,18
3062,241,19
3063,241,20
3064,241,21
3065,241,22
3066,241,23
3067,242,0
3068,242,1
3069,242,2
3070,242,3
3071,242,4
3072,242,17
3073,242,18
3074,242,19
3075,242,20
3076,242,21
3077,242,22
3078,242,23
3079,243,0
3080,243,1
3081,243,2
3082,243,3
3083,243,4
3084,243,17
3085,243,18
3086,243,19
3087,243,20
3088,243,21
3089,243,22
3090,243,23
3091,244,0
3092,244,1
3093,244,2
3094,244,3
3095,244,4
3096,244,17
3097,244,18
3098,244,19
3099,244,20
3100,244,21
3101,244,22
3102,244,23
3103,245,0
3104,245,1
3105,245,2
3106,245,3
3107,245,4
3108,245,17
3109,245,18
3110,245,19
3111,245,20
3112,245,21
3113,245,22
3114,245,23
3115,246,0
3116,246,1
3117,246,2
3118,246,3
3119,246,4
3120,246,17
3121,246,18
3122,246,19
3123,246,20
3124,246,21
3125,246,22
3126,246,23
3127,247,0
3128,247,1
3129,247,2
3130,247,3
3131,247,4
3132,247,17
3133,247,18
3134,247,19
3135,247,20
3136,247,21
3137,247,22
3138,247,23
3139,248,0
3140,248,1
3141,248,2
3142,248,3
3143,248,4
3144,248,17
3145,248,18
3146,248,19
3147,248,20
3148,248,21
3149,248,22
3150,248,23
3151,249,0
3152,249,1
3153,249,2
3154,249,3
3155,249,4
3156,249,17
3157,249,18
3158,249,19
3159,249,20
3160,249,21
3161,249,22
3162,249,23
3163,250,0
3164,250,1
3165,250,2
3166,250,3
3167,250,4
3168,250,5
3169,250,17
3170,250,18
3171,250,19
3172,250,20
3173,250,21
3174,250,22
3175,250,23
3176,251,0
3177,251,1
3178,251,2
3179,251,3
3180,251,4
3181,251,5
3182,251,17
3183,251,18
3184,251,19
3185,251,20
3186,251,21
3187,251,22
3188,251,23
3189,252,0
3190,252,1
3191,252,2
3192,252,3
3193,252,4
3194,252,5
3195,252,17
3196,252,18
3197,252,19
3198,252,20
3199,252,21
3200,252,22
3201,252,23
3202,253,0
3203,253,1
3204,253,2
3205,253,3
3206,253,4
3207,253,5
3208,253,17
3209,253,18
3210,253,19
3211,253,20
3212,253,21
3213,253,22
3214,253,23
3215,254,0
3216,254,1
3217,254,2
3218,254,3
3219,254,4
3220,254,5
3221,254,17
3222,254,18
3223,254,19
3224,254,20
3225,254,21
3226,254,22
3227,254,23
3228,255,0
3229,255,1
3230,255,2
3231,255,3
3232,255,4
3233,255,5
3234,255,17
3235,255,18
3236,255,19
3237,255,20
3238,255,21
3239,255,22
3240,255,23
3241,256,0
3242,256,1
3243,256,2
3244,256,3
3245,256,4
3246,256,5
3247,256,17
3248,256,18
3249,256,19
3250,256,20
3251,256,21
3252,256,22
3253,256,23
3254,257,0
3255,257,1
3256,257,2
3257,257,3
3258,257,4
3259,257,5
3260,257,17
3261,257,18
3262,257,19
3263,257,20
3264,257,21
3265,257,22
3266,257,23
3267,258,0
3268,258,1
3269,258,2
3270,258,3
3271,258,4
3272,258,5
3273,258,17
3274,258,18
3275,258,19
3276,258,20
3277,258,21
3278,258,22
3279,258,23
3280,259,0
3281,259,1
3282,259,2
3283,259,3
3284,259,4
3285,259,5
3286,259,17
3287,259,18
3288,259,19
3289,259,20
3290,259,21
3291,259,22
3292,259,23
3293,260,0
3294,260,1
3295,260,2
3296,260,3
3297,260,4
3298,260,5
3299,260,17
3300,260,18
3301,260,19
3302,260,20
3303,260,21
3304,260,22
3305,260,23
3306,261,0
3307,261,1
3308,261,2
3309,261,3
3310,261,4
3311,261,5
3312,261,17
3313,261,18
3314,261,19
3315,261,20
3316,261,21
3317,261,22
3318,261,23
3319,262,0
3320,262,1
3321,262,2
3322,262,3
3323,262,4
3324,262,5
3325,262,17
3326,262,18
3327,262,19
3328,262,20
3329,262,21
3330,262,22
3331,262,23
3332,263,0
3333,263,1
3334,263,2
3335,263,3
3336,263,4
3337,263,5
3338,263,17
3339,263,18
3340,263,19
3341,263,20
3342,263,21
3343,263,22
3344,263,23
3345,264,0
3346,264,1
3347,264,2
3348,264,3
3349,264,4
3350,264,5
3351,264,17
3352,264,18
3353,264,19
3354,264,20
3355,264,21
3356,264,22
3357,264,23
3358,265,0
3359,265,1
3360,265,2
3361,265,3
3362,265,4
3363,265,5
3364,265,17
3365,265,18
3366,265,19
3367,265,20
3368,265,21
3369,265,22
3370,265,23
3371,266,0
3372,266,1
3373,266,2
3374,266,3
3375,266,4
3376,266,5
3377,266,17
3378,266,18
3379,266,19
3380,266,20
3381,266,21
3382,266,22
3383,266,23
3384,267,0
3385,267,1
3386,267,2
3387,267,3
3388,267,4
3389,267,5
3390,267,16
3391,267,17
3392,267,18
3393,267,19
3394,267,20
3395,267,21
3396,267,22
3397,267,23
3398,268,0
3399,268,1
3400,268,2
3401,268,3
3402,268,4
3403,268,5
3404,268,16
3405,268,17
3406,268,18
3407,268,19
3408,268,20
3409,268,21
3410,268,22
3411,268,23
3412,269,0
3413,269,1
3414,269,2
3415,269,3
3416,269,4
3417,269,5
3418,269,16
3419,269,17
3420,269,18
3421,269,19
3422,269,20
3423,269,21
3424,269,22
3425,269,23
3426,270,0
3427,270,1
3428,270,2
3429,270,3
3430,270,4
3431,270,5
3432,270,16
3433,270,17
3434,270,18
3435,270,19
3436,270,20
3437,270,21
3438,270,22
3439,270,23
3440,271,0
3441,271,1
3442,271,2
3443,271,3
3444,271,4
3445,271,5
3446,271,16
3447,271,17
3448,271,18
3449,271,19
3450,271,20
3451,271,21
3452,271,22
3453,271,23
3454,272,0
3455,272,1
3456,272,2
3457,272,3
3458,272,4
3459,272,5
3460,272,16
3461,272,17
3462,272,18
3463,272,19
3464,272,20
3465,272,21
3466,272,22
3467,272,23
3468,273,0
3469,273,1
3470,273,2
3471,273,3
3472,273,4
3473,273,5
3474,273,16
3475,273,17
3476,273,18
3477,273,19
3478,273,20
3479,273,21
3480,273,22
3481,273,23
3482,274,0
3483,274,1
3484,274,2
3485,274,3
3486,274,4
3487,274,5
3488,274,16
3489,274,17
3490,274,18
3491,274,19
3492,274,20
3493,274,21
3494,274,22
3495,274,23
3496,275,0
3497,275,1
3498,275,2
3499,275,3
3500,275,4
3501,275,5
3502,275,16
3503,275,17
3504,275,18
3505,275,19
3506,275,20
3507,275,21
3508,275,22
3509,275,23
3510,276,0
3511,276,1
3512,276,2
3513,276,3
3514,276,4
3515,276,5
3516,276,16
3517,276,17
3518,276,18
3519,276,19
3520,276,20
3521,276,21
3522,276,22
3523,276,23
3524,277,0
3525,277,1
3526,277,2
3527,277,3
3528,277,4
3529,277,5
3530,277,16
3531,277,17
3532,277,18
3533,277,19
3534,277,20
3535,277,21
3536,277,22
3537,277,23
3538,278,0
3539,278,1
3540,278,2
3541,278,3
3542,278,4
3543,278,5
3544,278,16
3545,278,17
3546,278,18
3547,278,19
3548,278,20
3549,278,21
3550,278,22
3551,278,23
3552,279,0
3553,279,1
3554,279,2
3555,279,3
3556,279,4
3557,279,5
3558,279,16
3559,279,17
3560,279,18
3561,279,19
3562,279,20
3563,279,21
3564,279,22
3565,279,23
3566,280,0
3567,280,1
3568,280,2
3569,280,3
3570,280,4
3571,280,5
3572,280,16
3573,280,17
3574,280,18
3575,280,19
3576,280,20
3577,280,21
3578,280,22
3579,280,23
3580,281,0
3581,281,1
3582,281,2
3583,281,3
3584,281,4
3585,281,5
3586,281,16
3587,281,17
3588,281,18
3589,281,19
3590,281,20
3591,281,21
3592,281,22
3593,281,23
3594,282,0
3595,282,1
3596,282,2
3597,282,3
3598,282,4
3599,282,5
3600,282,16
3601,282,17
3602,282,18
3603,282,19
3604,282,20
3605,282,21
3606,282,22
3607,282,23
3608,283,0
3609,283,1
3610,283,2
3611,283,3
3612,283,4
3613,283,5
3614,283,16
3615,283,17
3616,283,18
3617,283,19
3618,283,20
3619,283,21
3620,283,22
3621,283,23
3622,284,0
3623,284,1
3624,284,2
3625,284,3
3626,284,4
3627,284,5
3628,284,16
3629,284,17
3630,284,18
3631,284,19
3632,284,20
3633,284,21
3634,284,22
3635,284,23
3636,285,0
3637,285,1
3638,285,2
3639,285,3
3640,285,4
3641,285,5
3642,285,16
3643,285,17
3644,285,18
3645,285,19
3646,285,20
3647,285,21
3648,285,22
3649,285,23
3650,286,0
3651,286,1
3652,286,2
3653,286,3
3654,286,4
3655,286,5
3656,286,16
3657,286,17
3658,286,18
3659,286,19
3660,286,20
3661,286,21
3662,286,22
3663,286,23
3664,287,0
3665,287,1
3666,287,2
3667,287,3
3668,287,4
3669,287,5
3670,287,16
3671,287,17
3672,287,18
3673,287,19
3674,287,20
3675,287,21
3676,287,22
3677,287,23
3678,288,0
3679,288,1
3680,288,2
3681,288,3
3682,288,4
3683,288,5
3684,288,16
3685,288,17
3686,288,18
3687,288,19
3688,288,20
3689,288,21
3690,288,22
3691,288,23
3692,289,0
3693,289,1
3694,289,2
3695,289,3
3696,289,4
3697,289,5
3698,289,16
3699,289,17
3700,289,18
3701,289,19
3702,289,20
3703,289,21
3704,289,22
3705,289,23
3706,290,0
3707,290,1
3708,290,2
3709,290,3
3710,290,4
3711,290,5
3712,290,16
3713,290,17
3714,290,18
3715,290,19
3716,290,20
3717,290,21
3718,290,22
3719,290,23
3720,291,0
3721,291,1
3722,291,2
3723,291,3
3724,291,4
3725,291,5
3726,291,16
3727,291,17
3728,291,18
3729,291,19
3730,291,20
3731,291,21
3732,291,22
3733,291,23
3734,292,0
3735,292,1
3736,292,2
3737,292,3
3738,292,4
3739,292,5
3740,292,16
3741,292,17
3742,292,18
3743,292,19
3744,292,20
3745,292,21
3746,292,22
3747,292,23
3748,293,0
3749,293,1
3750,293,2
3751,293,3
3752,293,4
3753,293,5
3754,293,16
3755,293,17
3756,293,18
3757,293,19
3758,293,20
3759,293,21
3760,293,22
3761,293,23
3762,294,0
3763,294,1
3764,294,2
3765,294,3
3766,294,4
3767,294,5
3768,294,6
3769,294,16
3770,294,17
3771,294,18
3772,294,19
3773,294,20
3774,294,21
3775,294,22
3776,294,23
3777,295,0
3778,295,1
3779,295,2
3780,295,3
3781,295,4
3782,295,5
3783,295,6
3784,295,16
3785,295,17
3786,295,18
3787,295,19
3788,295,20
3789,295,21
3790,295,22
3791,295,23
3792,296,0
3793,296,1
3794,296,2
3795,296,3
3796,296,4
3797,296,5
3798,296,6
3799,296,16
3800,296,17
3801,296,18
3802,296,19
3803,296,20
3804,296,21
3805,296,22
3806,296,23
3807,297,0
3808,297,1
3809,297,2
3810,297,3
3811,297,4
3812,297,5
3813,297,6
3814,297,16
3815,297,17
3816,297,18
3817,297,19
3818,297,20
3819,297,21
3820,297,22
3821,297,23
3822,298,0
3823,298,1
3824,298,2
3825,298,3
3826,298,4
3827,298,5
3828,298,6
3829,298,16
3830,298,17
3831,298,18
3832,298,19
3833,298,20
3834,298,21
3835,298,22
3836,298,23
3837,299,0
3838,299,1
3839,299,2
3840,299,3
3841,299,4
3842,299,5
3843,299,6
3844,299,16
3845,299,17
3846,299,18
3847,299,19
3848,299,20
3849,299,21
3850,299,22
3851,299,23
3852,300,0
3853,300,1
3854,300,2
3855,300,3
3856,300,4
3857,300,5
3858,300,6
3859,300,16
3860,300,17
3861,300,18
3862,300,19
3863,300,20
3864,300,21
3865,300,22
3866,300,23
3867,301,0
3868,301,1
3869,301,2
3870,301,3
3871,301,4
3872,301,5
3873,301,6
3874,301,16
3875,301,17
3876,301,18
3877,301,19
3878,301,20
3879,301,21
3880,301,22
3881,301,23
3882,302,0
3883,302,1
3884,302,2
3885,302,3
3886,302,4
3887,302,5
3888,302,6
3889,302,16
3890,302,17
3891,302,18
3892,302,19
3893,302,20
3894,302,21
3895,302,22
3896,302,23
3897,303,0
3898,303,1
3899,303,2
3900,303,3
3901,303,4
3902,303,5
3903,303,6
3904,303,16
3905,303,17
3906,303,18
3907,303,19
3908,303,20
3909,303,21
3910,303,22
3911,303,23
3912,304,0
3913,304,1
3914,304,2
3915,304,3
3916,304,4
3917,304,5
3918,304,6
3919,304,16
3920,304,17
3921,304,18
3922,304,19
3923,304,20
3924,304,21
3925,304,22
3926,304,23
3927,305,0
3928,305,1
3929,305,2
3930,305,3
3931,305,4
3932,305,5
3933,305,6
3934,305,16
3935,305,17
3936,305,18
3937,305,19
3938,305,20
3939,305,21
3940,305,22
3941,305,23
3942,306,0
3943,306,1
3944,306,2
3945,306,3
3946,306,4
3947,306,5
3948,306,6
3949,306,16
3950,306,17
3951,306,18
3952,306,19
3953,306,20
3954,306,21
3955,306,22
3956,306,23
3957,307,0
3958,307,1
3959,307,2
3960,307,3
3961,307,4
3962,307,5
3963,307,6
3964,307,16
3965,307,17
3966,307,18
3967,307,19
3968,307,20
3969,307,21
3970,307,22
3971,307,23
3972,308,0
3973,308,1
3974,308,2
3975,308,3
3976,308,4
3977,308,5
3978,308,6
3979,308,16
3980,308,17
3981,308,18
3982,308,19
3983,308,20
3984,308,21
3985,308,22
3986,308,23
3987,309,0
3988,309,1
3989,309,2
3990,309,3
3991,309,4
3992,309,5
3993,309,6
3994,309,16
3995,309,17
3996,309,18
3997,309,19
3998,309,20
3999,309,21
4000,309,22
4001,309,23
4002,310,0
4003,310,1
4004,310,2
4005,310,3
4006,310,4
4007,310,5
4008,310,6
4009,310,16
4010,310,17
4011,310,18
4012,310,19
4013,310,20
4014,310,21
4015,310,22
4016,310,23
4017,311,0
4018,311,1
4019,311,2
4020,311,3
4021,311,4
4022,311,5
4023,311,6
4024,311,16
4025,311,17
4026,311,18
4027,311,19
4028,311,20
4029,311,21
4030,311,22
4031,311,23
4032,312,0
4033,312,1
4034,312,2
4035,312,3
4036,312,4
4037,312,5
4038,312,6
4039,312,16
4040,312,17
4041,312,18
4042,312,19
4043,312,20
4044,312,21
4045,312,22
4046,312,23
4047,313,0
4048,313,1
4049,313,2
4050,313,3
4051,313,4
4052,313,5
4053,313,6
4054,313,16
4055,313,17
4056,313,18
4057,313,19
4058,313,20
4059,313,21
4060,313,22
4061,313,23
4062,314,0
4063,314,1
4064,314,2
4065,314,3
4066,314,4
4067,314,5
4068,314,6
4069,314,16
4070,314,17
4071,314,18
4072,314,19
4073,314,20
4074,314,21
4075,314,22
4076,314,23
4077,315,0
4078,315,1
4079,315,2
4080,315,3
4081,315,4
4082,315,5
4083,315,6
4084,315,16
4085,315,17
4086,315,18
4087,315,19
4088,315,20
4089,315,21
4090,315,22
4091,315,23
4092,316,0
4093,316,1
4094,316,2
4095,316,3
4096,316,4
4097,316,5
4098,316,6
4099,316,16
4100,316,17
4101,316,18
4102,316,19
4103,316,20
4104,316,21
4105,316,22
4106,316,23
4107,317,0
4108,317,1
4109,317,2
4110,317,3
4111,317,4
4112,317,5
4113,317,6
4114,317,16
4115,317,17
4116,317,18
4117,317,19
4118,317,20
4119,317,21
4120,317,22
4121,317,23
4122,318,0
4123,318,1
4124,318,2
4125,318,3
4126,318,4
4127,318,5
4128,318,6
4129,318,15
4130,318,16
4131,318,17
4132,318,18
4133,318,19
4134,318,20
4135,318,21
4136,318,22
4137,318,23
4138,319,0
4139,319,1
4140,319,2
4141,319,3
4142,319,4
4143,319,5
4144,319,6
4145,319,15
4146,319,16
4147,319,17
4148,319,18
4149,319,19
4150,319,20
4151,319,21
4152,319,22
4153,319,23
4154,320,0
4155,320,1
4156,320,2
4157,320,3
4158,320,4
4159,320,5
4160,320,6
4161,320,15
4162,320,16
4163,320,17
4164,320,18
4165,320,19
4166,320,20
4167,320,21
4168,320,22
4169,320,23
4170,321,0
4171,321,1
4172,321,2
4173,321,3
4174,321,4
4175,321,5
4176,321,6
4177,321,15
4178,321,16
4179,321,17
4180,321,18
4181,321,19
4182,321,20
4183,321,21
4184,321,22
4185,321,23
4186,322,0
4187,322,1
4188,322,2
4189,322,3
4190,322,4
4191,322,5
4192,322,6
4193,322,15
4194,322,16
4195,322,17
4196,322,18
4197,322,19
4198,322,20
4199,322,21
4200,322,22
4201,322,23
4202,323,0
4203,323,1
4204,323,2
4205,323,3
4206,323,4
4207,323,5
4208,323,6
4209,323,15
4210,323,16
4211,323,17
4212,323,18
4213,323,19
4214,323,20
4215,323,21
4216,323,22
4217,323,23
4218,324,0
4219,324,1
4220,324,2
4221,324,3
4222,324,4
4223,324,5
4224,324,6
4225,324,15
4226,324,16
4227,324,17
4228,324,18
4229,324,19
4230,324,20
4231,324,21
4232,324,22
4233,324,23
4234,325,0
4235,325,1
4236,325,2
4237,325,3
4238,325,4
4239,325,5
4240,325,6
4241,325,15
4242,325,16
4243,325,17
4244,325,18
4245,325,19
4246,325,20
4247,325,21
4248,325,22
4249,325,23
4250,326,0
4251,326,1
4252,326,2
4253,326,3
4254,326,4
4255,326,5
4256,326,6
4257,326,15
4258,326,16
4259,326,17
4260,326,18
4261,326,19
4262,326,20
4263,326,21
4264,326,22
4265,326,23
4266,327,0
4267,327,1
4268,327,2
4269,327,3
4270,327,4
4271,327,5
4272,327,6
4273,327,15
4274,327,16
4275,327,17
4276,327,18
4277,327,19
4278,327,20
4279,327,21
4280,327,22
4281,327,23
4282,328,0
4283,328,1
4284,328,2
4285,328,3
4286,328,4
4287,328,5
4288,328,6
4289,328,15
4290,328,16
4291,328,17
4292,328,18
4293,328,19
4294,328,20
4295,328,21
4296,328,22
4297,328,23
4298,329,0
4299,329,1
4300,329,2
4301,329,3
4302,329,4
4303,329,5
4304,329,6
4305,329,15
4306,329,16
4307,329,17
4308,329,18
4309,329,19
4310,329,20
4311,329,21
4312,329,22
4313,329,23
4314,330,0
4315,330,1
4316,330,2
4317,330,3
4318,330,4
4319,330,5
4320,330,6
4321,330,15
4322,330,16
4323,330,17
4324,330,18
4325,330,19
4326,330,20
4327,330,21
4328,330,22
4329,330,23
4330,331,0
4331,331,1
4332,331,2
4333,331,3
4334,331,4
4335,331,5
4336,331,6
4337,331,15
4338,331,16
4339,331,17
4340,331,18
4341,331,19
4342,331,20
4343,331,21
4344,331,22
4345,331,23
4346,332,0
4347,332,1
4348,332,2
4349,332,3
4350,332,4
4351,332,5
4352,332,6
4353,332,15
4354,332,16
4355,332,17
4356,332,18
4357,332,19
4358,332,20
4359,332,21
4360,332,22
4361,332,23
4362,333,0
4363,333,1
4364,333,2
4365,333,3
4366,333,4
4367,333,5
4368,333,6
4369,333,15
4370,333,16
4371,333,17
4372,333,18
4373,333,19
4374,333,20
4375,333,21
4376,333,22
4377,333,23
4378,334,0
4379,334,1
4380,334,2
4381,334,3
4382,334,4
4383,334,5
4384,334,6
4385,334,15
4386,334,16
4387,334,17
4388,334,18
4389,334,19
4390,334,20
4391,334,21
4392,334,22
4393,334,23
4394,335,0
4395,335,1
4396,335,2
4397,335,3
4398,335,4
4399,335,5
4400,335,6
4401,335,15
4402,335,16
4403,335,17
4404,335,18
4405,335,19
4406,335,20
4407,335,21
4408,335,22
4409,335,23
4410,336,0
4411,336,1
4412,336,2
4413,336,3
4414,336,4
4415,336,5
4416,336,6
4417,336,15
4418,336,16
4419,336,17
4420,336,18
4421,336,19
4422,336,20
4423,336,21
4424,336,22
4425,336,23
4426,337,0
4427,337,1
4428,337,2
4429,337,3
4430,337,4
4431,337,5
4432,337,6
4433,337,15
4434,337,16
4435,337,17
4436,337,18
4437,337,19
4438,337,20
4439,337,21
4440,337,22
4441,337,23
4442,338,0
4443,338,1
4444,338,2
4445,338,3
4446,338,4
4447,338,5
4448,338,6
4449,338,15
4450,338,16
4451,338,17
4452,338,18
4453,338,19
4454,338,20
4455,338,21
4456,338,22
4457,338,23
4458,339,0
4459,339,1
4460,339,2
4461,339,3
4462,339,4
4463,339,5
4464,339,6
4465,339,15
4466,339,16
4467,339,17
4468,339,18
4469,339,19
4470,339,20
4471,339,21
4472,339,22
4473,339,23
4474,340,0
4475,340,1
4476,340,2
4477,340,3
4478,340,4
4479,340,5
4480,340,6
4481,340,15
4482,340,16
4483,340,17
4484,340,18
4485,340,19
4486,340,20
4487,340,21
4488,340,22
4489,340,23
4490,341,0
4491,341,1
4492,341,2
4493,341,3
4494,341,4
4495,341,5
4496,341,6
4497,341,15
4498,341,16
4499,341,17
4500,341,18
4501,341,19
4502,341,20
4503,341,21
4504,341,22
4505,341,23
4506,342,0
4507,342,1
4508,342,2
4509,342,3
4510,342,4
4511,342,5
4512,342,6
4513,342,15
4514,342,16
4515,342,17
4516,342,18
4517,342,19
4518,342,20
4519,342,21
4520,342,22
4521,342,23
4522,343,0
4523,343,1
4524,343,2
4525,343,3
4526,343,4
4527,343,5
4528,343,6
4529,343,15
4530,343,16
4531,343,17
4532,343,18
4533,343,19
4534,343,20
4535,343,21
4536,343,22
4537,343,23
4538,344,0
4539,344,1
4540,344,2
4541,344,3
4542,344,4
4543,344,5
4544,344,6
4545,344,15
4546,344,16
4547,344,17
4548,344,18
4549,344,19
4550,344,20
4551,344,21
4552,344,22
4553,344,23
4554,345,0
4555,345,1
4556,345,2
4557,345,3
4558,345,4
4559,345,5
4560,345,6
4561,345,15
4562,345,16
4563,345,17
4564,345,18
4565,345,19
4566,345,20
4567,345,21
4568,345,22
4569,345,23
4570,346,0
4571,346,1
4572,346,2
4573,346,3
4574,346,4
4575,346,5
4576,346,6
4577,346,15
4578,346,16
4579,346,17
4580,346,18
4581,346,19
4582,346,20
4583,346,21
4584,346,22
4585,346,23
4586,347,0
4587,347,1
4588,347,2
4589,347,3
4590,347,4
4591,347,5
4592,347,6
4593,347,15
4594,347,16
4595,347,17
4596,347,18
4597,347,19
4598,347,20
4599,347,21
4600,347,22
4601,347,23
4602,348,0
4603,348,1
4604,348,2
4605,348,3
4606,348,4
4607,348,5
4608,348,6
4609,348,15
4610,348,16
4611,348,17
4612,348,18
4613,348,19
4614,348,20
4615,348,21
4616,348,22
4617,348,23
4618,349,0
4619,349,1
4620,349,2
4621,349,3
4622,349,4
4623,349,5
4624,349,6
4625,349,15
4626,349,16
4627,349,17
4628,349,18
4629,349,19
4630,349,20
4631,349,21
4632,349,22
4633,349,23
4634,350,0
4635,350,1
4636,350,2
4637,350,3
4638,350,4
4639,350,5
4640,350,6
4641,350,15
4642,350,16
4643,350,17
4644,350,18
4645,350,19
4646,350,20
4647,350,21
4648,350,22
4649,350,23
4650,351,0
4651,351,1
4652,351,2
4653,351,3
4654,351,4
4655,351,5
4656,351,6
4657,351,15
4658,351,16
4659,351,17
4660,351,18
4661,351,19
4662,351,20
4663,351,21
4664,351,22
4665,351,23
4666,352,0
4667,352,1
4668,352,2
4669,352,3
4670,352,4
4671,352,5
4672,352,6
4673,352,15
4674,352,16
4675,352,17
4676,352,18
4677,352,19
4678,352,20
4679,352,21
4680,352,22
4681,352,23
4682,353,0
4683,353,1
4684,353,2
4685,353,3
4686,353,4
4687,353,5
4688,353,6
4689,353,15
4690,353,16
4691,353,17
4692,353,18
4693,353,19
4694,353,20
4695,353,21
4696,353,22
4697,353,23
4698,354,0
4699,354,1
4700,354,2
4701,354,3
4702,354,4
4703,354,5
4704,354,6
4705,354,15
4706,354,16
4707,354,17
4708,354,18
4709,354,19
4710,354,20
4711,354,21
4712,354,22
4713,354,23
4714,355,0
4715,355,1
4716,355,2
4717,355,3
4718,355,4
4719,355,5
4720,355,6
4721,355,15
4722,355,16
4723,355,17
4724,355,18
4725,355,19
4726,355,20
4727,355,21
4728,355,22
4729,355,23
4730,356,0
4731,356,1
4732,356,2
4733,356,3
4734,356,4
4735,356,5
4736,356,6
4737,356,15
4738,356,16
4739,356,17
4740,356,18
4741,356,19
4742,356,20
4743,356,21
4744,356,22
4745,356,23
4746,357,0
4747,357,1
4748,357,2
4749,357,3
4750,357,4
4751,357,5
4752,357,6
4753,357,15
4754,357,16
4755,357,17
4756,357,18
4757,357,19
4758,357,20
4759,357,21
4760,357,22
4761,357,23
4762,358,0
4763,358,1
4764,358,2
4765,358,3
4766,358,4
4767,358,5
4768,358,6
4769,358,15
4770,358,16
4771,358,17
4772,358,18
4773,358,19
4774,358,20
4775,358,21
4776,358,22
4777,358,23
4778,359,0
4779,359,1
4780,359,2
4781,359,3
4782,359,4
4783,359,5
4784,359,6
4785,359,15
4786,359,16
4787,359,17
4788,359,18
4789,359,19
4790,359,20
4791,359,21
4792,359,22
4793,359,23
4794,360,0
4795,360,1
4796,360,2
4797,360,3
4798,360,4
4799,360,5
4800,360,6
4801,360,15
4802,360,16
4803,360,17
4804,360,18
4805,360,19
4806,360,20
4807,360,21
4808,360,22
4809,360,23
4810,361,0
4811,361,1
4812,361,2
4813,361,3
4814,361,4
4815,361,5
4816,361,6
4817,361,15
4818,361,16
4819,361,17
4820,361,18
4821,361,19
4822,361,20
4823,361,21
4824,361,22
4825,361,23
4826,362,0
4827,362,1
4828,362,2
4829,362,3
4830,362,4
4831,362,5
4832,362,6
4833,362,15
4834,362,16
4835,362,17
4836,362,18
4837,362,19
4838,362,20
4839,362,21
4840,362,22
4841,362,23
4842,363,0
4843,363,1
4844,363,2
4845,363,3
4846,363,4
4847,363,5
4848,363,6
4849,363,15
4850,363,16
4851,363,17
4852,363,18
4853,363,19
4854,363,20
4855,363,21
4856,363,22
4857,363,23
4858,364,0
4859,364,1
4860,364,2
4861,364,3
4862,364,4
4863,364,5
4864,364,6
4865,364,15
4866,364,16
4867,364,17
4868,364,18
4869,364,19
4870,364,20
4871,364,21
4872,364,22
4873,364,23
4874,365,0
4875,365,1
4876,365,2
4877,365,3
4878,365,4
4879,365,5
4880,365,6
4881,365,15
4882,365,16
4883,365,17
4884,365,18
4885,365,19
4886,365,20
4887,365,21
4888,365,22
4889,365,23
