,day,hour
0,1,0
1,1,1
2,1,2
3,1,3
4,1,4
5,1,5
6,1,6
7,1,7
8,1,8
9,1,17
10,1,18
11,1,19
12,1,20
13,1,21
14,1,22
15,1,23
16,2,0
17,2,1
18,2,2
19,2,3
20,2,4
21,2,5
22,2,6
23,2,7
24,2,8
25,2,17
26,2,18
27,2,19
28,2,20
29,2,21
30,2,22
31,2,23
32,3,0
33,3,1
34,3,2
35,3,3
36,3,4
37,3,5
38,3,6
39,3,7
40,3,8
41,3,17
42,3,18
43,3,19
44,3,20
45,3,21
46,3,22
47,3,23
48,4,0
49,4,1
50,4,2
51,4,3
52,4,4
53,4,5
54,4,6
55,4,7
56,4,8
57,4,17
58,4,18
59,4,19
60,4,20
61,4,21
62,4,22
63,4,23
64,5,0
65,5,1
66,5,2
67,5,3
68,5,4
69,5,5
70,5,6
71,5,7
72,5,8
73,5,17
74,5,18
75,5,19
76,5,20
77,5,21
78,5,22
79,5,23
80,6,0
81,6,1
82,6,2
83,6,3
84,6,4
85,6,5
86,6,6
87,6,7
88,6,8
89,6,17
90,6,18
91,6,19
92,6,20
93,6,21
94,6,22
95,6,23
96,7,0
97,7,1
98,7,2
99,7,3
100,7,4
101,7,5
102,7,6
103,7,7
104,7,17
105,7,18
106,7,19
107,7,20
108,7,21
109,7,22
110,7,23
111,8,0
112,8,1
113,8,2
114,8,3
115,8,4
116,8,5
117,8,6
118,8,7
119,8,17
120,8,18
121,8,19
122,8,20
123,8,21
124,8,22
125,8,23
126,9,0
127,9,1
128,9,2
129,9,3
130,9,4
131,9,5
132,9,6
133,9,7
134,9,17
135,9,18
136,9,19
137,9,20
138,9,21
139,9,22
140,9,23
141,10,0
142,10,1
143,10,2
144,10,3
145,10,4
146,10,5
147,10,6
148,10,7
149,10,17
150,10,18
151,10,19
152,10,20
153,10,21
154,10,22
155,10,23
156,11,0
157,11,1
158,11,2
159,11,3
160,11,4
161,11,5
162,11,6
163,11,7
164,11,17
165,11,18
166,11,19
167,11,20
168,11,21
169,11,22
170,11,23
171,12,0
172,12,1
173,12,2
174,12,3
175,12,4
176,12,5
177,12,6
178,12,7
179,12,17
180,12,18
181,12,19
182,12,20
183,12,21
184,12,22
185,12,23
186,13,0
187,13,1
188,13,2
189,13,3
190,13,4
191,13,5
192,13,6
193,13,7
194,13,17
195,13,18
196,13,19
197,13,20
198,13,21
199,13,22
200,13,23
201,14,0
202,14,1
203,14,2
204,14,3
205,14,4
206,14,5
207,14,6
208,14,7
209,14,17
210,14,18
211,14,19
212,14,20
213,14,21
214,14,22
215,14,23
216,15,0
217,15,1
218,15,2
219,15,3
220,15,4
221,15,5
222,15,6
223,15,7
224,15,17
225,15,18
226,15,19
227,15,20
228,15,21
229,15,22
230,15,23
231,16,0
232,16,1
233,16,2
234,16,3
235,16,4
236,16,5
237,16,6
238,16,7
239,16,17
240,16,18
241,16,19
242,16,20
243,16,21
244,16,22
245,16,23
246,17,0
247,17,1
248,17,2
249,17,3
250,17,4
251,17,5
252,17,6
253,17,7
254,17,17
255,17,18
256,17,19
257,17,20
258,17,21
259,17,22
260,17,23
261,18,0
262,18,1
263,18,2
264,18,3
265,18,4
266,18,5
267,18,6
268,18,7
269,18,17
270,18,18
271,18,19
272,18,20
273,18,21
274,18,22
275,18,23
276,19,0
277,19,1
278,19,2
279,19,3
280,19,4
281,19,5
282,19,6
283,19,7
284,19,17
285,19,18
286,19,19
287,19,20
288,19,21
289,19,22
290,19,23
291,20,0
292,20,1
293,20,2
294,20,3
295,20,4
296,20,5
297,20,6
298,20,7
299,20,17
300,20,18
301,20,19
302,20,20
303,20,21
304,20,22
305,20,23
306,21,0
307,21,1
308,21,2
309,21,3
310,21,4
311,21,5
312,21,6
313,21,7
314,21,17
315,21,18
316,21,19
317,21,20
318,21,21
319,21,22
320,21,23
321,22,0
322,22,1
323,22,2
324,22,3
325,22,4
326,22,5
327,22,6
328,22,7
329,22,17
330,22,18
331,22,19
332,22,20
333,22,21
334,22,22
335,22,23
336,23,0
337,23,1
338,23,2
339,23,3
340,23,4
341,23,5
342,23,6
343,23,7
344,23,17
345,23,18
346,23,19
347,23,20
348,23,21
349,23,22
350,23,23
351,24,0
352,24,1
353,24,2
354,24,3
355,24,4
356,24,5
357,24,6
358,24,7
359,24,17
360,24,18
361,24,19
362,24,20
363,24,21
364,24,22
365,24,23
366,25,0
367,25,1
368,25,2
369,25,3
370,25,4
371,25,5
372,25,6
373,25,7
374,25,17
375,25,18
376,25,19
377,25,20
378,25,21
379,25,22
380,25,23
381,26,0
382,26,1
383,26,2
384,26,3
385,26,4
386,26,5
387,26,6
388,26,7
389,26,17
390,26,18
391,26,19
392,26,20
393,26,21
394,26,22
395,26,23
396,27,0
397,27,1
398,27,2
399,27,3
400,27,4
401,27,5
402,27,6
403,27,7
404,27,17
405,27,18
406,27,19
407,27,20
408,27,21
409,27,22
410,27,23
411,28,0
412,28,1
413,28,2
414,28,3
415,28,4
416,28,5
417,28,6
418,28,7
419,28,17
420,28,18
421,28,19
422,28,20
423,28,21
424,28,22
425,28,23
426,29,0
427,29,1
428,29,2
429,29,3
430,29,4
431,29,5
432,29,6
433,29,7
434,29,17
435,29,18
436,29,19
437,29,20
438,29,21
439,29,22
440,29,23
441,30,0
442,30,1
443,30,2
444,30,3
445,30,4
446,30,5
447,30,6
448,30,7
449,30,17
450,30,18
451,30,19
452,30,20
453,30,21
454,30,22
455,30,23
456,31,0
457,31,1
458,31,2
459,31,3
460,31,4
461,31,5
462,31,6
463,31,7
464,31,17
465,31,18
466,31,19
467,31,20
468,31,21
469,31,22
470,31,23
471,32,0
472,32,1
473,32,2
474,32,3
475,32,4
476,32,5
477,32,6
478,32,7
479,32,17
480,32,18
481,32,19
482,32,20
483,32,21
484,32,22
485,32,23
486,33,0
487,33,1
488,33,2
489,33,3
490,33,4
491,33,5
492,33,6
493,33,7
494,33,17
495,33,18
496,33,19
497,33,20
498,33,21
499,33,22
500,33,23
501,34,0
502,34,1
503,34,2
504,34,3
505,34,4
506,34,5
507,34,6
508,34,7
509,34,17
510,34,18
511,34,19
512,34,20
513,34,21
514,34,22
515,34,23
516,35,0
517,35,1
518,35,2
519,35,3
520,35,4
521,35,5
522,35,6
523,35,7
524,35,17
525,35,18
526,35,19
527,35,20
528,35,21
529,35,22
530,35,23
531,36,0
532,36,1
533,36,2
534,36,3
535,36,4
536,36,5
537,36,6
538,36,7
539,36,17
540,36,18
541,36,19
542,36,20
543,36,21
544,36,22
545,36,23
546,37,0
547,37,1
548,37,2
549,37,3
550,37,4
551,37,5
552,37,6
553,37,7
554,37,17
555,37,18
556,37,19
557,37,20
558,37,21
559,37,22
560,37,23
561,38,0
562,38,1
563,38,2
564,38,3
565,38,4
566,38,5
567,38,6
568,38,7
569,38,17
570,38,18
571,38,19
572,38,20
573,38,21
574,38,22
575,38,23
576,39,0
577,39,1
578,39,2
579,39,3
580,39,4
581,39,5
582,39,6
583,39,7
584,39,17
585,39,18
586,39,19
587,39,20
588,39,21
589,39,22
590,39,23
591,40,0
592,40,1
593,40,2
594,40,3
595,40,4
596,40,5
597,40,6
598,40,7
599,40,17
600,40,18
601,40,19
602,40,20
603,40,21
604,40,22
605,40,23
606,41,0
607,41,1
608,41,2
609,41,3
610,41,4
611,41,5
612,41,6
613,41,7
614,41,17
615,41,18
616,41,19
617,41,20
618,41,21
619,41,22
620,41,23
621,42,0
622,42,1
623,42,2
624,42,3
625,42,4
626,42,5
627,42,6
628,42,7
629,42,17
630,42,18
631,42,19
632,42,20
633,42,21
634,42,22
635,42,23
636,43,0
637,43,1
638,43,2
639,43,3
640,43,4
641,43,5
642,43,6
643,43,7
644,43,17
645,43,18
646,43,19
647,43,20
648,43,21
649,43,22
650,43,23
651,44,0
652,44,1
653,44,2
654,44,3
655,44,4
656,44,5
657,44,6
658,44,7
659,44,17
660,44,18
661,44,19
662,44,20
663,44,21
664,44,22
665,44,23
666,45,0
667,45,1
668,45,2
669,45,3
670,45,4
671,45,5
672,45,6
673,45,7
674,45,17
675,45,18
676,45,19
677,45,20
678,45,21
679,45,22
680,45,23
681,46,0
682,46,1
683,46,2
684,46,3
685,46,4
686,46,5
687,46,6
688,46,7
689,46,17
690,46,18
691,46,19
692,46,20
693,46,21
694,46,22
695,46,23
696,47,0
697,47,1
698,47,2
699,47,3
700,47,4
701,47,5
702,47,6
703,47,7
704,47,17
705,47,18
706,47,19
707,47,20
708,47,21
709,47,22
710,47,23
711,48,0
712,48,1
713,48,2
714,48,3
715,48,4
716,48,5
717,48,6
718,48,7
719,48,17
720,48,18
721,48,19
722,48,20
723,48,21
724,48,22
725,48,23
726,49,0
727,49,1
728,49,2
729,49,3
730,49,4
731,49,5
732,49,6
733,49,7
734,49,17
735,49,18
736,49,19
737,49,20
738,49,21
739,49,22
740,49,23
741,50,0
742,50,1
743,50,2
744,50,3
745,50,4
746,50,5
747,50,6
748,50,7
749,50,17
750,50,18
751,50,19
752,50,20
753,50,21
754,50,22
755,50,23
756,51,0
757,51,1
758,51,2
759,51,3
760,51,4
761,51,5
762,51,6
763,51,7
764,51,17
765,51,18
766,51,19
767,51,20
768,51,21
769,51,22
770,51,23
771,52,0
772,52,1
773,52,2
774,52,3
775,52,4
776,52,5
777,52,6
778,52,7
779,52,17
780,52,18
781,52,19
782,52,20
783,52,21
784,52,22
785,52,23
786,53,0
787,53,1
788,53,2
789,53,3
790,53,4
791,53,5
792,53,6
793,53,7
794,53,17
795,53,18
796,53,19
797,53,20
798,53,21
799,53,22
800,53,23
801,54,0
802,54,1
803,54,2
804,54,3
805,54,4
806,54,5
807,54,6
808,54,7
809,54,17
810,54,18
811,54,19
812,54,20
813,54,21
814,54,22
815,54,23
816,55,0
817,55,1
818,55,2
819,55,3
820,55,4
821,55,5
822,55,6
823,55,7
824,55,17
825,55,18
826,55,19
827,55,20
828,55,21
829,55,22
830,55,23
831,56,0
832,56,1
833,56,2
834,56,3
835,56,4
836,56,5
837,56,6
838,56,7
839,56,17
840,56,18
841,56,19
842,56,20
843,56,21
844,56,22
845,56,23
846,57,0
847,57,1
848,57,2
849,57,3
850,57,4
851,57,5
852,57,6
853,57,7
854,57,17
855,57,18
856,57,19
857,57,20
858,57,21
859,57,22
860,57,23
861,58,0
862,58,1
863,58,2
864,58,3
865,58,4
866,58,5
867,58,6
868,58,7
869,58,17
870,58,18
871,58,19
872,58,20
873,58,21
874,58,22
875,58,23
876,59,0
877,59,1
878,59,2
879,59,3
880,59,4
881,59,5
882,59,6
883,59,7
884,59,17
885,59,18
886,59,19
887,59,20
888,59,21
889,59,22
890,59,23
891,60,0
892,60,1
893,60,2
894,60,3
895,60,4
896,60,5
897,60,6
898,60,7
899,60,18
900,60,19
901,60,20
902,60,21
903,60,22
904,60,23
905,61,0
906,61,1
907,61,2
908,61,3
909,61,4
910,61,5
911,61,6
912,61,7
913,61,18
914,61,19
915,61,20
916,61,21
917,61,22
918,61,23
919,62,0
920,62,1
921,62,2
922,62,3
923,62,4
924,62,5
925,62,6
926,62,7
927,62,18
928,62,19
929,62,20
930,62,21
931,62,22
932,62,23
933,63,0
934,63,1
935,63,2
936,63,3
937,63,4
938,63,5
939,63,6
940,63,7
941,63,17
942,63,18
943,63,19
944,63,20
945,63,21
946,63,22
947,63,23
948,64,0
949,64,1
950,64,2
951,64,3
952,64,4
953,64,5
954,64,6
955,64,7
956,64,18
957,64,19
958,64,20
959,64,21
960,64,22
961,64,23
962,65,0
963,65,1
964,65,2
965,65,3
966,65,4
967,65,5
968,65,6
969,65,18
970,65,19
971,65,20
972,65,21
973,65,22
974,65,23
975,66,0
976,66,1
977,66,2
978,66,3
979,66,4
980,66,5
981,66,6
982,66,18
983,66,19
984,66,20
985,66,21
986,66,22
987,66,23
988,67,0
989,67,1
990,67,2
991,67,3
992,67,4
993,67,5
994,67,6
995,67,18
996,67,19
997,67,20
998,67,21
999,67,22
1000,67,23
1001,68,0
1002,68,1
1003,68,2
1004,68,3
1005,68,4
1006,68,5
1007,68,6
1008,68,18
1009,68,19
1010,68,20
1011,68,21
1012,68,22
1013,68,23
1014,69,0
1015,69,1
1016,69,2
1017,69,3
1018,69,4
1019,69,5
1020,69,6
1021,69,18
1022,69,19
1023,69,20
1024,69,21
1025,69,22
1026,69,23
1027,70,0
1028,70,1
1029,70,2
1030,70,3
1031,70,4
1032,70,5
1033,70,6
1034,70,18
1035,70,19
1036,70,20
1037,70,21
1038,70,22
1039,70,23
1040,71,0
1041,71,1
1042,71,2
1043,71,3
1044,71,4
1045,71,5
1046,71,6
1047,71,18
1048,71,19
1049,71,20
1050,71,21
1051,71,22
1052,71,23
1053,72,0
1054,72,1
1055,72,2
1056,72,3
1057,72,4
1058,72,5
1059,72,6
1060,72,18
1061,72,19
1062,72,20
1063,72,21
1064,72,22
1065,72,23
1066,73,0
1067,73,1
1068,73,2
1069,73,3
1070,73,4
1071,73,5
1072,73,6
1073,73,18
1074,73,19
1075,73,20
1076,73,21
1077,73,22
1078,73,23
1079,74,0
1080,74,1
1081,74,2
1082,74,3
1083,74,4
1084,74,5
1085,74,6
1086,74,18
1087,74,19
1088,74,20
1089,74,21
1090,74,22
1091,74,23
1092,75,0
1093,75,1
1094,75,2
1095,75,3
1096,75,4
1097,75,5
1098,75,6
1099,75,18
1100,75,19
1101,75,20
1102,75,21
1103,75,22
1104,75,23
1105,76,0
1106,76,1
1107,76,2
1108,76,3
1109,76,4
1110,76,5
1111,76,6
1112,76,18
1113,76,19
1114,76,20
1115,76,21
1116,76,22
1117,76,23
1118,77,0
1119,77,1
1120,77,2
1121,77,3
1122,77,4
1123,77,5
1124,77,6
1125,77,18
1126,77,19
1127,77,20
1128,77,21
1129,77,22
1130,77,23
1131,78,0
1132,78,1
1133,78,2
1134,78,3
1135,78,4
1136,78,5
1137,78,6
1138,78,18
1139,78,19
1140,78,20
1141,78,21
1142,78,22
1143,78,23
1144,79,0
1145,79,1
1146,79,2
1147,79,3
1148,79,4
1149,79,5
1150,79,6
1151,79,18
1152,79,19
1153,79,20
1154,79,21
1155,79,22
1156,79,23
1157,80,0
1158,80,1
1159,80,2
1160,80,3
1161,80,4
1162,80,5
1163,80,6
1164,80,18
1165,80,19
1166,80,20
1167,80,21
1168,80,22
1169,80,23
1170,81,0
1171,81,1
1172,81,2
1173,81,3
1174,81,4
1175,81,5
1176,81,6
1177,81,18
1178,81,19
1179,81,20
1180,81,21
1181,81,22
1182,81,23
1183,82,0
1184,82,1
1185,82,2
1186,82,3
1187,82,4
1188,82,5
1189,82,6
1190,82,18
1191,82,19
1192,82,20
1193,82,21
1194,82,22
1195,82,23
1196,83,0
1197,83,1
1198,83,2
1199,83,3
1200,83,4
1201,83,5
1202,83,6
1203,83,18
1204,83,19
1205,83,20
1206,83,21
1207,83,22
1208,83,23
1209,84,0
1210,84,1
1211,84,2
1212,84,3
1213,84,4
1214,84,5
1215,84,6
1216,84,18
1217,84,19
1218,84,20
1219,84,21
1220,84,22
1221,84,23
1222,85,0
1223,85,1
1224,85,2
1225,85,3
1226,85,4
1227,85,5
1228,85,6
1229,85,18
1230,85,19
1231,85,20
1232,85,21
1233,85,22
1234,85,23
1235,86,0
1236,86,1
1237,86,2
1238,86,3
1239,86,4
1240,86,5
1241,86,6
1242,86,18
1243,86,19
1244,86,20
1245,86,21
1246,86,22
1247,86,23
1248,87,0
1249,87,1
1250,87,2
1251,87,3
1252,87,4
1253,87,5
1254,87,6
1255,87,18
1256,87,19
1257,87,20
1258,87,21
1259,87,22
1260,87,23
1261,88,0
1262,88,1
1263,88,2
1264,88,3
1265,88,4
1266,88,5
1267,88,6
1268,88,18
1269,88,19
1270,88,20
1271,88,21
1272,88,22
1273,88,23
1274,89,0
1275,89,1
1276,89,2
1277,89,3
1278,89,4
1279,89,5
1280,89,6
1281,89,18
1282,89,19
1283,89,20
1284,89,21
1285,89,22
1286,89,23
1287,90,0
1288,90,1
1289,90,2
1290,90,3
1291,90,4
1292,90,5
1293,90,6
1294,90,18
1295,90,19
1296,90,20
1297,90,21
1298,90,22
1299,90,23
1300,91,0
1301,91,1
1302,91,2
1303,91,3
1304,91,4
1305,91,5
1306,91,6
1307,91,18
1308,91,19
1309,91,20
1310,91,21
1311,91,22
1312,91,23
1313,92,0
1314,92,1
1315,92,2
1316,92,3
1317,92,4
1318,92,5
1319,92,6
1320,92,18
1321,92,19
1322,92,20
1323,92,21
1324,92,22
1325,92,23
1326,93,0
1327,93,1
1328,93,2
1329,93,3
1330,93,4
1331,93,5
1332,93,6
1333,93,18
1334,93,19
1335,93,20
1336,93,21
1337,93,22
1338,93,23
1339,94,0
1340,94,1
1341,94,2
1342,94,3
1343,94,4
1344,94,5
1345,94,6
1346,94,18
1347,94,19
1348,94,20
1349,94,21
1350,94,22
1351,94,23
1352,95,0
1353,95,1
1354,95,2
1355,95,3
1356,95,4
1357,95,5
1358,95,6
1359,95,18
1360,95,19
1361,95,20
1362,95,21
1363,95,22
1364,95,23
1365,96,0
1366,96,1
1367,96,2
1368,96,3
1369,96,4
1370,96,5
1371,96,6
1372,96,18
1373,96,19
1374,96,20
1375,96,21
1376,96,22
1377,96,23
1378,97,0
1379,97,1
1380,97,2
1381,97,3
1382,97,4
1383,97,5
1384,97,6
1385,97,18
1386,97,19
1387,97,20
1388,97,21
1389,97,22
1390,97,23
1391,98,0
1392,98,1
1393,98,2
1394,98,3
1395,98,4
1396,98,5
1397,98,6
1398,98,18
1399,98,19
1400,98,20
1401,98,21
1402,98,22
1403,98,23
1404,99,0
1405,99,1
1406,99,2
1407,99,3
1408,99,4
1409,99,5
1410,99,6
1411,99,18
1412,99,19
1413,99,20
1414,99,21
1415,99,22
1416,99,23
1417,100,0
1418,100,1
1419,100,2
1420,100,3
1421,100,4
1422,100,5
1423,100,6
1424,100,18
1425,100,19
1426,100,20
1427,100,21
1428,100,22
1429,100,23
1430,101,0
1431,101,1
1432,101,2
1433,101,3
1434,101,4
1435,101,5
1436,101,6
1437,101,18
1438,101,19
1439,101,20
1440,101,21
1441,101,22
1442,101,23
1443,102,0
1444,102,1
1445,102,2
1446,102,3
1447,102,4
1448,102,5
1449,102,6
1450,102,18
1451,102,19
1452,102,20
1453,102,21
1454,102,22
1455,102,23
1456,103,0
1457,103,1
1458,103,2
1459,103,3
1460,103,4
1461,103,5
1462,103,6
1463,103,18
1464,103,19
1465,103,20
1466,103,21
1467,103,22
1468,103,23
1469,104,0
1470,104,1
1471,104,2
1472,104,3
1473,104,4
1474,104,5
1475,104,6
1476,104,18
1477,104,19
1478,104,20
1479,104,21
1480,104,22
1481,104,23
1482,105,0
1483,105,1
1484,105,2
1485,105,3
1486,105,4
1487,105,5
1488,105,6
1489,105,18
1490,105,19
1491,105,20
1492,105,21
1493,105,22
1494,105,23
1495,106,0
1496,106,1
1497,106,2
1498,106,3
1499,106,4
1500,106,5
1501,106,6
1502,106,18
1503,106,19
1504,106,20
1505,106,21
1506,106,22
1507,106,23
1508,107,0
1509,107,1
1510,107,2
1511,107,3
1512,107,4
1513,107,5
1514,107,6
1515,107,18
1516,107,19
1517,107,20
1518,107,21
1519,107,22
1520,107,23
1521,108,0
1522,108,1
1523,108,2
1524,108,3
1525,108,4
1526,108,5
1527,108,6
1528,108,18
1529,108,19
1530,108,20
1531,108,21
1532,108,22
1533,108,23
1534,109,0
1535,109,1
1536,109,2
1537,109,3
1538,109,4
1539,109,5
1540,109,6
1541,109,18
1542,109,19
1543,109,20
1544,109,21
1545,109,22
1546,109,23
1547,110,0
1548,110,1
1549,110,2
1550,110,3
1551,110,4
1552,110,5
1553,110,6
1554,110,18
1555,110,19
1556,110,20
1557,110,21
1558,110,22
1559,110,23
1560,111,0
1561,111,1
1562,111,2
1563,111,3
1564,111,4
1565,111,5
1566,111,6
1567,111,18
1568,111,19
1569,111,20
1570,111,21
1571,111,22
1572,111,23
1573,112,0
1574,112,1
1575,112,2
1576,112,3
1577,112,4
1578,112,5
1579,112,6
1580,112,18
1581,112,19
1582,112,20
1583,112,21
1584,112,22
1585,112,23
1586,113,0
1587,113,1
1588,113,2
1589,113,3
1590,113,4
1591,113,5
1592,113,6
1593,113,18
1594,113,19
1595,113,20
1596,113,21
1597,113,22
1598,113,23
1599,114,0
1600,114,1
1601,114,2
1602,114,3
1603,114,4
1604,114,5
1605,114,6
1606,114,18
1607,114,19
1608,114,20
1609,114,21
1610,114,22
1611,114,23
1612,115,0
1613,115,1
1614,115,2
1615,115,3
1616,115,4
1617,115,5
1618,115,6
1619,115,18
1620,115,19
1621,115,20
1622,115,21
1623,115,22
1624,115,23
1625,116,0
1626,116,1
1627,116,2
1628,116,3
1629,116,4
1630,116,5
1631,116,6
1632,116,18
1633,116,19
1634,116,20
1635,116,21
1636,116,22
1637,116,23
1638,117,0
1639,117,1
1640,117,2
1641,117,3
1642,117,4
1643,117,5
1644,117,6
1645,117,18
1646,117,19
1647,117,20
1648,117,21
1649,117,22
1650,117,23
1651,118,0
1652,118,1
1653,118,2
1654,118,3
1655,118,4
1656,118,5
1657,118,6
1658,118,19
1659,118,20
1660,118,21
1661,118,22
1662,118,23
1663,119,0
1664,119,1
1665,119,2
1666,119,3
1667,119,4
1668,119,5
1669,119,6
1670,119,19
1671,119,20
1672,119,21
1673,119,22
1674,119,23
1675,120,0
1676,120,1
1677,120,2
1678,120,3
1679,120,4
1680,120,5
1681,120,6
1682,120,19
1683,120,20
1684,120,21
1685,120,22
1686,120,23
1687,121,0
1688,121,1
1689,121,2
1690,121,3
1691,121,4
1692,121,5
1693,121,19
1694,121,20
1695,121,21
1696,121,22
1697,121,23
1698,122,0
1699,122,1
1700,122,2
1701,122,3
1702,122,4
1703,122,5
1704,122,19
1705,122,20
1706,122,21
1707,122,22
1708,122,23
1709,123,0
1710,123,1
1711,123,2
1712,123,3
1713,123,4
1714,123,5
1715,123,19
1716,123,20
1717,123,21
1718,123,22
1719,123,23
1720,124,0
1721,124,1
1722,124,2
1723,124,3
1724,124,4
1725,124,5
1726,124,19
1727,124,20
1728,124,21
1729,124,22
1730,124,23
1731,125,0
1732,125,1
1733,125,2
1734,125,3
1735,125,4
1736,125,5
1737,125,19
1738,125,20
1739,125,21
1740,125,22
1741,125,23
1742,126,0
1743,126,1
1744,126,2
1745,126,3
1746,126,4
1747,126,5
1748,126,19
1749,126,20
1750,126,21
1751,126,22
1752,126,23
1753,127,0
1754,127,1
1755,127,2
1756,127,3
1757,127,4
1758,127,5
1759,127,19
1760,127,20
1761,127,21
1762,127,22
1763,127,23
1764,128,0
1765,128,1
1766,128,2
1767,128,3
1768,128,4
1769,128,5
1770,128,19
1771,128,20
1772,128,21
1773,128,22
1774,128,23
1775,129,0
1776,129,1
1777,129,2
1778,129,3
1779,129,4
1780,129,5
1781,129,19
1782,129,20
1783,129,21
1784,129,22
1785,129,23
1786,130,0
1787,130,1
1788,130,2
1789,130,3
1790,130,4
1791,130,5
1792,130,19
1793,130,20
1794,130,21
1795,130,22
1796,130,23
1797,131,0
1798,131,1
1799,131,2
1800,131,3
1801,131,4
1802,131,5
1803,131,19
1804,131,20
1805,131,21
1806,131,22
1807,131,23
1808,132,0
1809,132,1
1810,132,2
1811,132,3
1812,132,4
1813,132,5
1814,132,19
1815,132,20
1816,132,21
1817,132,22
1818,132,23
1819,133,0
1820,133,1
1821,133,2
1822,133,3
1823,133,4
1824,133,5
1825,133,19
1826,133,20
1827,133,21
1828,133,22
1829,133,23
1830,134,0
1831,134,1
1832,134,2
1833,134,3
1834,134,4
1835,134,5
1836,134,19
1837,134,20
1838,134,21
1839,134,22
1840,134,23
1841,135,0
1842,135,1
1843,135,2
1844,135,3
1845,135,4
1846,135,5
1847,135,19
1848,135,20
1849,135,21
1850,135,22
1851,135,23
1852,136,0
1853,136,1
1854,136,2
1855,136,3
1856,136,4
1857,136,5
1858,136,19
1859,136,20
1860,136,21
1861,136,22
1862,136,23
1863,137,0
1864,137,1
1865,137,2
1866,137,3
1867,137,4
1868,137,5
1869,137,19
1870,137,20
1871,137,21
1872,137,22
1873,137,23
1874,138,0
1875,138,1
1876,138,2
1877,138,3
1878,138,4
1879,138,5
1880,138,19
1881,138,20
1882,138,21
1883,138,22
1884,138,23
1885,139,0
1886,139,1
1887,139,2
1888,139,3
1889,139,4
1890,139,5
1891,139,19
1892,139,20
1893,139,21
1894,139,22
1895,139,23
1896,140,0
1897,140,1
1898,140,2
1899,140,3
1900,140,4
1901,140,5
1902,140,19
1903,140,20
1904,140,21
1905,140,22
1906,140,23
1907,141,0
1908,141,1
1909,141,2
1910,141,3
1911,141,4
1912,141,5
1913,141,19
1914,141,20
1915,141,21
1916,141,22
1917,141,23
1918,142,0
1919,142,1
1920,142,2
1921,142,3
1922,142,4
1923,142,5
1924,142,19
1925,142,20
1926,142,21
1927,142,22
1928,142,23
1929,143,0
1930,143,1
1931,143,2
1932,143,3
1933,143,4
1934,143,5
1935,143,19
1936,143,20
1937,143,21
1938,143,22
1939,143,23
1940,144,0
1941,144,1
1942,144,2
1943,144,3
1944,144,4
1945,144,5
1946,144,19
1947,144,20
1948,144,21
1949,144,22
1950,144,23
1951,145,0
1952,145,1
1953,145,2
1954,145,3
1955,145,4
1956,145,5
1957,145,19
1958,145,20
1959,145,21
1960,145,22
1961,145,23
1962,146,0
1963,146,1
1964,146,2
1965,146,3
1966,146,4
1967,146,5
1968,146,19
1969,146,20
1970,146,21
1971,146,22
1972,146,23
1973,147,0
1974,147,1
1975,147,2
1976,147,3
1977,147,4
1978,147,5
1979,147,19
1980,147,20
1981,147,21
1982,147,22
1983,147,23
1984,148,0
1985,148,1
1986,148,2
1987,148,3
1988,148,4
1989,148,5
1990,148,19
1991,148,20
1992,148,21
1993,148,22
1994,148,23
1995,149,0
1996,149,1
1997,149,2
1998,149,3
1999,149,4
2000,149,5
2001,149,19
2002,149,20
2003,149,21
2004,149,22
2005,149,23
2006,150,0
2007,150,1
2008,150,2
2009,150,3
2010,150,4
2011,150,5
2012,150,19
2013,150,20
2014,150,21
2015,150,22
2016,150,23
2017,151,0
2018,151,1
2019,151,2
2020,151,3
2021,151,4
2022,151,5
2023,151,19
2024,151,20
2025,151,21
2026,151,22
2027,151,23
2028,152,0
2029,152,1
2030,152,2
2031,152,3
2032,152,4
2033,152,5
2034,152,19
2035,152,20
2036,152,21
2037,152,22
2038,152,23
2039,153,0
2040,153,1
2041,153,2
2042,153,3
2043,153,4
2044,153,5
2045,153,19
2046,153,20
2047,153,21
2048,153,22
2049,153,23
2050,154,0
2051,154,1
2052,154,2
2053,154,3
2054,154,4
2055,154,5
2056,154,19
2057,154,20
2058,154,21
2059,154,22
2060,154,23
2061,155,0
2062,155,1
2063,155,2
2064,155,3
2065,155,4
2066,155,5
2067,155,19
2068,155,20
2069,155,21
2070,155,22
2071,155,23
2072,156,0
2073,156,1
2074,156,2
2075,156,3
2076,156,4
2077,156,5
2078,156,19
2079,156,20
2080,156,21
2081,156,22
2082,156,23
2083,157,0
2084,157,1
2085,157,2
2086,157,3
2087,157,4
2088,157,5
2089,157,19
2090,157,20
2091,157,21
2092,157,22
2093,157,23
2094,158,0
2095,158,1
2096,158,2
2097,158,3
2098,158,4
2099,158,5
2100,158,19
2101,158,20
2102,158,21
2103,158,22
2104,158,23
2105,159,0
2106,159,1
2107,159,2
2108,159,3
2109,159,4
2110,159,5
2111,159,19
2112,159,20
2113,159,21
2114,159,22
2115,159,23
2116,160,0
2117,160,1
2118,160,2
2119,160,3
2120,160,4
2121,160,5
2122,160,19
2123,160,20
2124,160,21
2125,160,22
2126,160,23
2127,161,0
2128,161,1
2129,161,2
2130,161,3
2131,161,4
2132,161,5
2133,161,19
2134,161,20
2135,161,21
2136,161,22
2137,161,23
2138,162,0
2139,162,1
2140,162,2
2141,162,3
2142,162,4
2143,162,5
2144,162,19
2145,162,20
2146,162,21
2147,162,22
2148,162,23
2149,163,0
2150,163,1
2151,163,2
2152,163,3
2153,163,4
2154,163,5
2155,163,19
2156,163,20
2157,163,21
2158,163,22
2159,163,23
2160,164,0
2161,164,1
2162,164,2
2163,164,3
2164,164,4
2165,164,5
2166,164,19
2167,164,20
2168,164,21
2169,164,22
2170,164,23
2171,165,0
2172,165,1
2173,165,2
2174,165,3
2175,165,4
2176,165,5
2177,165,19
2178,165,20
2179,165,21
2180,165,22
2181,165,23
2182,166,0
2183,166,1
2184,166,2
2185,166,3
2186,166,4
2187,166,5
2188,166,19
2189,166,20
2190,166,21
2191,166,22
2192,166,23
2193,167,0
2194,167,1
2195,167,2
2196,167,3
2197,167,4
2198,167,5
2199,167,19
2200,167,20
2201,167,21
2202,167,22
2203,167,23
2204,168,0
2205,168,1
2206,168,2
2207,168,3
2208,168,4
2209,168,5
2210,168,19
2211,168,20
2212,168,21
2213,168,22
2214,168,23
2215,169,0
2216,169,1
2217,169,2
2218,169,3
2219,169,4
2220,169,5
2221,169,19
2222,169,20
2223,169,21
2224,169,22
2225,169,23
2226,170,0
2227,170,1
2228,170,2
2229,170,3
2230,170,4
2231,170,5
2232,170,19
2233,170,20
2234,170,21
2235,170,22
2236,170,23
2237,171,0
2238,171,1
2239,171,2
2240,171,3
2241,171,4
2242,171,5
2243,171,19
2244,171,20
2245,171,21
2246,171,22
2247,171,23
2248,172,0
2249,172,1
2250,172,2
2251,172,3
2252,172,4
2253,172,5
2254,172,19
2255,172,20
2256,172,21
2257,172,22
2258,172,23
2259,173,0
2260,173,1
2261,173,2
2262,173,3
2263,173,4
2264,173,5
2265,173,19
2266,173,20
2267,173,21
2268,173,22
2269,173,23
2270,174,0
2271,174,1
2272,174,2
2273,174,3
2274,174,4
2275,174,5
2276,174,19
2277,174,20
2278,174,21
2279,174,22
2280,174,23
2281,175,0
2282,175,1
2283,175,2
2284,175,3
2285,175,4
2286,175,5
2287,175,19
2288,175,20
2289,175,21
2290,175,22
2291,175,23
2292,176,0
2293,176,1
2294,176,2
2295,176,3
2296,176,4
2297,176,5
2298,176,19
2299,176,20
2300,176,21
2301,176,22
2302,176,23
2303,177,0
2304,177,1
2305,177,2
2306,177,3
2307,177,4
2308,177,5
2309,177,19
2310,177,20
2311,177,21
2312,177,22
2313,177,23
2314,178,0
2315,178,1
2316,178,2
2317,178,3
2318,178,4
2319,178,5
2320,178,19
2321,178,20
2322,178,21
2323,178,22
2324,178,23
2325,179,0
2326,179,1
2327,179,2
2328,179,3
2329,179,4
2330,179,5
2331,179,19
2332,179,20
2333,179,21
2334,179,22
2335,179,23
2336,180,0
2337,180,1
2338,180,2
2339,180,3
2340,180,4
2341,180,5
2342,180,19
2343,180,20
2344,180,21
2345,180,22
2346,180,23
2347,181,0
2348,181,1
2349,181,2
2350,181,3
2351,181,4
2352,181,5
2353,181,19
2354,181,20
2355,181,21
2356,181,22
2357,181,23
2358,182,0
2359,182,1
2360,182,2
2361,182,3
2362,182,4
2363,182,5
2364,182,19
2365,182,20
2366,182,21
2367,182,22
2368,182,23
2369,183,0
2370,183,1
2371,183,2
2372,183,3
2373,183,4
2374,183,5
2375,183,19
2376,183,20
2377,183,21
2378,183,22
2379,183,23
2380,184,0
2381,184,1
2382,184,2
2383,184,3
2384,184,4
2385,184,5
2386,184,19
2387,184,20
2388,184,21
2389,184,22
2390,184,23
2391,185,0
2392,185,1
2393,185,2
2394,185,3
2395,185,4
2396,185,5
2397,185,19
2398,185,20
2399,185,21
2400,185,22
2401,185,23
2402,186,0
2403,186,1
2404,186,2
2405,186,3
2406,186,4
2407,186,5
2408,186,19
2409,186,20
2410,186,21
2411,186,22
2412,186,23
2413,187,0
2414,187,1
2415,187,2
2416,187,3
2417,187,4
2418,187,5
2419,187,19
2420,187,20
2421,187,21
2422,187,22
2423,187,23
2424,188,0
2425,188,1
2426,188,2
2427,188,3
2428,188,4
2429,188,5
2430,188,19
2431,188,20
2432,188,21
2433,188,22
2434,188,23
2435,189,0
2436,189,1
2437,189,2
2438,189,3
2439,189,4
2440,189,5
2441,189,19
2442,189,20
2443,189,21
2444,189,22
2445,189,23
2446,190,0
2447,190,1
2448,190,2
2449,190,3
2450,190,4
2451,190,5
2452,190,19
2453,190,20
2454,190,21
2455,190,22
2456,190,23
2457,191,0
2458,191,1
2459,191,2
2460,191,3
2461,191,4
2462,191,5
2463,191,19
2464,191,20
2465,191,21
2466,191,22
2467,191,23
2468,192,0
2469,192,1
2470,192,2
2471,192,3
2472,192,4
2473,192,5
2474,192,19
2475,192,20
2476,192,21
2477,192,22
2478,192,23
2479,193,0
2480,193,1
2481,193,2
2482,193,3
2483,193,4
2484,193,5
2485,193,19
2486,193,20
2487,193,21
2488,193,22
2489,193,23
2490,194,0
2491,194,1
2492,194,2
2493,194,3
2494,194,4
2495,194,5
2496,194,19
2497,194,20
2498,194,21
2499,194,22
2500,194,23
2501,195,0
2502,195,1
2503,195,2
2504,195,3
2505,195,4
2506,195,5
2507,195,19
2508,195,20
2509,195,21
2510,195,22
2511,195,23
2512,196,0
2513,196,1
2514,196,2
2515,196,3
2516,196,4
2517,196,5
2518,196,19
2519,196,20
2520,196,21
2521,196,22
2522,196,23
2523,197,0
2524,197,1
2525,197,2
2526,197,3
2527,197,4
2528,197,5
2529,197,19
2530,197,20
2531,197,21
2532,197,22
2533,197,23
2534,198,0
2535,198,1
2536,198,2
2537,198,3
2538,198,4
2539,198,5
2540,198,19
2541,198,20
2542,198,21
2543,198,22
2544,198,23
2545,199,0
2546,199,1
2547,199,2
2548,199,3
2549,199,4
2550,199,5
2551,199,19
2552,199,20
2553,199,21
2554,199,22
2555,199,23
2556,200,0
2557,200,1
2558,200,2
2559,200,3
2560,200,4
2561,200,5
2562,200,19
2563,200,20
2564,200,21
2565,200,22
2566,200,23
2567,201,0
2568,201,1
2569,201,2
2570,201,3
2571,201,4
2572,201,5
2573,201,19
2574,201,20
2575,201,21
2576,201,22
2577,201,23
2578,202,0
2579,202,1
2580,202,2
2581,202,3
2582,202,4
2583,202,5
2584,202,19
2585,202,20
2586,202,21
2587,202,22
2588,202,23
2589,203,0
2590,203,1
2591,203,2
2592,203,3
2593,203,4
2594,203,5
2595,203,19
2596,203,20
2597,203,21
2598,203,22
2599,203,23
2600,204,0
2601,204,1
2602,204,2
2603,204,3
2604,204,4
2605,204,5
2606,204,19
2607,204,20
2608,204,21
2609,204,22
2610,204,23
2611,205,0
2612,205,1
2613,205,2
2614,205,3
2615,205,4
2616,205,5
2617,205,19
2618,205,20
2619,205,21
2620,205,22
2621,205,23
2622,206,0
2623,206,1
2624,206,2
2625,206,3
2626,206,4
2627,206,5
2628,206,19
2629,206,20
2630,206,21
2631,206,22
2632,206,23
2633,207,0
2634,207,1
2635,207,2
2636,207,3
2637,207,4
2638,207,5
2639,207,19
2640,207,20
2641,207,21
2642,207,22
2643,207,23
2644,208,0
2645,208,1
2646,208,2
2647,208,3
2648,208,4
2649,208,5
2650,208,19
2651,208,20
2652,208,21
2653,208,22
2654,208,23
2655,209,0
2656,209,1
2657,209,2
2658,209,3
2659,209,4
2660,209,5
2661,209,19
2662,209,20
2663,209,21
2664,209,22
2665,209,23
2666,210,0
2667,210,1
2668,210,2
2669,210,3
2670,210,4
2671,210,5
2672,210,19
2673,210,20
2674,210,21
2675,210,22
2676,210,23
2677,211,0
2678,211,1
2679,211,2
2680,211,3
2681,211,4
2682,211,5
2683,211,19
2684,211,20
2685,211,21
2686,211,22
2687,211,23
2688,212,0
2689,212,1
2690,212,2
2691,212,3
2692,212,4
2693,212,5
2694,212,19
2695,212,20
2696,212,21
2697,212,22
2698,212,23
2699,213,0
2700,213,1
2701,213,2
2702,213,3
2703,213,4
2704,213,5
2705,213,19
2706,213,20
2707,213,21
2708,213,22
2709,213,23
2710,214,0
2711,214,1
2712,214,2
2713,214,3
2714,214,4
2715,214,5
2716,214,19
2717,214,20
2718,214,21
2719,214,22
2720,214,23
2721,215,0
2722,215,1
2723,215,2
2724,215,3
2725,215,4
2726,215,5
2727,215,19
2728,215,20
2729,215,21
2730,215,22
2731,215,23
2732,216,0
2733,216,1
2734,216,2
2735,216,3
2736,216,4
2737,216,5
2738,216,19
2739,216,20
2740,216,21
2741,216,22
2742,216,23
2743,217,0
2744,217,1
2745,217,2
2746,217,3
2747,217,4
2748,217,5
2749,217,19
2750,217,20
2751,217,21
2752,217,22
2753,217,23
2754,218,0
2755,218,1
2756,218,2
2757,218,3
2758,218,4
2759,218,5
2760,218,19
2761,218,20
2762,218,21
2763,218,22
2764,218,23
2765,219,0
2766,219,1
2767,219,2
2768,219,3
2769,219,4
2770,219,5
2771,219,19
2772,219,20
2773,219,21
2774,219,22
2775,219,23
2776,220,0
2777,220,1
2778,220,2
2779,220,3
2780,220,4
2781,220,5
2782,220,19
2783,220,20
2784,220,21
2785,220,22
2786,220,23
2787,221,0
2788,221,1
2789,221,2
2790,221,3
2791,221,4
2792,221,5
2793,221,19
2794,221,20
2795,221,21
2796,221,22
2797,221,23
2798,222,0
2799,222,1
2800,222,2
2801,222,3
2802,222,4
2803,222,5
2804,222,19
2805,222,20
2806,222,21
2807,222,22
2808,222,23
2809,223,0
2810,223,1
2811,223,2
2812,223,3
2813,223,4
2814,223,5
2815,223,19
2816,223,20
2817,223,21
2818,223,22
2819,223,23
2820,224,0
2821,224,1
2822,224,2
2823,224,3
2824,224,4
2825,224,5
2826,224,19
2827,224,20
2828,224,21
2829,224,22
2830,224,23
2831,225,0
2832,225,1
2833,225,2
2834,225,3
2835,225,4
2836,225,5
2837,225,19
2838,225,20
2839,225,21
2840,225,22
2841,225,23
2842,226,0
2843,226,1
2844,226,2
2845,226,3
2846,226,4
2847,226,5
2848,226,19
2849,226,20
2850,226,21
2851,226,22
2852,226,23
2853,227,0
2854,227,1
2855,227,2
2856,227,3
2857,227,4
2858,227,5
2859,227,19
2860,227,20
2861,227,21
2862,227,22
2863,227,23
2864,228,0
2865,228,1
2866,228,2
2867,228,3
2868,228,4
2869,228,5
2870,228,19
2871,228,20
2872,228,21
2873,228,22
2874,228,23
2875,229,0
2876,229,1
2877,229,2
2878,229,3
2879,229,4
2880,229,5
2881,229,19
2882,229,20
2883,229,21
2884,229,22
2885,229,23
2886,230,0
2887,230,1
2888,230,2
2889,230,3
2890,230,4
2891,230,5
2892,230,19
2893,230,20
2894,230,21
2895,230,22
2896,230,23
2897,231,0
2898,231,1
2899,231,2
2900,231,3
2901,231,4
2902,231,5
2903,231,19
2904,231,20
2905,231,21
2906,231,22
2907,231,23
2908,232,0
2909,232,1
2910,232,2
2911,232,3
2912,232,4
2913,232,5
2914,232,6
2915,232,19
2916,232,20
2917,232,21
2918,232,22
2919,232,23
2920,233,0
2921,233,1
2922,233,2
2923,233,3
2924,233,4
2925,233,5
2926,233,6
2927,233,19
2928,233,20
2929,233,21
2930,233,22
2931,233,23
2932,234,0
2933,234,1
2934,234,2
2935,234,3
2936,234,4
2937,234,5
2938,234,6
2939,234,18
2940,234,19
2941,234,20
2942,234,21
2943,234,22
2944,234,23
2945,235,0
2946,235,1
2947,235,2
2948,235,3
2949,235,4
2950,235,5
2951,235,6
2952,235,18
2953,235,19
2954,235,20
2955,235,21
2956,235,22
2957,235,23
2958,236,0
2959,236,1
2960,236,2
2961,236,3
2962,236,4
2963,236,5
2964,236,6
2965,236,18
2966,236,19
2967,236,20
2968,236,21
2969,236,22
2970,236,23
2971,237,0
2972,237,1
2973,237,2
2974,237,3
2975,237,4
2976,237,5
2977,237,6
2978,237,18
2979,237,19
2980,237,20
2981,237,21
2982,237,22
2983,237,23
2984,238,0
2985,238,1
2986,238,2
2987,238,3
2988,238,4
2989,238,5
2990,238,6
2991,238,18
2992,238,19
2993,238,20
2994,238,21
2995,238,22
2996,238,23
2997,239,0
2998,239,1
2999,239,2
3000,239,3
3001,239,4
3002,239,5
3003,239,6
3004,239,18
3005,239,19
3006,239,20
3007,239,21
3008,239,22
3009,239,23
3010,240,0
3011,240,1
3012,240,2
3013,240,3
3014,240,4
3015,240,5
3016,240,6
3017,240,18
3018,240,19
3019,240,20
3020,240,21
3021,240,22
3022,240,23
3023,241,0
3024,241,1
3025,241,2
3026,241,3
3027,241,4
3028,241,5
3029,241,6
3030,241,18
3031,241,19
3032,241,20
3033,241,21
3034,241,22
3035,241,23
3036,242,0
3037,242,1
3038,242,2
3039,242,3
3040,242,4
3041,242,5
3042,242,6
3043,242,18
3044,242,19
3045,242,20
3046,242,21
3047,242,22
3048,242,23
3049,243,0
3050,243,1
3051,243,2
3052,243,3
3053,243,4
3054,243,5
3055,243,6
3056,243,18
3057,243,19
3058,243,20
3059,243,21
3060,243,22
3061,243,23
3062,244,0
3063,244,1
3064,244,2
3065,244,3
3066,244,4
3067,244,5
3068,244,6
3069,244,18
3070,244,19
3071,244,20
3072,244,21
3073,244,22
3074,244,23
3075,245,0
3076,245,1
3077,245,2
3078,245,3
3079,245,4
3080,245,5
3081,245,6
3082,245,18
3083,245,19
3084,245,20
3085,245,21
3086,245,22
3087,245,23
3088,246,0
3089,246,1
3090,246,2
3091,246,3
3092,246,4
3093,246,5
3094,246,6
3095,246,18
3096,246,19
3097,246,20
3098,246,21
3099,246,22
3100,246,23
3101,247,0
3102,247,1
3103,247,2
3104,247,3
3105,247,4
3106,247,5
3107,247,6
3108,247,18
3109,247,19
3110,247,20
3111,247,21
3112,247,22
3113,247,23
3114,248,0
3115,248,1
3116,248,2
3117,248,3
3118,248,4
3119,248,5
3120,248,6
3121,248,18
3122,248,19
3123,248,20
3124,248,21
3125,248,22
3126,248,23
3127,249,0
3128,249,1
3129,249,2
3130,249,3
3131,249,4
3132,249,5
3133,249,6
3134,249,18
3135,249,19
3136,249,20
3137,249,21
3138,249,22
3139,249,23
3140,250,0
3141,250,1
3142,250,2
3143,250,3
3144,250,4
3145,250,5
3146,250,6
3147,250,18
3148,250,19
3149,250,20
3150,250,21
3151,250,22
3152,250,23
3153,251,0
3154,251,1
3155,251,2
3156,251,3
3157,251,4
3158,251,5
3159,251,6
3160,251,18
3161,251,19
3162,251,20
3163,251,21
3164,251,22
3165,251,23
3166,252,0
3167,252,1
3168,252,2
3169,252,3
3170,252,4
3171,252,5
3172,252,6
3173,252,18
3174,252,19
3175,252,20
3176,252,21
3177,252,22
3178,252,23
3179,253,0
3180,253,1
3181,253,2
3182,253,3
3183,253,4
3184,253,5
3185,253,6
3186,253,18
3187,253,19
3188,253,20
3189,253,21
3190,253,22
3191,253,23
3192,254,0
3193,254,1
3194,254,2
3195,254,3
3196,254,4
3197,254,5
3198,254,6
3199,254,18
3200,254,19
3201,254,20
3202,254,21
3203,254,22
3204,254,23
3205,255,0
3206,255,1
3207,255,2
3208,255,3
3209,255,4
3210,255,5
3211,255,6
3212,255,18
3213,255,19
3214,255,20
3215,255,21
3216,255,22
3217,255,23
3218,256,0
3219,256,1
3220,256,2
3221,256,3
3222,256,4
3223,256,5
3224,256,6
3225,256,18
3226,256,19
3227,256,20
3228,256,21
3229,256,22
3230,256,23
3231,257,0
3232,257,1
3233,257,2
3234,257,3
3235,257,4
3236,257,5
3237,257,6
3238,257,18
3239,257,19
3240,257,20
3241,257,21
3242,257,22
3243,257,23
3244,258,0
3245,258,1
3246,258,2
3247,258,3
3248,258,4
3249,258,5
3250,258,6
3251,258,18
3252,258,19
3253,258,20
3254,258,21
3255,258,22
3256,258,23
3257,259,0
3258,259,1
3259,259,2
3260,259,3
3261,259,4
3262,259,5
3263,259,6
3264,259,18
3265,259,19
3266,259,20
3267,259,21
3268,259,22
3269,259,23
3270,260,0
3271,260,1
3272,260,2
3273,260,3
3274,260,4
3275,260,5
3276,260,6
3277,260,18
3278,260,19
3279,260,20
3280,260,21
3281,260,22
3282,260,23
3283,261,0
3284,261,1
3285,261,2
3286,261,3
3287,261,4
3288,261,5
3289,261,6
3290,261,18
3291,261,19
3292,261,20
3293,261,21
3294,261,22
3295,261,23
3296,262,0
3297,262,1
3298,262,2
3299,262,3
3300,262,4
3301,262,5
3302,262,6
3303,262,18
3304,262,19
3305,262,20
3306,262,21
3307,262,22
3308,262,23
3309,263,0
3310,263,1
3311,263,2
3312,263,3
3313,263,4
3314,263,5
3315,263,6
3316,263,18
3317,263,19
3318,263,20
3319,263,21
3320,263,22
3321,263,23
3322,264,0
3323,264,1
3324,264,2
3325,264,3
3326,264,4
3327,264,5
3328,264,6
3329,264,18
3330,264,19
3331,264,20
3332,264,21
3333,264,22
3334,264,23
3335,265,0
3336,265,1
3337,265,2
3338,265,3
3339,265,4
3340,265,5
3341,265,6
3342,265,18
3343,265,19
3344,265,20
3345,265,21
3346,265,22
3347,265,23
3348,266,0
3349,266,1
3350,266,2
3351,266,3
3352,266,4
3353,266,5
3354,266,6
3355,266,18
3356,266,19
3357,266,20
3358,266,21
3359,266,22
3360,266,23
3361,267,0
3362,267,1
3363,267,2
3364,267,3
3365,267,4
3366,267,5
3367,267,6
3368,267,18
3369,267,19
3370,267,20
3371,267,21
3372,267,22
3373,267,23
3374,268,0
3375,268,1
3376,268,2
3377,268,3
3378,268,4
3379,268,5
3380,268,6
3381,268,18
3382,268,19
3383,268,20
3384,268,21
3385,268,22
3386,268,23
3387,269,0
3388,269,1
3389,269,2
3390,269,3
3391,269,4
3392,269,5
3393,269,6
3394,269,18
3395,269,19
3396,269,20
3397,269,21
3398,269,22
3399,269,23
3400,270,0
3401,270,1
3402,270,2
3403,270,3
3404,270,4
3405,270,5
3406,270,6
3407,270,18
3408,270,19
3409,270,20
3410,270,21
3411,270,22
3412,270,23
3413,271,0
3414,271,1
3415,271,2
3416,271,3
3417,271,4
3418,271,5
3419,271,6
3420,271,18
3421,271,19
3422,271,20
3423,271,21
3424,271,22
3425,271,23
3426,272,0
3427,272,1
3428,272,2
3429,272,3
3430,272,4
3431,272,5
3432,272,6
3433,272,18
3434,272,19
3435,272,20
3436,272,21
3437,272,22
3438,272,23
3439,273,0
3440,273,1
3441,273,2
3442,273,3
3443,273,4
3444,273,5
3445,273,6
3446,273,18
3447,273,19
3448,273,20
3449,273,21
3450,273,22
3451,273,23
3452,274,0
3453,274,1
3454,274,2
3455,274,3
3456,274,4
3457,274,5
3458,274,6
3459,274,18
3460,274,19
3461,274,20
3462,274,21
3463,274,22
3464,274,23
3465,275,0
3466,275,1
3467,275,2
3468,275,3
3469,275,4
3470,275,5
3471,275,6
3472,275,18
3473,275,19
3474,275,20
3475,275,21
3476,275,22
3477,275,23
3478,276,0
3479,276,1
3480,276,2
3481,276,3
3482,276,4
3483,276,5
3484,276,6
3485,276,18
3486,276,19
3487,276,20
3488,276,21
3489,276,22
3490,276,23
3491,277,0
3492,277,1
3493,277,2
3494,277,3
3495,277,4
3496,277,5
3497,277,6
3498,277,18
3499,277,19
3500,277,20
3501,277,21
3502,277,22
3503,277,23
3504,278,0
3505,278,1
3506,278,2
3507,278,3
3508,278,4
3509,278,5
3510,278,6
3511,278,18
3512,278,19
3513,278,20
3514,278,21
3515,278,22
3516,278,23
3517,279,0
3518,279,1
3519,279,2
3520,279,3
3521,279,4
3522,279,5
3523,279,6
3524,279,18
3525,279,19
3526,279,20
3527,279,21
3528,279,22
3529,279,23
3530,280,0
3531,280,1
3532,280,2
3533,280,3
3534,280,4
3535,280,5
3536,280,6
3537,280,18
3538,280,19
3539,280,20
3540,280,21
3541,280,22
3542,280,23
3543,281,0
3544,281,1
3545,281,2
3546,281,3
3547,281,4
3548,281,5
3549,281,6
3550,281,18
3551,281,19
3552,281,20
3553,281,21
3554,281,22
3555,281,23
3556,282,0
3557,282,1
3558,282,2
3559,282,3
3560,282,4
3561,282,5
3562,282,6
3563,282,18
3564,282,19
3565,282,20
3566,282,21
3567,282,22
3568,282,23
3569,283,0
3570,283,1
3571,283,2
3572,283,3
3573,283,4
3574,283,5
3575,283,6
3576,283,18
3577,283,19
3578,283,20
3579,283,21
3580,283,22
3581,283,23
3582,284,0
3583,284,1
3584,284,2
3585,284,3
3586,284,4
3587,284,5
3588,284,6
3589,284,7
3590,284,18
3591,284,19
3592,284,20
3593,284,21
3594,284,22
3595,284,23
3596,285,0
3597,285,1
3598,285,2
3599,285,3
3600,285,4
3601,285,5
3602,285,6
3603,285,7
3604,285,18
3605,285,19
3606,285,20
3607,285,21
3608,285,22
3609,285,23
3610,286,0
3611,286,1
3612,286,2
3613,286,3
3614,286,4
3615,286,5
3616,286,6
3617,286,7
3618,286,18
3619,286,19
3620,286,20
3621,286,21
3622,286,22
3623,286,23
3624,287,0
3625,287,1
3626,287,2
3627,287,3
3628,287,4
3629,287,5
3630,287,6
3631,287,7
3632,287,17
3633,287,18
3634,287,19
3635,287,20
3636,287,21
3637,287,22
3638,287,23
3639,288,0
3640,288,1
3641,288,2
3642,288,3
3643,288,4
3644,288,5
3645,288,6
3646,288,7
3647,288,17
3648,288,18
3649,288,19
3650,288,20
3651,288,21
3652,288,22
3653,288,23
3654,289,0
3655,289,1
3656,289,2
3657,289,3
3658,289,4
3659,289,5
3660,289,6
3661,289,7
3662,289,17
3663,289,18
3664,289,19
3665,289,20
3666,289,21
3667,289,22
3668,289,23
3669,290,0
3670,290,1
3671,290,2
3672,290,3
3673,290,4
3674,290,5
3675,290,6
3676,290,7
3677,290,17
3678,290,18
3679,290,19
3680,290,20
3681,290,21
3682,290,22
3683,290,23
3684,291,0
3685,291,1
3686,291,2
3687,291,3
3688,291,4
3689,291,5
3690,291,6
3691,291,7
3692,291,17
3693,291,18
3694,291,19
3695,291,20
3696,291,21
3697,291,22
3698,291,23
3699,292,0
3700,292,1
3701,292,2
3702,292,3
3703,292,4
3704,292,5
3705,292,6
3706,292,7
3707,292,17
3708,292,18
3709,292,19
3710,292,20
3711,292,21
3712,292,22
3713,292,23
3714,293,0
3715,293,1
3716,293,2
3717,293,3
3718,293,4
3719,293,5
3720,293,6
3721,293,7
3722,293,17
3723,293,18
3724,293,19
3725,293,20
3726,293,21
3727,293,22
3728,293,23
3729,294,0
3730,294,1
3731,294,2
3732,294,3
3733,294,4
3734,294,5
3735,294,6
3736,294,7
3737,294,17
3738,294,18
3739,294,19
3740,294,20
3741,294,21
3742,294,22
3743,294,23
3744,295,0
3745,295,1
3746,295,2
3747,295,3
3748,295,4
3749,295,5
3750,295,6
3751,295,7
3752,295,17
3753,295,18
3754,295,19
3755,295,20
3756,295,21
3757,295,22
3758,295,23
3759,296,0
3760,296,1
3761,296,2
3762,296,3
3763,296,4
3764,296,5
3765,296,6
3766,296,7
3767,296,17
3768,296,18
3769,296,19
3770,296,20
3771,296,21
3772,296,22
3773,296,23
3774,297,0
3775,297,1
3776,297,2
3777,297,3
3778,297,4
3779,297,5
3780,297,6
3781,297,7
3782,297,17
3783,297,18
3784,297,19
3785,297,20
3786,297,21
3787,297,22
3788,297,23
3789,298,0
3790,298,1
3791,298,2
3792,298,3
3793,298,4
3794,298,5
3795,298,6
3796,298,7
3797,298,17
3798,298,18
3799,298,19
3800,298,20
3801,298,21
3802,298,22
3803,298,23
3804,299,0
3805,299,1
3806,299,2
3807,299,3
3808,299,4
3809,299,5
3810,299,6
3811,299,7
3812,299,17
3813,299,18
3814,299,19
3815,299,20
3816,299,21
3817,299,22
3818,299,23
3819,300,0
3820,300,1
3821,300,2
3822,300,3
3823,300,4
3824,300,5
3825,300,6
3826,300,7
3827,300,17
3828,300,18
3829,300,19
3830,300,20
3831,300,21
3832,300,22
3833,300,23
3834,301,0
3835,301,1
3836,301,2
3837,301,3
3838,301,4
3839,301,5
3840,301,6
3841,301,7
3842,301,17
3843,301,18
3844,301,19
3845,301,20
3846,301,21
3847,301,22
3848,301,23
3849,302,0
3850,302,1
3851,302,2
3852,302,3
3853,302,4
3854,302,5
3855,302,6
3856,302,7
3857,302,17
3858,302,18
3859,302,19
3860,302,20
3861,302,21
3862,302,22
3863,302,23
3864,303,0
3865,303,1
3866,303,2
3867,303,3
3868,303,4
3869,303,5
3870,303,6
3871,303,7
3872,303,17
3873,303,18
3874,303,19
3875,303,20
3876,303,21
3877,303,22
3878,303,23
3879,304,0
3880,304,1
3881,304,2
3882,304,3
3883,304,4
3884,304,5
3885,304,6
3886,304,7
3887,304,17
3888,304,18
3889,304,19
3890,304,20
3891,304,21
3892,304,22
3893,304,23
3894,305,0
3895,305,1
3896,305,2
3897,305,3
3898,305,4
3899,305,5
3900,305,6
3901,305,7
3902,305,17
3903,305,18
3904,305,19
3905,305,20
3906,305,21
3907,305,22
3908,305,23
3909,306,0
3910,306,1
3911,306,2
3912,306,3
3913,306,4
3914,306,5
3915,306,6
3916,306,7
3917,306,17
3918,306,18
3919,306,19
3920,306,20
3921,306,21
3922,306,22
3923,306,23
3924,307,0
3925,307,1
3926,307,2
3927,307,3
3928,307,4
3929,307,5
3930,307,6
3931,307,7
3932,307,17
3933,307,18
3934,307,19
3935,307,20
3936,307,21
3937,307,22
3938,307,23
3939,308,0
3940,308,1
3941,308,2
3942,308,3
3943,308,4
3944,308,5
3945,308,6
3946,308,7
3947,308,17
3948,308,18
3949,308,19
3950,308,20
3951,308,21
3952,308,22
3953,308,23
3954,309,0
3955,309,1
3956,309,2
3957,309,3
3958,309,4
3959,309,5
3960,309,6
3961,309,7
3962,309,17
3963,309,18
3964,309,19
3965,309,20
3966,309,21
3967,309,22
3968,309,23
3969,310,0
3970,310,1
3971,310,2
3972,310,3
3973,310,4
3974,310,5
3975,310,6
3976,310,7
3977,310,17
3978,310,18
3979,310,19
3980,310,20
3981,310,21
3982,310,22
3983,310,23
3984,311,0
3985,311,1
3986,311,2
3987,311,3
3988,311,4
3989,311,5
3990,311,6
3991,311,7
3992,311,17
3993,311,18
3994,311,19
3995,311,20
3996,311,21
3997,311,22
3998,311,23
3999,312,0
4000,312,1
4001,312,2
4002,312,3
4003,312,4
4004,312,5
4005,312,6
4006,312,7
4007,312,17
4008,312,18
4009,312,19
4010,312,20
4011,312,21
4012,312,22
4013,312,23
4014,313,0
4015,313,1
4016,313,2
4017,313,3
4018,313,4
4019,313,5
4020,313,6
4021,313,7
4022,313,17
4023,313,18
4024,313,19
4025,313,20
4026,313,21
4027,313,22
4028,313,23
4029,314,0
4030,314,1
4031,314,2
4032,314,3
4033,314,4
4034,314,5
4035,314,6
4036,314,7
4037,314,17
4038,314,18
4039,314,19
4040,314,20
4041,314,21
4042,314,22
4043,314,23
4044,315,0
4045,315,1
4046,315,2
4047,315,3
4048,315,4
4049,315,5
4050,315,6
4051,315,7
4052,315,17
4053,315,18
4054,315,19
4055,315,20
4056,315,21
4057,315,22
4058,315,23
4059,316,0
4060,316,1
4061,316,2
4062,316,3
4063,316,4
4064,316,5
4065,316,6
4066,316,7
4067,316,17
4068,316,18
4069,316,19
4070,316,20
4071,316,21
4072,316,22
4073,316,23
4074,317,0
4075,317,1
4076,317,2
4077,317,3
4078,317,4
4079,317,5
4080,317,6
4081,317,7
4082,317,17
4083,317,18
4084,317,19
4085,317,20
4086,317,21
4087,317,22
4088,317,23
4089,318,0
4090,318,1
4091,318,2
4092,318,3
4093,318,4
4094,318,5
4095,318,6
4096,318,7
4097,318,17
4098,318,18
4099,318,19
4100,318,20
4101,318,21
4102,318,22
4103,318,23
4104,319,0
4105,319,1
4106,319,2
4107,319,3
4108,319,4
4109,319,5
4110,319,6
4111,319,7
4112,319,17
4113,319,18
4114,319,19
4115,319,20
4116,319,21
4117,319,22
4118,319,23
4119,320,0
4120,320,1
4121,320,2
4122,320,3
4123,320,4
4124,320,5
4125,320,6
4126,320,7
4127,320,17
4128,320,18
4129,320,19
4130,320,20
4131,320,21
4132,320,22
4133,320,23
4134,321,0
4135,321,1
4136,321,2
4137,321,3
4138,321,4
4139,321,5
4140,321,6
4141,321,7
4142,321,17
4143,321,18
4144,321,19
4145,321,20
4146,321,21
4147,321,22
4148,321,23
4149,322,0
4150,322,1
4151,322,2
4152,322,3
4153,322,4
4154,322,5
4155,322,6
4156,322,7
4157,322,17
4158,322,18
4159,322,19
4160,322,20
4161,322,21
4162,322,22
4163,322,23
4164,323,0
4165,323,1
4166,323,2
4167,323,3
4168,323,4
4169,323,5
4170,323,6
4171,323,7
4172,323,17
4173,323,18
4174,323,19
4175,323,20
4176,323,21
4177,323,22
4178,323,23
4179,324,0
4180,324,1
4181,324,2
4182,324,3
4183,324,4
4184,324,5
4185,324,6
4186,324,7
4187,324,17
4188,324,18
4189,324,19
4190,324,20
4191,324,21
4192,324,22
4193,324,23
4194,325,0
4195,325,1
4196,325,2
4197,325,3
4198,325,4
4199,325,5
4200,325,6
4201,325,7
4202,325,17
4203,325,18
4204,325,19
4205,325,20
4206,325,21
4207,325,22
4208,325,23
4209,326,0
4210,326,1
4211,326,2
4212,326,3
4213,326,4
4214,326,5
4215,326,6
4216,326,7
4217,326,17
4218,326,18
4219,326,19
4220,326,20
4221,326,21
4222,326,22
4223,326,23
4224,327,0
4225,327,1
4226,327,2
4227,327,3
4228,327,4
4229,327,5
4230,327,6
4231,327,7
4232,327,17
4233,327,18
4234,327,19
4235,327,20
4236,327,21
4237,327,22
4238,327,23
4239,328,0
4240,328,1
4241,328,2
4242,328,3
4243,328,4
4244,328,5
4245,328,6
4246,328,7
4247,328,17
4248,328,18
4249,328,19
4250,328,20
4251,328,21
4252,328,22
4253,328,23
4254,329,0
4255,329,1
4256,329,2
4257,329,3
4258,329,4
4259,329,5
4260,329,6
4261,329,7
4262,329,17
4263,329,18
4264,329,19
4265,329,20
4266,329,21
4267,329,22
4268,329,23
4269,330,0
4270,330,1
4271,330,2
4272,330,3
4273,330,4
4274,330,5
4275,330,6
4276,330,7
4277,330,17
4278,330,18
4279,330,19
4280,330,20
4281,330,21
4282,330,22
4283,330,23
4284,331,0
4285,331,1
4286,331,2
4287,331,3
4288,331,4
4289,331,5
4290,331,6
4291,331,7
4292,331,17
4293,331,18
4294,331,19
4295,331,20
4296,331,21
4297,331,22
4298,331,23
4299,332,0
4300,332,1
4301,332,2
4302,332,3
4303,332,4
4304,332,5
4305,332,6
4306,332,7
4307,332,17
4308,332,18
4309,332,19
4310,332,20
4311,332,21
4312,332,22
4313,332,23
4314,333,0
4315,333,1
4316,333,2
4317,333,3
4318,333,4
4319,333,5
4320,333,6
4321,333,7
4322,333,17
4323,333,18
4324,333,19
4325,333,20
4326,333,21
4327,333,22
4328,333,23
4329,334,0
4330,334,1
4331,334,2
4332,334,3
4333,334,4
4334,334,5
4335,334,6
4336,334,7
4337,334,17
4338,334,18
4339,334,19
4340,334,20
4341,334,21
4342,334,22
4343,334,23
4344,335,0
4345,335,1
4346,335,2
4347,335,3
4348,335,4
4349,335,5
4350,335,6
4351,335,7
4352,335,8
4353,335,17
4354,335,18
4355,335,19
4356,335,20
4357,335,21
4358,335,22
4359,335,23
4360,336,0
4361,336,1
4362,336,2
4363,336,3
4364,336,4
4365,336,5
4366,336,6
4367,336,7
4368,336,8
4369,336,17
4370,336,18
4371,336,19
4372,336,20
4373,336,21
4374,336,22
4375,336,23
4376,337,0
4377,337,1
4378,337,2
4379,337,3
4380,337,4
4381,337,5
4382,337,6
4383,337,7
4384,337,8
4385,337,17
4386,337,18
4387,337,19
4388,337,20
4389,337,21
4390,337,22
4391,337,23
4392,338,0
4393,338,1
4394,338,2
4395,338,3
4396,338,4
4397,338,5
4398,338,6
4399,338,7
4400,338,8
4401,338,17
4402,338,18
4403,338,19
4404,338,20
4405,338,21
4406,338,22
4407,338,23
4408,339,0
4409,339,1
4410,339,2
4411,339,3
4412,339,4
4413,339,5
4414,339,6
4415,339,7
4416,339,8
4417,339,17
4418,339,18
4419,339,19
4420,339,20
4421,339,21
4422,339,22
4423,339,23
4424,340,0
4425,340,1
4426,340,2
4427,340,3
4428,340,4
4429,340,5
4430,340,6
4431,340,7
4432,340,8
4433,340,17
4434,340,18
4435,340,19
4436,340,20
4437,340,21
4438,340,22
4439,340,23
4440,341,0
4441,341,1
4442,341,2
4443,341,3
4444,341,4
4445,341,5
4446,341,6
4447,341,7
4448,341,8
4449,341,17
4450,341,18
4451,341,19
4452,341,20
4453,341,21
4454,341,22
4455,341,23
4456,342,0
4457,342,1
4458,342,2
4459,342,3
4460,342,4
4461,342,5
4462,342,6
4463,342,7
4464,342,8
4465,342,17
4466,342,18
4467,342,19
4468,342,20
4469,342,21
4470,342,22
4471,342,23
4472,343,0
4473,343,1
4474,343,2
4475,343,3
4476,343,4
4477,343,5
4478,343,6
4479,343,7
4480,343,8
4481,343,17
4482,343,18
4483,343,19
4484,343,20
4485,343,21
4486,343,22
4487,343,23
4488,344,0
4489,344,1
4490,344,2
4491,344,3
4492,344,4
4493,344,5
4494,344,6
4495,344,7
4496,344,8
4497,344,17
4498,344,18
4499,344,19
4500,344,20
4501,344,21
4502,344,22
4503,344,23
4504,345,0
4505,345,1
4506,345,2
4507,345,3
4508,345,4
4509,345,5
4510,345,6
4511,345,7
4512,345,8
4513,345,17
4514,345,18
4515,345,19
4516,345,20
4517,345,21
4518,345,22
4519,345,23
4520,346,0
4521,346,1
4522,346,2
4523,346,3
4524,346,4
4525,346,5
4526,346,6
4527,346,7
4528,346,8
4529,346,17
4530,346,18
4531,346,19
4532,346,20
4533,346,21
4534,346,22
4535,346,23
4536,347,0
4537,347,1
4538,347,2
4539,347,3
4540,347,4
4541,347,5
4542,347,6
4543,347,7
4544,347,8
4545,347,17
4546,347,18
4547,347,19
4548,347,20
4549,347,21
4550,347,22
4551,347,23
4552,348,0
4553,348,1
4554,348,2
4555,348,3
4556,348,4
4557,348,5
4558,348,6
4559,348,7
4560,348,8
4561,348,17
4562,348,18
4563,348,19
4564,348,20
4565,348,21
4566,348,22
4567,348,23
4568,349,0
4569,349,1
4570,349,2
4571,349,3
4572,349,4
4573,349,5
4574,349,6
4575,349,7
4576,349,17
4577,349,18
4578,349,19
4579,349,20
4580,349,21
4581,349,22
4582,349,23
4583,350,0
4584,350,1
4585,350,2
4586,350,3
4587,350,4
4588,350,5
4589,350,6
4590,350,7
4591,350,17
4592,350,18
4593,350,19
4594,350,20
4595,350,21
4596,350,22
4597,350,23
4598,351,0
4599,351,1
4600,351,2
4601,351,3
4602,351,4
4603,351,5
4604,351,6
4605,351,7
4606,351,8
4607,351,17
4608,351,18
4609,351,19
4610,351,20
4611,351,21
4612,351,22
4613,351,23
4614,352,0
4615,352,1
4616,352,2
4617,352,3
4618,352,4
4619,352,5
4620,352,6
4621,352,7
4622,352,8
4623,352,17
4624,352,18
4625,352,19
4626,352,20
4627,352,21
4628,352,22
4629,352,23
4630,353,0
4631,353,1
4632,353,2
4633,353,3
4634,353,4
4635,353,5
4636,353,6
4637,353,7
4638,353,8
4639,353,17
4640,353,18
4641,353,19
4642,353,20
4643,353,21
4644,353,22
4645,353,23
4646,354,0
4647,354,1
4648,354,2
4649,354,3
4650,354,4
4651,354,5
4652,354,6
4653,354,7
4654,354,8
4655,354,17
4656,354,18
4657,354,19
4658,354,20
4659,354,21
4660,354,22
4661,354,23
4662,355,0
4663,355,1
4664,355,2
4665,355,3
4666,355,4
4667,355,5
4668,355,6
4669,355,7
4670,355,8
4671,355,17
4672,355,18
4673,355,19
4674,355,20
4675,355,21
4676,355,22
4677,355,23
4678,356,0
4679,356,1
4680,356,2
4681,356,3
4682,356,4
4683,356,5
4684,356,6
4685,356,7
4686,356,8
4687,356,17
4688,356,18
4689,356,19
4690,356,20
4691,356,21
4692,356,22
4693,356,23
4694,357,0
4695,357,1
4696,357,2
4697,357,3
4698,357,4
4699,357,5
4700,357,6
4701,357,7
4702,357,8
4703,357,17
4704,357,18
4705,357,19
4706,357,20
4707,357,21
4708,357,22
4709,357,23
4710,358,0
4711,358,1
4712,358,2
4713,358,3
4714,358,4
4715,358,5
4716,358,6
4717,358,7
4718,358,17
4719,358,18
4720,358,19
4721,358,20
4722,358,21
4723,358,22
4724,358,23
4725,359,0
4726,359,1
4727,359,2
4728,359,3
4729,359,4
4730,359,5
4731,359,6
4732,359,7
4733,359,8
4734,359,17
4735,359,18
4736,359,19
4737,359,20
4738,359,21
4739,359,22
4740,359,23
4741,360,0
4742,360,1
4743,360,2
4744,360,3
4745,360,4
4746,360,5
4747,360,6
4748,360,7
4749,360,8
4750,360,17
4751,360,18
4752,360,19
4753,360,20
4754,360,21
4755,360,22
4756,360,23
4757,361,0
4758,361,1
4759,361,2
4760,361,3
4761,361,4
4762,361,5
4763,361,6
4764,361,7
4765,361,8
4766,361,17
4767,361,18
4768,361,19
4769,361,20
4770,361,21
4771,361,22
4772,361,23
4773,362,0
4774,362,1
4775,362,2
4776,362,3
4777,362,4
4778,362,5
4779,362,6
4780,362,7
4781,362,8
4782,362,17
4783,362,18
4784,362,19
4785,362,20
4786,362,21
4787,362,22
4788,362,23
4789,363,0
4790,363,1
4791,363,2
4792,363,3
4793,363,4
4794,363,5
4795,363,6
4796,363,7
4797,363,8
4798,363,17
4799,363,18
4800,363,19
4801,363,20
4802,363,21
4803,363,22
4804,363,23
4805,364,0
4806,364,1
4807,364,2
4808,364,3
4809,364,4
4810,364,5
4811,364,6
4812,364,7
4813,364,8
4814,364,17
4815,364,18
4816,364,19
4817,364,20
4818,364,21
4819,364,22
4820,364,23
4821,365,0
4822,365,1
4823,365,2
4824,365,3
4825,365,4
4826,365,5
4827,365,6
4828,365,7
4829,365,8
4830,365,17
4831,365,18
4832,365,19
4833,365,20
4834,365,21
4835,365,22
4836,365,23
