,day,hour
0,1,0
1,1,1
2,1,2
3,1,3
4,1,4
5,1,5
6,1,6
7,1,7
8,1,8
9,1,9
10,1,10
11,1,11
12,1,12
13,1,13
14,1,14
15,1,15
16,1,16
17,1,17
18,1,18
19,1,19
20,1,20
21,1,21
22,1,22
23,1,23
24,2,0
25,2,1
26,2,2
27,2,3
28,2,4
29,2,5
30,2,6
31,2,7
32,2,8
33,2,9
34,2,10
35,2,11
36,2,12
37,2,13
38,2,14
39,2,15
40,2,16
41,2,17
42,2,18
43,2,19
44,2,20
45,2,21
46,2,22
47,2,23
48,3,0
49,3,1
50,3,2
51,3,3
52,3,4
53,3,5
54,3,6
55,3,7
56,3,8
57,3,9
58,3,10
59,3,11
60,3,12
61,3,13
62,3,14
63,3,15
64,3,16
65,3,17
66,3,18
67,3,19
68,3,20
69,3,21
70,3,22
71,3,23
72,4,0
73,4,1
74,4,2
75,4,3
76,4,4
77,4,5
78,4,6
79,4,7
80,4,8
81,4,9
82,4,10
83,4,11
84,4,12
85,4,13
86,4,14
87,4,15
88,4,16
89,4,17
90,4,18
91,4,19
92,4,20
93,4,21
94,4,22
95,4,23
96,5,0
97,5,1
98,5,2
99,5,3
100,5,4
101,5,5
102,5,6
103,5,7
104,5,8
105,5,9
106,5,10
107,5,11
108,5,12
109,5,13
110,5,14
111,5,15
112,5,16
113,5,17
114,5,18
115,5,19
116,5,20
117,5,21
118,5,22
119,5,23
120,6,0
121,6,1
122,6,2
123,6,3
124,6,4
125,6,5
126,6,6
127,6,7
128,6,8
129,6,9
130,6,10
131,6,11
132,6,12
133,6,13
134,6,14
135,6,15
136,6,16
137,6,17
138,6,18
139,6,19
140,6,20
141,6,21
142,6,22
143,6,23
144,7,0
145,7,1
146,7,2
147,7,3
148,7,4
149,7,5
150,7,6
151,7,7
152,7,8
153,7,9
154,7,10
155,7,11
156,7,12
157,7,13
158,7,14
159,7,15
160,7,16
161,7,17
162,7,18
163,7,19
164,7,20
165,7,21
166,7,22
167,7,23
168,8,0
169,8,1
170,8,2
171,8,3
172,8,4
173,8,5
174,8,6
175,8,7
176,8,8
177,8,9
178,8,10
179,8,11
180,8,12
181,8,13
182,8,14
183,8,15
184,8,16
185,8,17
186,8,18
187,8,19
188,8,20
189,8,21
190,8,22
191,8,23
192,9,0
193,9,1
194,9,2
195,9,3
196,9,4
197,9,5
198,9,6
199,9,7
200,9,8
201,9,9
202,9,10
203,9,11
204,9,12
205,9,13
206,9,14
207,9,15
208,9,16
209,9,17
210,9,18
211,9,19
212,9,20
213,9,21
214,9,22
215,9,23
216,10,0
217,10,1
218,10,2
219,10,3
220,10,4
221,10,5
222,10,6
223,10,7
224,10,8
225,10,9
226,10,10
227,10,11
228,10,12
229,10,13
230,10,14
231,10,15
232,10,16
233,10,17
234,10,18
235,10,19
236,10,20
237,10,21
238,10,22
239,10,23
240,11,0
241,11,1
242,11,2
243,11,3
244,11,4
245,11,5
246,11,6
247,11,7
248,11,8
249,11,9
250,11,10
251,11,11
252,11,12
253,11,13
254,11,14
255,11,15
256,11,16
257,11,17
258,11,18
259,11,19
260,11,20
261,11,21
262,11,22
263,11,23
264,12,0
265,12,1
266,12,2
267,12,3
268,12,4
269,12,5
270,12,6
271,12,7
272,12,8
273,12,9
274,12,10
275,12,11
276,12,12
277,12,13
278,12,14
279,12,15
280,12,16
281,12,17
282,12,18
283,12,19
284,12,20
285,12,21
286,12,22
287,12,23
288,13,0
289,13,1
290,13,2
291,13,3
292,13,4
293,13,5
294,13,6
295,13,7
296,13,8
297,13,9
298,13,10
299,13,11
300,13,12
301,13,13
302,13,14
303,13,15
304,13,16
305,13,17
306,13,18
307,13,19
308,13,20
309,13,21
310,13,22
311,13,23
312,14,0
313,14,1
314,14,2
315,14,3
316,14,4
317,14,5
318,14,6
319,14,7
320,14,8
321,14,9
322,14,10
323,14,11
324,14,12
325,14,13
326,14,14
327,14,15
328,14,16
329,14,17
330,14,18
331,14,19
332,14,20
333,14,21
334,14,22
335,14,23
336,15,0
337,15,1
338,15,2
339,15,3
340,15,4
341,15,5
342,15,6
343,15,7
344,15,8
345,15,9
346,15,11
347,15,12
348,15,13
349,15,14
350,15,15
351,15,16
352,15,17
353,15,18
354,15,19
355,15,20
356,15,21
357,15,22
358,15,23
359,16,0
360,16,1
361,16,2
362,16,3
363,16,4
364,16,5
365,16,6
366,16,7
367,16,8
368,16,9
369,16,10
370,16,11
371,16,12
372,16,13
373,16,14
374,16,15
375,16,16
376,16,17
377,16,18
378,16,19
379,16,20
380,16,21
381,16,22
382,16,23
383,17,0
384,17,1
385,17,2
386,17,3
387,17,4
388,17,5
389,17,6
390,17,7
391,17,8
392,17,9
393,17,11
394,17,12
395,17,13
396,17,14
397,17,15
398,17,16
399,17,17
400,17,18
401,17,19
402,17,20
403,17,21
404,17,22
405,17,23
406,18,0
407,18,1
408,18,2
409,18,3
410,18,4
411,18,5
412,18,6
413,18,7
414,18,8
415,18,11
416,18,12
417,18,13
418,18,14
419,18,15
420,18,16
421,18,17
422,18,18
423,18,19
424,18,20
425,18,21
426,18,22
427,18,23
428,19,0
429,19,1
430,19,2
431,19,3
432,19,4
433,19,5
434,19,6
435,19,7
436,19,8
437,19,12
438,19,13
439,19,14
440,19,15
441,19,16
442,19,17
443,19,18
444,19,19
445,19,20
446,19,21
447,19,22
448,19,23
449,20,0
450,20,1
451,20,2
452,20,3
453,20,4
454,20,5
455,20,6
456,20,7
457,20,8
458,20,12
459,20,13
460,20,14
461,20,15
462,20,16
463,20,17
464,20,18
465,20,19
466,20,20
467,20,21
468,20,22
469,20,23
470,21,0
471,21,1
472,21,2
473,21,3
474,21,4
475,21,5
476,21,6
477,21,7
478,21,8
479,21,12
480,21,13
481,21,14
482,21,15
483,21,16
484,21,17
485,21,18
486,21,19
487,21,20
488,21,21
489,21,22
490,21,23
491,22,0
492,22,1
493,22,2
494,22,3
495,22,4
496,22,5
497,22,6
498,22,7
499,22,8
500,22,12
501,22,13
502,22,14
503,22,15
504,22,16
505,22,17
506,22,18
507,22,19
508,22,20
509,22,21
510,22,22
511,22,23
512,23,0
513,23,1
514,23,2
515,23,3
516,23,4
517,23,5
518,23,6
519,23,7
520,23,8
521,23,11
522,23,12
523,23,13
524,23,14
525,23,15
526,23,16
527,23,17
528,23,18
529,23,19
530,23,20
531,23,21
532,23,22
533,23,23
534,24,0
535,24,1
536,24,2
537,24,3
538,24,4
539,24,5
540,24,6
541,24,7
542,24,8
543,24,12
544,24,13
545,24,14
546,24,15
547,24,16
548,24,17
549,24,18
550,24,19
551,24,20
552,24,21
553,24,22
554,24,23
555,25,0
556,25,1
557,25,2
558,25,3
559,25,4
560,25,5
561,25,6
562,25,7
563,25,8
564,25,12
565,25,13
566,25,14
567,25,15
568,25,16
569,25,17
570,25,18
571,25,19
572,25,20
573,25,21
574,25,22
575,25,23
576,26,0
577,26,1
578,26,2
579,26,3
580,26,4
581,26,5
582,26,6
583,26,7
584,26,8
585,26,12
586,26,13
587,26,14
588,26,15
589,26,16
590,26,17
591,26,18
592,26,19
593,26,20
594,26,21
595,26,22
596,26,23
597,27,0
598,27,1
599,27,2
600,27,3
601,27,4
602,27,5
603,27,6
604,27,7
605,27,8
606,27,12
607,27,13
608,27,14
609,27,15
610,27,16
611,27,17
612,27,18
613,27,19
614,27,20
615,27,21
616,27,22
617,27,23
618,28,0
619,28,1
620,28,2
621,28,3
622,28,4
623,28,5
624,28,6
625,28,7
626,28,12
627,28,13
628,28,14
629,28,15
630,28,16
631,28,17
632,28,18
633,28,19
634,28,20
635,28,21
636,28,22
637,28,23
638,29,0
639,29,1
640,29,2
641,29,3
642,29,4
643,29,5
644,29,6
645,29,7
646,29,12
647,29,13
648,29,14
649,29,15
650,29,16
651,29,17
652,29,18
653,29,19
654,29,20
655,29,21
656,29,22
657,29,23
658,30,0
659,30,1
660,30,2
661,30,3
662,30,4
663,30,5
664,30,6
665,30,7
666,30,12
667,30,13
668,30,14
669,30,15
670,30,16
671,30,17
672,30,18
673,30,19
674,30,20
675,30,21
676,30,22
677,30,23
678,31,0
679,31,1
680,31,2
681,31,3
682,31,4
683,31,5
684,31,6
685,31,7
686,31,12
687,31,13
688,31,14
689,31,15
690,31,16
691,31,17
692,31,18
693,31,19
694,31,20
695,31,21
696,31,22
697,31,23
698,32,0
699,32,1
700,32,2
701,32,3
702,32,4
703,32,5
704,32,6
705,32,7
706,32,12
707,32,13
708,32,14
709,32,15
710,32,16
711,32,17
712,32,18
713,32,19
714,32,20
715,32,21
716,32,22
717,32,23
718,33,0
719,33,1
720,33,2
721,33,3
722,33,4
723,33,5
724,33,6
725,33,7
726,33,12
727,33,13
728,33,14
729,33,15
730,33,16
731,33,17
732,33,18
733,33,19
734,33,20
735,33,21
736,33,22
737,33,23
738,34,0
739,34,1
740,34,2
741,34,3
742,34,4
743,34,5
744,34,6
745,34,7
746,34,12
747,34,13
748,34,14
749,34,15
750,34,16
751,34,17
752,34,18
753,34,19
754,34,20
755,34,21
756,34,22
757,34,23
758,35,0
759,35,1
760,35,2
761,35,3
762,35,4
763,35,5
764,35,6
765,35,7
766,35,12
767,35,13
768,35,14
769,35,15
770,35,16
771,35,17
772,35,18
773,35,19
774,35,20
775,35,21
776,35,22
777,35,23
778,36,0
779,36,1
780,36,2
781,36,3
782,36,4
783,36,5
784,36,6
785,36,7
786,36,13
787,36,14
788,36,15
789,36,16
790,36,17
791,36,18
792,36,19
793,36,20
794,36,21
795,36,22
796,36,23
797,37,0
798,37,1
799,37,2
800,37,3
801,37,4
802,37,5
803,37,6
804,37,7
805,37,13
806,37,14
807,37,15
808,37,16
809,37,17
810,37,18
811,37,19
812,37,20
813,37,21
814,37,22
815,37,23
816,38,0
817,38,1
818,38,2
819,38,3
820,38,4
821,38,5
822,38,6
823,38,7
824,38,13
825,38,14
826,38,15
827,38,16
828,38,17
829,38,18
830,38,19
831,38,20
832,38,21
833,38,22
834,38,23
835,39,0
836,39,1
837,39,2
838,39,3
839,39,4
840,39,5
841,39,6
842,39,7
843,39,13
844,39,14
845,39,15
846,39,16
847,39,17
848,39,18
849,39,19
850,39,20
851,39,21
852,39,22
853,39,23
854,40,0
855,40,1
856,40,2
857,40,3
858,40,4
859,40,5
860,40,6
861,40,13
862,40,14
863,40,15
864,40,16
865,40,17
866,40,18
867,40,19
868,40,20
869,40,21
870,40,22
871,40,23
872,41,0
873,41,1
874,41,2
875,41,3
876,41,4
877,41,5
878,41,6
879,41,13
880,41,14
881,41,15
882,41,16
883,41,17
884,41,18
885,41,19
886,41,20
887,41,21
888,41,22
889,41,23
890,42,0
891,42,1
892,42,2
893,42,3
894,42,4
895,42,5
896,42,6
897,42,13
898,42,14
899,42,15
900,42,16
901,42,17
902,42,18
903,42,19
904,42,20
905,42,21
906,42,22
907,42,23
908,43,0
909,43,1
910,43,2
911,43,3
912,43,4
913,43,5
914,43,6
915,43,13
916,43,14
917,43,15
918,43,16
919,43,17
920,43,18
921,43,19
922,43,20
923,43,21
924,43,22
925,43,23
926,44,0
927,44,1
928,44,2
929,44,3
930,44,4
931,44,5
932,44,6
933,44,13
934,44,14
935,44,15
936,44,16
937,44,17
938,44,18
939,44,19
940,44,20
941,44,21
942,44,22
943,44,23
944,45,0
945,45,1
946,45,2
947,45,3
948,45,4
949,45,5
950,45,6
951,45,13
952,45,14
953,45,15
954,45,16
955,45,17
956,45,18
957,45,19
958,45,20
959,45,21
960,45,22
961,45,23
962,46,0
963,46,1
964,46,2
965,46,3
966,46,4
967,46,5
968,46,6
969,46,13
970,46,14
971,46,15
972,46,16
973,46,17
974,46,18
975,46,19
976,46,20
977,46,21
978,46,22
979,46,23
980,47,0
981,47,1
982,47,2
983,47,3
984,47,4
985,47,5
986,47,6
987,47,14
988,47,15
989,47,16
990,47,17
991,47,18
992,47,19
993,47,20
994,47,21
995,47,22
996,47,23
997,48,0
998,48,1
999,48,2
1000,48,3
1001,48,4
1002,48,5
1003,48,6
1004,48,14
1005,48,15
1006,48,16
1007,48,17
1008,48,18
1009,48,19
1010,48,20
1011,48,21
1012,48,22
1013,48,23
1014,49,0
1015,49,1
1016,49,2
1017,49,3
1018,49,4
1019,49,5
1020,49,6
1021,49,14
1022,49,15
1023,49,16
1024,49,17
1025,49,18
1026,49,19
1027,49,20
1028,49,21
1029,49,22
1030,49,23
1031,50,0
1032,50,1
1033,50,2
1034,50,3
1035,50,4
1036,50,5
1037,50,6
1038,50,14
1039,50,15
1040,50,16
1041,50,17
1042,50,18
1043,50,19
1044,50,20
1045,50,21
1046,50,22
1047,50,23
1048,51,0
1049,51,1
1050,51,2
1051,51,3
1052,51,4
1053,51,5
1054,51,6
1055,51,14
1056,51,15
1057,51,16
1058,51,17
1059,51,18
1060,51,19
1061,51,20
1062,51,21
1063,51,22
1064,51,23
1065,52,0
1066,52,1
1067,52,2
1068,52,3
1069,52,4
1070,52,5
1071,52,6
1072,52,14
1073,52,15
1074,52,16
1075,52,17
1076,52,18
1077,52,19
1078,52,20
1079,52,21
1080,52,22
1081,52,23
1082,53,0
1083,53,1
1084,53,2
1085,53,3
1086,53,4
1087,53,5
1088,53,6
1089,53,14
1090,53,15
1091,53,16
1092,53,17
1093,53,18
1094,53,19
1095,53,20
1096,53,21
1097,53,22
1098,53,23
1099,54,0
1100,54,1
1101,54,2
1102,54,3
1103,54,4
1104,54,5
1105,54,6
1106,54,14
1107,54,15
1108,54,16
1109,54,17
1110,54,18
1111,54,19
1112,54,20
1113,54,21
1114,54,22
1115,54,23
1116,55,0
1117,55,1
1118,55,2
1119,55,3
1120,55,4
1121,55,5
1122,55,6
1123,55,14
1124,55,15
1125,55,16
1126,55,17
1127,55,18
1128,55,19
1129,55,20
1130,55,21
1131,55,22
1132,55,23
1133,56,0
1134,56,1
1135,56,2
1136,56,3
1137,56,4
1138,56,5
1139,56,6
1140,56,14
1141,56,15
1142,56,16
1143,56,17
1144,56,18
1145,56,19
1146,56,20
1147,56,21
1148,56,22
1149,56,23
1150,57,0
1151,57,1
1152,57,2
1153,57,3
1154,57,4
1155,57,5
1156,57,6
1157,57,14
1158,57,15
1159,57,16
1160,57,17
1161,57,18
1162,57,19
1163,57,20
1164,57,21
1165,57,22
1166,57,23
1167,58,0
1168,58,1
1169,58,2
1170,58,3
1171,58,4
1172,58,5
1173,58,6
1174,58,14
1175,58,15
1176,58,16
1177,58,17
1178,58,18
1179,58,19
1180,58,20
1181,58,21
1182,58,22
1183,58,23
1184,59,0
1185,59,1
1186,59,2
1187,59,3
1188,59,4
1189,59,5
1190,59,6
1191,59,14
1192,59,15
1193,59,16
1194,59,17
1195,59,18
1196,59,19
1197,59,20
1198,59,21
1199,59,22
1200,59,23
1201,60,0
1202,60,1
1203,60,2
1204,60,3
1205,60,4
1206,60,5
1207,60,14
1208,60,15
1209,60,16
1210,60,17
1211,60,18
1212,60,19
1213,60,20
1214,60,21
1215,60,22
1216,60,23
1217,61,0
1218,61,1
1219,61,2
1220,61,3
1221,61,4
1222,61,5
1223,61,14
1224,61,15
1225,61,16
1226,61,17
1227,61,18
1228,61,19
1229,61,20
1230,61,21
1231,61,22
1232,61,23
1233,62,0
1234,62,1
1235,62,2
1236,62,3
1237,62,4
1238,62,5
1239,62,14
1240,62,15
1241,62,16
1242,62,17
1243,62,18
1244,62,19
1245,62,20
1246,62,21
1247,62,22
1248,62,23
1249,63,0
1250,63,1
1251,63,2
1252,63,3
1253,63,4
1254,63,5
1255,63,14
1256,63,15
1257,63,16
1258,63,17
1259,63,18
1260,63,19
1261,63,20
1262,63,21
1263,63,22
1264,63,23
1265,64,0
1266,64,1
1267,64,2
1268,64,3
1269,64,4
1270,64,5
1271,64,14
1272,64,15
1273,64,16
1274,64,17
1275,64,18
1276,64,19
1277,64,20
1278,64,21
1279,64,22
1280,64,23
1281,65,0
1282,65,1
1283,65,2
1284,65,3
1285,65,4
1286,65,5
1287,65,14
1288,65,15
1289,65,16
1290,65,17
1291,65,18
1292,65,19
1293,65,20
1294,65,21
1295,65,22
1296,65,23
1297,66,0
1298,66,1
1299,66,2
1300,66,3
1301,66,4
1302,66,5
1303,66,15
1304,66,16
1305,66,17
1306,66,18
1307,66,19
1308,66,20
1309,66,21
1310,66,22
1311,66,23
1312,67,0
1313,67,1
1314,67,2
1315,67,3
1316,67,4
1317,67,5
1318,67,15
1319,67,16
1320,67,17
1321,67,18
1322,67,19
1323,67,20
1324,67,21
1325,67,22
1326,67,23
1327,68,0
1328,68,1
1329,68,2
1330,68,3
1331,68,4
1332,68,5
1333,68,15
1334,68,16
1335,68,17
1336,68,18
1337,68,19
1338,68,20
1339,68,21
1340,68,22
1341,68,23
1342,69,0
1343,69,1
1344,69,2
1345,69,3
1346,69,4
1347,69,5
1348,69,15
1349,69,16
1350,69,17
1351,69,18
1352,69,19
1353,69,20
1354,69,21
1355,69,22
1356,69,23
1357,70,0
1358,70,1
1359,70,2
1360,70,3
1361,70,4
1362,70,5
1363,70,15
1364,70,16
1365,70,17
1366,70,18
1367,70,19
1368,70,20
1369,70,21
1370,70,22
1371,70,23
1372,71,0
1373,71,1
1374,71,2
1375,71,3
1376,71,4
1377,71,5
1378,71,15
1379,71,16
1380,71,17
1381,71,18
1382,71,19
1383,71,20
1384,71,21
1385,71,22
1386,71,23
1387,72,0
1388,72,1
1389,72,2
1390,72,3
1391,72,4
1392,72,5
1393,72,15
1394,72,16
1395,72,17
1396,72,18
1397,72,19
1398,72,20
1399,72,21
1400,72,22
1401,72,23
1402,73,0
1403,73,1
1404,73,2
1405,73,3
1406,73,4
1407,73,5
1408,73,15
1409,73,16
1410,73,17
1411,73,18
1412,73,19
1413,73,20
1414,73,21
1415,73,22
1416,73,23
1417,74,0
1418,74,1
1419,74,2
1420,74,3
1421,74,4
1422,74,5
1423,74,15
1424,74,16
1425,74,17
1426,74,18
1427,74,19
1428,74,20
1429,74,21
1430,74,22
1431,74,23
1432,75,0
1433,75,1
1434,75,2
1435,75,3
1436,75,4
1437,75,5
1438,75,15
1439,75,16
1440,75,17
1441,75,18
1442,75,19
1443,75,20
1444,75,21
1445,75,22
1446,75,23
1447,76,0
1448,76,1
1449,76,2
1450,76,3
1451,76,4
1452,76,5
1453,76,15
1454,76,16
1455,76,17
1456,76,18
1457,76,19
1458,76,20
1459,76,21
1460,76,22
1461,76,23
1462,77,0
1463,77,1
1464,77,2
1465,77,3
1466,77,4
1467,77,5
1468,77,15
1469,77,16
1470,77,17
1471,77,18
1472,77,19
1473,77,20
1474,77,21
1475,77,22
1476,77,23
1477,78,0
1478,78,1
1479,78,2
1480,78,3
1481,78,4
1482,78,5
1483,78,15
1484,78,16
1485,78,17
1486,78,18
1487,78,19
1488,78,20
1489,78,21
1490,78,22
1491,78,23
1492,79,0
1493,79,1
1494,79,2
1495,79,3
1496,79,4
1497,79,15
1498,79,16
1499,79,17
1500,79,18
1501,79,19
1502,79,20
1503,79,21
1504,79,22
1505,79,23
1506,80,0
1507,80,1
1508,80,2
1509,80,3
1510,80,4
1511,80,15
1512,80,16
1513,80,17
1514,80,18
1515,80,19
1516,80,20
1517,80,21
1518,80,22
1519,80,23
1520,81,0
1521,81,1
1522,81,2
1523,81,3
1524,81,4
1525,81,15
1526,81,16
1527,81,17
1528,81,18
1529,81,19
1530,81,20
1531,81,21
1532,81,22
1533,81,23
1534,82,0
1535,82,1
1536,82,2
1537,82,3
1538,82,4
1539,82,15
1540,82,16
1541,82,17
1542,82,18
1543,82,19
1544,82,20
1545,82,21
1546,82,22
1547,82,23
1548,83,0
1549,83,1
1550,83,2
1551,83,3
1552,83,4
1553,83,15
1554,83,16
1555,83,17
1556,83,18
1557,83,19
1558,83,20
1559,83,21
1560,83,22
1561,83,23
1562,84,0
1563,84,1
1564,84,2
1565,84,3
1566,84,4
1567,84,15
1568,84,16
1569,84,17
1570,84,18
1571,84,19
1572,84,20
1573,84,21
1574,84,22
1575,84,23
1576,85,0
1577,85,1
1578,85,2
1579,85,3
1580,85,4
1581,85,15
1582,85,16
1583,85,17
1584,85,18
1585,85,19
1586,85,20
1587,85,21
1588,85,22
1589,85,23
1590,86,0
1591,86,1
1592,86,2
1593,86,3
1594,86,4
1595,86,15
1596,86,16
1597,86,17
1598,86,18
1599,86,19
1600,86,20
1601,86,21
1602,86,22
1603,86,23
1604,87,0
1605,87,1
1606,87,2
1607,87,3
1608,87,4
1609,87,15
1610,87,16
1611,87,17
1612,87,18
1613,87,19
1614,87,20
1615,87,21
1616,87,22
1617,87,23
1618,88,0
1619,88,1
1620,88,2
1621,88,3
1622,88,4
1623,88,16
1624,88,17
1625,88,18
1626,88,19
1627,88,20
1628,88,21
1629,88,22
1630,88,23
1631,89,0
1632,89,1
1633,89,2
1634,89,3
1635,89,4
1636,89,16
1637,89,17
1638,89,18
1639,89,19
1640,89,20
1641,89,21
1642,89,22
1643,89,23
1644,90,0
1645,90,1
1646,90,2
1647,90,3
1648,90,4
1649,90,16
1650,90,17
1651,90,18
1652,90,19
1653,90,20
1654,90,21
1655,90,22
1656,90,23
1657,91,0
1658,91,1
1659,91,2
1660,91,3
1661,91,4
1662,91,16
1663,91,17
1664,91,18
1665,91,19
1666,91,20
1667,91,21
1668,91,22
1669,91,23
1670,92,0
1671,92,1
1672,92,2
1673,92,3
1674,92,4
1675,92,16
1676,92,17
1677,92,18
1678,92,19
1679,92,20
1680,92,21
1681,92,22
1682,92,23
1683,93,0
1684,93,1
1685,93,2
1686,93,3
1687,93,4
1688,93,16
1689,93,17
1690,93,18
1691,93,19
1692,93,20
1693,93,21
1694,93,22
1695,93,23
1696,94,0
1697,94,1
1698,94,2
1699,94,3
1700,94,4
1701,94,16
1702,94,17
1703,94,18
1704,94,19
1705,94,20
1706,94,21
1707,94,22
1708,94,23
1709,95,0
1710,95,1
1711,95,2
1712,95,3
1713,95,4
1714,95,16
1715,95,17
1716,95,18
1717,95,19
1718,95,20
1719,95,21
1720,95,22
1721,95,23
1722,96,0
1723,96,1
1724,96,2
1725,96,3
1726,96,4
1727,96,16
1728,96,17
1729,96,18
1730,96,19
1731,96,20
1732,96,21
1733,96,22
1734,96,23
1735,97,0
1736,97,1
1737,97,2
1738,97,3
1739,97,4
1740,97,16
1741,97,17
1742,97,18
1743,97,19
1744,97,20
1745,97,21
1746,97,22
1747,97,23
1748,98,0
1749,98,1
1750,98,2
1751,98,3
1752,98,4
1753,98,16
1754,98,17
1755,98,18
1756,98,19
1757,98,20
1758,98,21
1759,98,22
1760,98,23
1761,99,0
1762,99,1
1763,99,2
1764,99,3
1765,99,4
1766,99,16
1767,99,17
1768,99,18
1769,99,19
1770,99,20
1771,99,21
1772,99,22
1773,99,23
1774,100,0
1775,100,1
1776,100,2
1777,100,3
1778,100,4
1779,100,16
1780,100,17
1781,100,18
1782,100,19
1783,100,20
1784,100,21
1785,100,22
1786,100,23
1787,101,0
1788,101,1
1789,101,2
1790,101,3
1791,101,4
1792,101,16
1793,101,17
1794,101,18
1795,101,19
1796,101,20
1797,101,21
1798,101,22
1799,101,23
1800,102,0
1801,102,1
1802,102,2
1803,102,3
1804,102,16
1805,102,17
1806,102,18
1807,102,19
1808,102,20
1809,102,21
1810,102,22
1811,102,23
1812,103,0
1813,103,1
1814,103,2
1815,103,3
1816,103,4
1817,103,16
1818,103,17
1819,103,18
1820,103,19
1821,103,20
1822,103,21
1823,103,22
1824,103,23
1825,104,0
1826,104,1
1827,104,2
1828,104,3
1829,104,4
1830,104,16
1831,104,17
1832,104,18
1833,104,19
1834,104,20
1835,104,21
1836,104,22
1837,104,23
1838,105,0
1839,105,1
1840,105,2
1841,105,3
1842,105,4
1843,105,16
1844,105,17
1845,105,18
1846,105,19
1847,105,20
1848,105,21
1849,105,22
1850,105,23
1851,106,0
1852,106,1
1853,106,2
1854,106,3
1855,106,16
1856,106,17
1857,106,18
1858,106,19
1859,106,20
1860,106,21
1861,106,22
1862,106,23
1863,107,0
1864,107,1
1865,107,2
1866,107,3
1867,107,16
1868,107,17
1869,107,18
1870,107,19
1871,107,20
1872,107,21
1873,107,22
1874,107,23
1875,108,0
1876,108,1
1877,108,2
1878,108,3
1879,108,4
1880,108,16
1881,108,17
1882,108,18
1883,108,19
1884,108,20
1885,108,21
1886,108,22
1887,108,23
1888,109,0
1889,109,1
1890,109,2
1891,109,3
1892,109,16
1893,109,17
1894,109,18
1895,109,19
1896,109,20
1897,109,21
1898,109,22
1899,109,23
1900,110,0
1901,110,1
1902,110,2
1903,110,3
1904,110,16
1905,110,17
1906,110,18
1907,110,19
1908,110,20
1909,110,21
1910,110,22
1911,110,23
1912,111,0
1913,111,1
1914,111,2
1915,111,3
1916,111,16
1917,111,17
1918,111,18
1919,111,19
1920,111,20
1921,111,21
1922,111,22
1923,111,23
1924,112,0
1925,112,1
1926,112,2
1927,112,3
1928,112,17
1929,112,18
1930,112,19
1931,112,20
1932,112,21
1933,112,22
1934,112,23
1935,113,0
1936,113,1
1937,113,2
1938,113,3
1939,113,17
1940,113,18
1941,113,19
1942,113,20
1943,113,21
1944,113,22
1945,113,23
1946,114,0
1947,114,1
1948,114,2
1949,114,3
1950,114,17
1951,114,18
1952,114,19
1953,114,20
1954,114,21
1955,114,22
1956,114,23
1957,115,0
1958,115,1
1959,115,2
1960,115,3
1961,115,17
1962,115,18
1963,115,19
1964,115,20
1965,115,21
1966,115,22
1967,115,23
1968,116,0
1969,116,1
1970,116,2
1971,116,3
1972,116,17
1973,116,18
1974,116,19
1975,116,20
1976,116,21
1977,116,22
1978,116,23
1979,117,0
1980,117,1
1981,117,2
1982,117,3
1983,117,17
1984,117,18
1985,117,19
1986,117,20
1987,117,21
1988,117,22
1989,117,23
1990,118,0
1991,118,1
1992,118,2
1993,118,3
1994,118,17
1995,118,18
1996,118,19
1997,118,20
1998,118,21
1999,118,22
2000,118,23
2001,119,0
2002,119,1
2003,119,2
2004,119,3
2005,119,17
2006,119,18
2007,119,19
2008,119,20
2009,119,21
2010,119,22
2011,119,23
2012,120,0
2013,120,1
2014,120,2
2015,120,3
2016,120,17
2017,120,18
2018,120,19
2019,120,20
2020,120,21
2021,120,22
2022,120,23
2023,121,0
2024,121,1
2025,121,2
2026,121,3
2027,121,17
2028,121,18
2029,121,19
2030,121,20
2031,121,21
2032,121,22
2033,121,23
2034,122,0
2035,122,1
2036,122,2
2037,122,3
2038,122,17
2039,122,18
2040,122,19
2041,122,20
2042,122,21
2043,122,22
2044,122,23
2045,123,0
2046,123,1
2047,123,2
2048,123,3
2049,123,17
2050,123,18
2051,123,19
2052,123,20
2053,123,21
2054,123,22
2055,123,23
2056,124,0
2057,124,1
2058,124,2
2059,124,3
2060,124,17
2061,124,18
2062,124,19
2063,124,20
2064,124,21
2065,124,22
2066,124,23
2067,125,0
2068,125,1
2069,125,2
2070,125,3
2071,125,17
2072,125,18
2073,125,19
2074,125,20
2075,125,21
2076,125,22
2077,125,23
2078,126,0
2079,126,1
2080,126,2
2081,126,3
2082,126,17
2083,126,18
2084,126,19
2085,126,20
2086,126,21
2087,126,22
2088,126,23
2089,127,0
2090,127,1
2091,127,2
2092,127,3
2093,127,17
2094,127,18
2095,127,19
2096,127,20
2097,127,21
2098,127,22
2099,127,23
2100,128,0
2101,128,1
2102,128,2
2103,128,3
2104,128,17
2105,128,18
2106,128,19
2107,128,20
2108,128,21
2109,128,22
2110,128,23
2111,129,0
2112,129,1
2113,129,2
2114,129,3
2115,129,17
2116,129,18
2117,129,19
2118,129,20
2119,129,21
2120,129,22
2121,129,23
2122,130,0
2123,130,1
2124,130,2
2125,130,3
2126,130,17
2127,130,18
2128,130,19
2129,130,20
2130,130,21
2131,130,22
2132,130,23
2133,131,0
2134,131,1
2135,131,2
2136,131,3
2137,131,17
2138,131,18
2139,131,19
2140,131,20
2141,131,21
2142,131,22
2143,131,23
2144,132,0
2145,132,1
2146,132,2
2147,132,3
2148,132,17
2149,132,18
2150,132,19
2151,132,20
2152,132,21
2153,132,22
2154,132,23
2155,133,0
2156,133,1
2157,133,2
2158,133,3
2159,133,17
2160,133,18
2161,133,19
2162,133,20
2163,133,21
2164,133,22
2165,133,23
2166,134,0
2167,134,1
2168,134,2
2169,134,3
2170,134,17
2171,134,18
2172,134,19
2173,134,20
2174,134,21
2175,134,22
2176,134,23
2177,135,0
2178,135,1
2179,135,2
2180,135,17
2181,135,18
2182,135,19
2183,135,20
2184,135,21
2185,135,22
2186,135,23
2187,136,0
2188,136,1
2189,136,2
2190,136,17
2191,136,18
2192,136,19
2193,136,20
2194,136,21
2195,136,22
2196,136,23
2197,137,0
2198,137,1
2199,137,2
2200,137,17
2201,137,18
2202,137,19
2203,137,20
2204,137,21
2205,137,22
2206,137,23
2207,138,0
2208,138,1
2209,138,2
2210,138,17
2211,138,18
2212,138,19
2213,138,20
2214,138,21
2215,138,22
2216,138,23
2217,139,0
2218,139,1
2219,139,2
2220,139,17
2221,139,18
2222,139,19
2223,139,20
2224,139,21
2225,139,22
2226,139,23
2227,140,0
2228,140,1
2229,140,2
2230,140,17
2231,140,18
2232,140,19
2233,140,20
2234,140,21
2235,140,22
2236,140,23
2237,141,0
2238,141,1
2239,141,2
2240,141,17
2241,141,18
2242,141,19
2243,141,20
2244,141,21
2245,141,22
2246,141,23
2247,142,0
2248,142,1
2249,142,2
2250,142,17
2251,142,18
2252,142,19
2253,142,20
2254,142,21
2255,142,22
2256,142,23
2257,143,0
2258,143,1
2259,143,2
2260,143,17
2261,143,18
2262,143,19
2263,143,20
2264,143,21
2265,143,22
2266,143,23
2267,144,0
2268,144,1
2269,144,2
2270,144,17
2271,144,18
2272,144,19
2273,144,20
2274,144,21
2275,144,22
2276,144,23
2277,145,0
2278,145,1
2279,145,2
2280,145,17
2281,145,18
2282,145,19
2283,145,20
2284,145,21
2285,145,22
2286,145,23
2287,146,0
2288,146,1
2289,146,2
2290,146,17
2291,146,18
2292,146,19
2293,146,20
2294,146,21
2295,146,22
2296,146,23
2297,147,0
2298,147,1
2299,147,2
2300,147,17
2301,147,18
2302,147,19
2303,147,20
2304,147,21
2305,147,22
2306,147,23
2307,148,0
2308,148,1
2309,148,2
2310,148,17
2311,148,18
2312,148,19
2313,148,20
2314,148,21
2315,148,22
2316,148,23
2317,149,0
2318,149,1
2319,149,2
2320,149,17
2321,149,18
2322,149,19
2323,149,20
2324,149,21
2325,149,22
2326,149,23
2327,150,0
2328,150,1
2329,150,2
2330,150,18
2331,150,19
2332,150,20
2333,150,21
2334,150,22
2335,150,23
2336,151,0
2337,151,1
2338,151,2
2339,151,17
2340,151,18
2341,151,19
2342,151,20
2343,151,21
2344,151,22
2345,151,23
2346,152,0
2347,152,1
2348,152,2
2349,152,17
2350,152,18
2351,152,19
2352,152,20
2353,152,21
2354,152,22
2355,152,23
2356,153,0
2357,153,1
2358,153,2
2359,153,17
2360,153,18
2361,153,19
2362,153,20
2363,153,21
2364,153,22
2365,153,23
2366,154,0
2367,154,1
2368,154,2
2369,154,17
2370,154,18
2371,154,19
2372,154,20
2373,154,21
2374,154,22
2375,154,23
2376,155,0
2377,155,1
2378,155,2
2379,155,17
2380,155,18
2381,155,19
2382,155,20
2383,155,21
2384,155,22
2385,155,23
2386,156,0
2387,156,1
2388,156,2
2389,156,18
2390,156,19
2391,156,20
2392,156,21
2393,156,22
2394,156,23
2395,157,0
2396,157,1
2397,157,2
2398,157,18
2399,157,19
2400,157,20
2401,157,21
2402,157,22
2403,157,23
2404,158,0
2405,158,1
2406,158,2
2407,158,18
2408,158,19
2409,158,20
2410,158,21
2411,158,22
2412,158,23
2413,159,0
2414,159,1
2415,159,2
2416,159,18
2417,159,19
2418,159,20
2419,159,21
2420,159,22
2421,159,23
2422,160,0
2423,160,1
2424,160,2
2425,160,17
2426,160,18
2427,160,19
2428,160,20
2429,160,21
2430,160,22
2431,160,23
2432,161,0
2433,161,1
2434,161,2
2435,161,18
2436,161,19
2437,161,20
2438,161,21
2439,161,22
2440,161,23
2441,162,0
2442,162,1
2443,162,2
2444,162,18
2445,162,19
2446,162,20
2447,162,21
2448,162,22
2449,162,23
2450,163,0
2451,163,1
2452,163,2
2453,163,18
2454,163,19
2455,163,20
2456,163,21
2457,163,22
2458,163,23
2459,164,0
2460,164,1
2461,164,2
2462,164,18
2463,164,19
2464,164,20
2465,164,21
2466,164,22
2467,164,23
2468,165,0
2469,165,1
2470,165,2
2471,165,18
2472,165,19
2473,165,20
2474,165,21
2475,165,22
2476,165,23
2477,166,0
2478,166,1
2479,166,2
2480,166,18
2481,166,19
2482,166,20
2483,166,21
2484,166,22
2485,166,23
2486,167,0
2487,167,1
2488,167,2
2489,167,18
2490,167,19
2491,167,20
2492,167,21
2493,167,22
2494,167,23
2495,168,0
2496,168,1
2497,168,2
2498,168,18
2499,168,19
2500,168,20
2501,168,21
2502,168,22
2503,168,23
2504,169,0
2505,169,1
2506,169,2
2507,169,18
2508,169,19
2509,169,20
2510,169,21
2511,169,22
2512,169,23
2513,170,0
2514,170,1
2515,170,2
2516,170,18
2517,170,19
2518,170,20
2519,170,21
2520,170,22
2521,170,23
2522,171,0
2523,171,1
2524,171,2
2525,171,18
2526,171,19
2527,171,20
2528,171,21
2529,171,22
2530,171,23
2531,172,0
2532,172,1
2533,172,2
2534,172,18
2535,172,19
2536,172,20
2537,172,21
2538,172,22
2539,172,23
2540,173,0
2541,173,1
2542,173,2
2543,173,18
2544,173,19
2545,173,20
2546,173,21
2547,173,22
2548,173,23
2549,174,0
2550,174,1
2551,174,2
2552,174,18
2553,174,19
2554,174,20
2555,174,21
2556,174,22
2557,174,23
2558,175,0
2559,175,1
2560,175,2
2561,175,18
2562,175,19
2563,175,20
2564,175,21
2565,175,22
2566,175,23
2567,176,0
2568,176,1
2569,176,2
2570,176,18
2571,176,19
2572,176,20
2573,176,21
2574,176,22
2575,176,23
2576,177,0
2577,177,1
2578,177,2
2579,177,18
2580,177,19
2581,177,20
2582,177,21
2583,177,22
2584,177,23
2585,178,0
2586,178,1
2587,178,2
2588,178,18
2589,178,19
2590,178,20
2591,178,21
2592,178,22
2593,178,23
2594,179,0
2595,179,1
2596,179,2
2597,179,18
2598,179,19
2599,179,20
2600,179,21
2601,179,22
2602,179,23
2603,180,0
2604,180,1
2605,180,2
2606,180,18
2607,180,19
2608,180,20
2609,180,21
2610,180,22
2611,180,23
2612,181,0
2613,181,1
2614,181,2
2615,181,18
2616,181,19
2617,181,20
2618,181,21
2619,181,22
2620,181,23
2621,182,0
2622,182,1
2623,182,2
2624,182,18
2625,182,19
2626,182,20
2627,182,21
2628,182,22
2629,182,23
2630,183,0
2631,183,1
2632,183,2
2633,183,18
2634,183,19
2635,183,20
2636,183,21
2637,183,22
2638,183,23
2639,184,0
2640,184,1
2641,184,2
2642,184,18
2643,184,19
2644,184,20
2645,184,21
2646,184,22
2647,184,23
2648,185,0
2649,185,1
2650,185,2
2651,185,18
2652,185,19
2653,185,20
2654,185,21
2655,185,22
2656,185,23
2657,186,0
2658,186,1
2659,186,2
2660,186,18
2661,186,19
2662,186,20
2663,186,21
2664,186,22
2665,186,23
2666,187,0
2667,187,1
2668,187,2
2669,187,18
2670,187,19
2671,187,20
2672,187,21
2673,187,22
2674,187,23
2675,188,0
2676,188,1
2677,188,2
2678,188,17
2679,188,18
2680,188,19
2681,188,20
2682,188,21
2683,188,22
2684,188,23
2685,189,0
2686,189,1
2687,189,2
2688,189,17
2689,189,18
2690,189,19
2691,189,20
2692,189,21
2693,189,22
2694,189,23
2695,190,0
2696,190,1
2697,190,2
2698,190,17
2699,190,18
2700,190,19
2701,190,20
2702,190,21
2703,190,22
2704,190,23
2705,191,0
2706,191,1
2707,191,2
2708,191,17
2709,191,18
2710,191,19
2711,191,20
2712,191,21
2713,191,22
2714,191,23
2715,192,0
2716,192,1
2717,192,2
2718,192,17
2719,192,18
2720,192,19
2721,192,20
2722,192,21
2723,192,22
2724,192,23
2725,193,0
2726,193,1
2727,193,2
2728,193,18
2729,193,19
2730,193,20
2731,193,21
2732,193,22
2733,193,23
2734,194,0
2735,194,1
2736,194,2
2737,194,17
2738,194,18
2739,194,19
2740,194,20
2741,194,21
2742,194,22
2743,194,23
2744,195,0
2745,195,1
2746,195,2
2747,195,17
2748,195,18
2749,195,19
2750,195,20
2751,195,21
2752,195,22
2753,195,23
2754,196,0
2755,196,1
2756,196,2
2757,196,17
2758,196,18
2759,196,19
2760,196,20
2761,196,21
2762,196,22
2763,196,23
2764,197,0
2765,197,1
2766,197,2
2767,197,17
2768,197,18
2769,197,19
2770,197,20
2771,197,21
2772,197,22
2773,197,23
2774,198,0
2775,198,1
2776,198,2
2777,198,17
2778,198,18
2779,198,19
2780,198,20
2781,198,21
2782,198,22
2783,198,23
2784,199,0
2785,199,1
2786,199,2
2787,199,17
2788,199,18
2789,199,19
2790,199,20
2791,199,21
2792,199,22
2793,199,23
2794,200,0
2795,200,1
2796,200,2
2797,200,17
2798,200,18
2799,200,19
2800,200,20
2801,200,21
2802,200,22
2803,200,23
2804,201,0
2805,201,1
2806,201,2
2807,201,17
2808,201,18
2809,201,19
2810,201,20
2811,201,21
2812,201,22
2813,201,23
2814,202,0
2815,202,1
2816,202,2
2817,202,17
2818,202,18
2819,202,19
2820,202,20
2821,202,21
2822,202,22
2823,202,23
2824,203,0
2825,203,1
2826,203,2
2827,203,17
2828,203,18
2829,203,19
2830,203,20
2831,203,21
2832,203,22
2833,203,23
2834,204,0
2835,204,1
2836,204,2
2837,204,17
2838,204,18
2839,204,19
2840,204,20
2841,204,21
2842,204,22
2843,204,23
2844,205,0
2845,205,1
2846,205,2
2847,205,17
2848,205,18
2849,205,19
2850,205,20
2851,205,21
2852,205,22
2853,205,23
2854,206,0
2855,206,1
2856,206,2
2857,206,17
2858,206,18
2859,206,19
2860,206,20
2861,206,21
2862,206,22
2863,206,23
2864,207,0
2865,207,1
2866,207,2
2867,207,17
2868,207,18
2869,207,19
2870,207,20
2871,207,21
2872,207,22
2873,207,23
2874,208,0
2875,208,1
2876,208,2
2877,208,17
2878,208,18
2879,208,19
2880,208,20
2881,208,21
2882,208,22
2883,208,23
2884,209,0
2885,209,1
2886,209,2
2887,209,17
2888,209,18
2889,209,19
2890,209,20
2891,209,21
2892,209,22
2893,209,23
2894,210,0
2895,210,1
2896,210,2
2897,210,17
2898,210,18
2899,210,19
2900,210,20
2901,210,21
2902,210,22
2903,210,23
2904,211,0
2905,211,1
2906,211,2
2907,211,17
2908,211,18
2909,211,19
2910,211,20
2911,211,21
2912,211,22
2913,211,23
2914,212,0
2915,212,1
2916,212,2
2917,212,17
2918,212,18
2919,212,19
2920,212,20
2921,212,21
2922,212,22
2923,212,23
2924,213,0
2925,213,1
2926,213,2
2927,213,17
2928,213,18
2929,213,19
2930,213,20
2931,213,21
2932,213,22
2933,213,23
2934,214,0
2935,214,1
2936,214,2
2937,214,3
2938,214,17
2939,214,18
2940,214,19
2941,214,20
2942,214,21
2943,214,22
2944,214,23
2945,215,0
2946,215,1
2947,215,2
2948,215,17
2949,215,18
2950,215,19
2951,215,20
2952,215,21
2953,215,22
2954,215,23
2955,216,0
2956,216,1
2957,216,2
2958,216,3
2959,216,17
2960,216,18
2961,216,19
2962,216,20
2963,216,21
2964,216,22
2965,216,23
2966,217,0
2967,217,1
2968,217,2
2969,217,3
2970,217,17
2971,217,18
2972,217,19
2973,217,20
2974,217,21
2975,217,22
2976,217,23
2977,218,0
2978,218,1
2979,218,2
2980,218,3
2981,218,17
2982,218,18
2983,218,19
2984,218,20
2985,218,21
2986,218,22
2987,218,23
2988,219,0
2989,219,1
2990,219,2
2991,219,3
2992,219,17
2993,219,18
2994,219,19
2995,219,20
2996,219,21
2997,219,22
2998,219,23
2999,220,0
3000,220,1
3001,220,2
3002,220,3
3003,220,17
3004,220,18
3005,220,19
3006,220,20
3007,220,21
3008,220,22
3009,220,23
3010,221,0
3011,221,1
3012,221,2
3013,221,3
3014,221,17
3015,221,18
3016,221,19
3017,221,20
3018,221,21
3019,221,22
3020,221,23
3021,222,0
3022,222,1
3023,222,2
3024,222,3
3025,222,17
3026,222,18
3027,222,19
3028,222,20
3029,222,21
3030,222,22
3031,222,23
3032,223,0
3033,223,1
3034,223,2
3035,223,3
3036,223,17
3037,223,18
3038,223,19
3039,223,20
3040,223,21
3041,223,22
3042,223,23
3043,224,0
3044,224,1
3045,224,2
3046,224,3
3047,224,17
3048,224,18
3049,224,19
3050,224,20
3051,224,21
3052,224,22
3053,224,23
3054,225,0
3055,225,1
3056,225,2
3057,225,3
3058,225,17
3059,225,18
3060,225,19
3061,225,20
3062,225,21
3063,225,22
3064,225,23
3065,226,0
3066,226,1
3067,226,2
3068,226,3
3069,226,17
3070,226,18
3071,226,19
3072,226,20
3073,226,21
3074,226,22
3075,226,23
3076,227,0
3077,227,1
3078,227,2
3079,227,3
3080,227,17
3081,227,18
3082,227,19
3083,227,20
3084,227,21
3085,227,22
3086,227,23
3087,228,0
3088,228,1
3089,228,2
3090,228,3
3091,228,17
3092,228,18
3093,228,19
3094,228,20
3095,228,21
3096,228,22
3097,228,23
3098,229,0
3099,229,1
3100,229,2
3101,229,3
3102,229,17
3103,229,18
3104,229,19
3105,229,20
3106,229,21
3107,229,22
3108,229,23
3109,230,0
3110,230,1
3111,230,2
3112,230,3
3113,230,17
3114,230,18
3115,230,19
3116,230,20
3117,230,21
3118,230,22
3119,230,23
3120,231,0
3121,231,1
3122,231,2
3123,231,3
3124,231,17
3125,231,18
3126,231,19
3127,231,20
3128,231,21
3129,231,22
3130,231,23
3131,232,0
3132,232,1
3133,232,2
3134,232,3
3135,232,16
3136,232,17
3137,232,18
3138,232,19
3139,232,20
3140,232,21
3141,232,22
3142,232,23
3143,233,0
3144,233,1
3145,233,2
3146,233,3
3147,233,16
3148,233,17
3149,233,18
3150,233,19
3151,233,20
3152,233,21
3153,233,22
3154,233,23
3155,234,0
3156,234,1
3157,234,2
3158,234,3
3159,234,16
3160,234,17
3161,234,18
3162,234,19
3163,234,20
3164,234,21
3165,234,22
3166,234,23
3167,235,0
3168,235,1
3169,235,2
3170,235,3
3171,235,16
3172,235,17
3173,235,18
3174,235,19
3175,235,20
3176,235,21
3177,235,22
3178,235,23
3179,236,0
3180,236,1
3181,236,2
3182,236,3
3183,236,16
3184,236,17
3185,236,18
3186,236,19
3187,236,20
3188,236,21
3189,236,22
3190,236,23
3191,237,0
3192,237,1
3193,237,2
3194,237,3
3195,237,16
3196,237,17
3197,237,18
3198,237,19
3199,237,20
3200,237,21
3201,237,22
3202,237,23
3203,238,0
3204,238,1
3205,238,2
3206,238,3
3207,238,16
3208,238,17
3209,238,18
3210,238,19
3211,238,20
3212,238,21
3213,238,22
3214,238,23
3215,239,0
3216,239,1
3217,239,2
3218,239,3
3219,239,16
3220,239,17
3221,239,18
3222,239,19
3223,239,20
3224,239,21
3225,239,22
3226,239,23
3227,240,0
3228,240,1
3229,240,2
3230,240,3
3231,240,16
3232,240,17
3233,240,18
3234,240,19
3235,240,20
3236,240,21
3237,240,22
3238,240,23
3239,241,0
3240,241,1
3241,241,2
3242,241,3
3243,241,16
3244,241,17
3245,241,18
3246,241,19
3247,241,20
3248,241,21
3249,241,22
3250,241,23
3251,242,0
3252,242,1
3253,242,2
3254,242,3
3255,242,16
3256,242,17
3257,242,18
3258,242,19
3259,242,20
3260,242,21
3261,242,22
3262,242,23
3263,243,0
3264,243,1
3265,243,2
3266,243,3
3267,243,16
3268,243,17
3269,243,18
3270,243,19
3271,243,20
3272,243,21
3273,243,22
3274,243,23
3275,244,0
3276,244,1
3277,244,2
3278,244,3
3279,244,16
3280,244,17
3281,244,18
3282,244,19
3283,244,20
3284,244,21
3285,244,22
3286,244,23
3287,245,0
3288,245,1
3289,245,2
3290,245,3
3291,245,4
3292,245,16
3293,245,17
3294,245,18
3295,245,19
3296,245,20
3297,245,21
3298,245,22
3299,245,23
3300,246,0
3301,246,1
3302,246,2
3303,246,3
3304,246,4
3305,246,16
3306,246,17
3307,246,18
3308,246,19
3309,246,20
3310,246,21
3311,246,22
3312,246,23
3313,247,0
3314,247,1
3315,247,2
3316,247,3
3317,247,4
3318,247,16
3319,247,17
3320,247,18
3321,247,19
3322,247,20
3323,247,21
3324,247,22
3325,247,23
3326,248,0
3327,248,1
3328,248,2
3329,248,3
3330,248,4
3331,248,16
3332,248,17
3333,248,18
3334,248,19
3335,248,20
3336,248,21
3337,248,22
3338,248,23
3339,249,0
3340,249,1
3341,249,2
3342,249,3
3343,249,4
3344,249,16
3345,249,17
3346,249,18
3347,249,19
3348,249,20
3349,249,21
3350,249,22
3351,249,23
3352,250,0
3353,250,1
3354,250,2
3355,250,3
3356,250,4
3357,250,16
3358,250,17
3359,250,18
3360,250,19
3361,250,20
3362,250,21
3363,250,22
3364,250,23
3365,251,0
3366,251,1
3367,251,2
3368,251,3
3369,251,4
3370,251,16
3371,251,17
3372,251,18
3373,251,19
3374,251,20
3375,251,21
3376,251,22
3377,251,23
3378,252,0
3379,252,1
3380,252,2
3381,252,3
3382,252,4
3383,252,16
3384,252,17
3385,252,18
3386,252,19
3387,252,20
3388,252,21
3389,252,22
3390,252,23
3391,253,0
3392,253,1
3393,253,2
3394,253,3
3395,253,4
3396,253,16
3397,253,17
3398,253,18
3399,253,19
3400,253,20
3401,253,21
3402,253,22
3403,253,23
3404,254,0
3405,254,1
3406,254,2
3407,254,3
3408,254,4
3409,254,16
3410,254,17
3411,254,18
3412,254,19
3413,254,20
3414,254,21
3415,254,22
3416,254,23
3417,255,0
3418,255,1
3419,255,2
3420,255,3
3421,255,4
3422,255,16
3423,255,17
3424,255,18
3425,255,19
3426,255,20
3427,255,21
3428,255,22
3429,255,23
3430,256,0
3431,256,1
3432,256,2
3433,256,3
3434,256,4
3435,256,16
3436,256,17
3437,256,18
3438,256,19
3439,256,20
3440,256,21
3441,256,22
3442,256,23
3443,257,0
3444,257,1
3445,257,2
3446,257,3
3447,257,4
3448,257,16
3449,257,17
3450,257,18
3451,257,19
3452,257,20
3453,257,21
3454,257,22
3455,257,23
3456,258,0
3457,258,1
3458,258,2
3459,258,3
3460,258,4
3461,258,16
3462,258,17
3463,258,18
3464,258,19
3465,258,20
3466,258,21
3467,258,22
3468,258,23
3469,259,0
3470,259,1
3471,259,2
3472,259,3
3473,259,4
3474,259,16
3475,259,17
3476,259,18
3477,259,19
3478,259,20
3479,259,21
3480,259,22
3481,259,23
3482,260,0
3483,260,1
3484,260,2
3485,260,3
3486,260,4
3487,260,16
3488,260,17
3489,260,18
3490,260,19
3491,260,20
3492,260,21
3493,260,22
3494,260,23
3495,261,0
3496,261,1
3497,261,2
3498,261,3
3499,261,4
3500,261,15
3501,261,16
3502,261,17
3503,261,18
3504,261,19
3505,261,20
3506,261,21
3507,261,22
3508,261,23
3509,262,0
3510,262,1
3511,262,2
3512,262,3
3513,262,4
3514,262,15
3515,262,16
3516,262,17
3517,262,18
3518,262,19
3519,262,20
3520,262,21
3521,262,22
3522,262,23
3523,263,0
3524,263,1
3525,263,2
3526,263,3
3527,263,4
3528,263,5
3529,263,15
3530,263,16
3531,263,17
3532,263,18
3533,263,19
3534,263,20
3535,263,21
3536,263,22
3537,263,23
3538,264,0
3539,264,1
3540,264,2
3541,264,3
3542,264,4
3543,264,5
3544,264,15
3545,264,16
3546,264,17
3547,264,18
3548,264,19
3549,264,20
3550,264,21
3551,264,22
3552,264,23
3553,265,0
3554,265,1
3555,265,2
3556,265,3
3557,265,4
3558,265,5
3559,265,15
3560,265,16
3561,265,17
3562,265,18
3563,265,19
3564,265,20
3565,265,21
3566,265,22
3567,265,23
3568,266,0
3569,266,1
3570,266,2
3571,266,3
3572,266,4
3573,266,5
3574,266,15
3575,266,16
3576,266,17
3577,266,18
3578,266,19
3579,266,20
3580,266,21
3581,266,22
3582,266,23
3583,267,0
3584,267,1
3585,267,2
3586,267,3
3587,267,4
3588,267,5
3589,267,15
3590,267,16
3591,267,17
3592,267,18
3593,267,19
3594,267,20
3595,267,21
3596,267,22
3597,267,23
3598,268,0
3599,268,1
3600,268,2
3601,268,3
3602,268,4
3603,268,5
3604,268,15
3605,268,16
3606,268,17
3607,268,18
3608,268,19
3609,268,20
3610,268,21
3611,268,22
3612,268,23
3613,269,0
3614,269,1
3615,269,2
3616,269,3
3617,269,4
3618,269,5
3619,269,15
3620,269,16
3621,269,17
3622,269,18
3623,269,19
3624,269,20
3625,269,21
3626,269,22
3627,269,23
3628,270,0
3629,270,1
3630,270,2
3631,270,3
3632,270,4
3633,270,5
3634,270,15
3635,270,16
3636,270,17
3637,270,18
3638,270,19
3639,270,20
3640,270,21
3641,270,22
3642,270,23
3643,271,0
3644,271,1
3645,271,2
3646,271,3
3647,271,4
3648,271,5
3649,271,15
3650,271,16
3651,271,17
3652,271,18
3653,271,19
3654,271,20
3655,271,21
3656,271,22
3657,271,23
3658,272,0
3659,272,1
3660,272,2
3661,272,3
3662,272,4
3663,272,5
3664,272,15
3665,272,16
3666,272,17
3667,272,18
3668,272,19
3669,272,20
3670,272,21
3671,272,22
3672,272,23
3673,273,0
3674,273,1
3675,273,2
3676,273,3
3677,273,4
3678,273,5
3679,273,15
3680,273,16
3681,273,17
3682,273,18
3683,273,19
3684,273,20
3685,273,21
3686,273,22
3687,273,23
3688,274,0
3689,274,1
3690,274,2
3691,274,3
3692,274,4
3693,274,5
3694,274,15
3695,274,16
3696,274,17
3697,274,18
3698,274,19
3699,274,20
3700,274,21
3701,274,22
3702,274,23
3703,275,0
3704,275,1
3705,275,2
3706,275,3
3707,275,4
3708,275,5
3709,275,15
3710,275,16
3711,275,17
3712,275,18
3713,275,19
3714,275,20
3715,275,21
3716,275,22
3717,275,23
3718,276,0
3719,276,1
3720,276,2
3721,276,3
3722,276,4
3723,276,5
3724,276,15
3725,276,16
3726,276,17
3727,276,18
3728,276,19
3729,276,20
3730,276,21
3731,276,22
3732,276,23
3733,277,0
3734,277,1
3735,277,2
3736,277,3
3737,277,4
3738,277,5
3739,277,14
3740,277,15
3741,277,16
3742,277,17
3743,277,18
3744,277,19
3745,277,20
3746,277,21
3747,277,22
3748,277,23
3749,278,0
3750,278,1
3751,278,2
3752,278,3
3753,278,4
3754,278,5
3755,278,15
3756,278,16
3757,278,17
3758,278,18
3759,278,19
3760,278,20
3761,278,21
3762,278,22
3763,278,23
3764,279,0
3765,279,1
3766,279,2
3767,279,3
3768,279,4
3769,279,5
3770,279,15
3771,279,16
3772,279,17
3773,279,18
3774,279,19
3775,279,20
3776,279,21
3777,279,22
3778,279,23
3779,280,0
3780,280,1
3781,280,2
3782,280,3
3783,280,4
3784,280,5
3785,280,6
3786,280,14
3787,280,15
3788,280,16
3789,280,17
3790,280,18
3791,280,19
3792,280,20
3793,280,21
3794,280,22
3795,280,23
3796,281,0
3797,281,1
3798,281,2
3799,281,3
3800,281,4
3801,281,5
3802,281,6
3803,281,14
3804,281,15
3805,281,16
3806,281,17
3807,281,18
3808,281,19
3809,281,20
3810,281,21
3811,281,22
3812,281,23
3813,282,0
3814,282,1
3815,282,2
3816,282,3
3817,282,4
3818,282,5
3819,282,6
3820,282,14
3821,282,15
3822,282,16
3823,282,17
3824,282,18
3825,282,19
3826,282,20
3827,282,21
3828,282,22
3829,282,23
3830,283,0
3831,283,1
3832,283,2
3833,283,3
3834,283,4
3835,283,5
3836,283,6
3837,283,14
3838,283,15
3839,283,16
3840,283,17
3841,283,18
3842,283,19
3843,283,20
3844,283,21
3845,283,22
3846,283,23
3847,284,0
3848,284,1
3849,284,2
3850,284,3
3851,284,4
3852,284,5
3853,284,6
3854,284,14
3855,284,15
3856,284,16
3857,284,17
3858,284,18
3859,284,19
3860,284,20
3861,284,21
3862,284,22
3863,284,23
3864,285,0
3865,285,1
3866,285,2
3867,285,3
3868,285,4
3869,285,5
3870,285,6
3871,285,14
3872,285,15
3873,285,16
3874,285,17
3875,285,18
3876,285,19
3877,285,20
3878,285,21
3879,285,22
3880,285,23
3881,286,0
3882,286,1
3883,286,2
3884,286,3
3885,286,4
3886,286,5
3887,286,6
3888,286,14
3889,286,15
3890,286,16
3891,286,17
3892,286,18
3893,286,19
3894,286,20
3895,286,21
3896,286,22
3897,286,23
3898,287,0
3899,287,1
3900,287,2
3901,287,3
3902,287,4
3903,287,5
3904,287,6
3905,287,14
3906,287,15
3907,287,16
3908,287,17
3909,287,18
3910,287,19
3911,287,20
3912,287,21
3913,287,22
3914,287,23
3915,288,0
3916,288,1
3917,288,2
3918,288,3
3919,288,4
3920,288,5
3921,288,6
3922,288,14
3923,288,15
3924,288,16
3925,288,17
3926,288,18
3927,288,19
3928,288,20
3929,288,21
3930,288,22
3931,288,23
3932,289,0
3933,289,1
3934,289,2
3935,289,3
3936,289,4
3937,289,5
3938,289,6
3939,289,14
3940,289,15
3941,289,16
3942,289,17
3943,289,18
3944,289,19
3945,289,20
3946,289,21
3947,289,22
3948,289,23
3949,290,0
3950,290,1
3951,290,2
3952,290,3
3953,290,4
3954,290,5
3955,290,6
3956,290,14
3957,290,15
3958,290,16
3959,290,17
3960,290,18
3961,290,19
3962,290,20
3963,290,21
3964,290,22
3965,290,23
3966,291,0
3967,291,1
3968,291,2
3969,291,3
3970,291,4
3971,291,5
3972,291,6
3973,291,14
3974,291,15
3975,291,16
3976,291,17
3977,291,18
3978,291,19
3979,291,20
3980,291,21
3981,291,22
3982,291,23
3983,292,0
3984,292,1
3985,292,2
3986,292,3
3987,292,4
3988,292,5
3989,292,6
3990,292,14
3991,292,15
3992,292,16
3993,292,17
3994,292,18
3995,292,19
3996,292,20
3997,292,21
3998,292,22
3999,292,23
4000,293,0
4001,293,1
4002,293,2
4003,293,3
4004,293,4
4005,293,5
4006,293,6
4007,293,14
4008,293,15
4009,293,16
4010,293,17
4011,293,18
4012,293,19
4013,293,20
4014,293,21
4015,293,22
4016,293,23
4017,294,0
4018,294,1
4019,294,2
4020,294,3
4021,294,4
4022,294,5
4023,294,6
4024,294,14
4025,294,15
4026,294,16
4027,294,17
4028,294,18
4029,294,19
4030,294,20
4031,294,21
4032,294,22
4033,294,23
4034,295,0
4035,295,1
4036,295,2
4037,295,3
4038,295,4
4039,295,5
4040,295,6
4041,295,14
4042,295,15
4043,295,16
4044,295,17
4045,295,18
4046,295,19
4047,295,20
4048,295,21
4049,295,22
4050,295,23
4051,296,0
4052,296,1
4053,296,2
4054,296,3
4055,296,4
4056,296,5
4057,296,6
4058,296,14
4059,296,15
4060,296,16
4061,296,17
4062,296,18
4063,296,19
4064,296,20
4065,296,21
4066,296,22
4067,296,23
4068,297,0
4069,297,1
4070,297,2
4071,297,3
4072,297,4
4073,297,5
4074,297,6
4075,297,14
4076,297,15
4077,297,16
4078,297,17
4079,297,18
4080,297,19
4081,297,20
4082,297,21
4083,297,22
4084,297,23
4085,298,0
4086,298,1
4087,298,2
4088,298,3
4089,298,4
4090,298,5
4091,298,6
4092,298,7
4093,298,13
4094,298,14
4095,298,15
4096,298,16
4097,298,17
4098,298,18
4099,298,19
4100,298,20
4101,298,21
4102,298,22
4103,298,23
4104,299,0
4105,299,1
4106,299,2
4107,299,3
4108,299,4
4109,299,5
4110,299,6
4111,299,7
4112,299,13
4113,299,14
4114,299,15
4115,299,16
4116,299,17
4117,299,18
4118,299,19
4119,299,20
4120,299,21
4121,299,22
4122,299,23
4123,300,0
4124,300,1
4125,300,2
4126,300,3
4127,300,4
4128,300,5
4129,300,6
4130,300,7
4131,300,13
4132,300,14
4133,300,15
4134,300,16
4135,300,17
4136,300,18
4137,300,19
4138,300,20
4139,300,21
4140,300,22
4141,300,23
4142,301,0
4143,301,1
4144,301,2
4145,301,3
4146,301,4
4147,301,5
4148,301,6
4149,301,7
4150,301,13
4151,301,14
4152,301,15
4153,301,16
4154,301,17
4155,301,18
4156,301,19
4157,301,20
4158,301,21
4159,301,22
4160,301,23
4161,302,0
4162,302,1
4163,302,2
4164,302,3
4165,302,4
4166,302,5
4167,302,6
4168,302,7
4169,302,13
4170,302,14
4171,302,15
4172,302,16
4173,302,17
4174,302,18
4175,302,19
4176,302,20
4177,302,21
4178,302,22
4179,302,23
4180,303,0
4181,303,1
4182,303,2
4183,303,3
4184,303,4
4185,303,5
4186,303,6
4187,303,7
4188,303,13
4189,303,14
4190,303,15
4191,303,16
4192,303,17
4193,303,18
4194,303,19
4195,303,20
4196,303,21
4197,303,22
4198,303,23
4199,304,0
4200,304,1
4201,304,2
4202,304,3
4203,304,4
4204,304,5
4205,304,6
4206,304,7
4207,304,13
4208,304,14
4209,304,15
4210,304,16
4211,304,17
4212,304,18
4213,304,19
4214,304,20
4215,304,21
4216,304,22
4217,304,23
4218,305,0
4219,305,1
4220,305,2
4221,305,3
4222,305,4
4223,305,5
4224,305,6
4225,305,7
4226,305,13
4227,305,14
4228,305,15
4229,305,16
4230,305,17
4231,305,18
4232,305,19
4233,305,20
4234,305,21
4235,305,22
4236,305,23
4237,306,0
4238,306,1
4239,306,2
4240,306,3
4241,306,4
4242,306,5
4243,306,6
4244,306,7
4245,306,13
4246,306,14
4247,306,15
4248,306,16
4249,306,17
4250,306,18
4251,306,19
4252,306,20
4253,306,21
4254,306,22
4255,306,23
4256,307,0
4257,307,1
4258,307,2
4259,307,3
4260,307,4
4261,307,5
4262,307,6
4263,307,7
4264,307,13
4265,307,14
4266,307,15
4267,307,16
4268,307,17
4269,307,18
4270,307,19
4271,307,20
4272,307,21
4273,307,22
4274,307,23
4275,308,0
4276,308,1
4277,308,2
4278,308,3
4279,308,4
4280,308,5
4281,308,6
4282,308,7
4283,308,13
4284,308,14
4285,308,15
4286,308,16
4287,308,17
4288,308,18
4289,308,19
4290,308,20
4291,308,21
4292,308,22
4293,308,23
4294,309,0
4295,309,1
4296,309,2
4297,309,3
4298,309,4
4299,309,5
4300,309,6
4301,309,7
4302,309,13
4303,309,14
4304,309,15
4305,309,16
4306,309,17
4307,309,18
4308,309,19
4309,309,20
4310,309,21
4311,309,22
4312,309,23
4313,310,0
4314,310,1
4315,310,2
4316,310,3
4317,310,4
4318,310,5
4319,310,6
4320,310,7
4321,310,8
4322,310,12
4323,310,13
4324,310,14
4325,310,15
4326,310,16
4327,310,17
4328,310,18
4329,310,19
4330,310,20
4331,310,21
4332,310,22
4333,310,23
4334,311,0
4335,311,1
4336,311,2
4337,311,3
4338,311,4
4339,311,5
4340,311,6
4341,311,7
4342,311,13
4343,311,14
4344,311,15
4345,311,16
4346,311,17
4347,311,18
4348,311,19
4349,311,20
4350,311,21
4351,311,22
4352,311,23
4353,312,0
4354,312,1
4355,312,2
4356,312,3
4357,312,4
4358,312,5
4359,312,6
4360,312,7
4361,312,12
4362,312,13
4363,312,14
4364,312,15
4365,312,16
4366,312,17
4367,312,18
4368,312,19
4369,312,20
4370,312,21
4371,312,22
4372,312,23
4373,313,0
4374,313,1
4375,313,2
4376,313,3
4377,313,4
4378,313,5
4379,313,6
4380,313,7
4381,313,13
4382,313,14
4383,313,15
4384,313,16
4385,313,17
4386,313,18
4387,313,19
4388,313,20
4389,313,21
4390,313,22
4391,313,23
4392,314,0
4393,314,1
4394,314,2
4395,314,3
4396,314,4
4397,314,5
4398,314,6
4399,314,7
4400,314,12
4401,314,13
4402,314,14
4403,314,15
4404,314,16
4405,314,17
4406,314,18
4407,314,19
4408,314,20
4409,314,21
4410,314,22
4411,314,23
4412,315,0
4413,315,1
4414,315,2
4415,315,3
4416,315,4
4417,315,5
4418,315,6
4419,315,7
4420,315,8
4421,315,12
4422,315,13
4423,315,14
4424,315,15
4425,315,16
4426,315,17
4427,315,18
4428,315,19
4429,315,20
4430,315,21
4431,315,22
4432,315,23
4433,316,0
4434,316,1
4435,316,2
4436,316,3
4437,316,4
4438,316,5
4439,316,6
4440,316,7
4441,316,8
4442,316,12
4443,316,13
4444,316,14
4445,316,15
4446,316,16
4447,316,17
4448,316,18
4449,316,19
4450,316,20
4451,316,21
4452,316,22
4453,316,23
4454,317,0
4455,317,1
4456,317,2
4457,317,3
4458,317,4
4459,317,5
4460,317,6
4461,317,7
4462,317,8
4463,317,12
4464,317,13
4465,317,14
4466,317,15
4467,317,16
4468,317,17
4469,317,18
4470,317,19
4471,317,20
4472,317,21
4473,317,22
4474,317,23
4475,318,0
4476,318,1
4477,318,2
4478,318,3
4479,318,4
4480,318,5
4481,318,6
4482,318,7
4483,318,8
4484,318,12
4485,318,13
4486,318,14
4487,318,15
4488,318,16
4489,318,17
4490,318,18
4491,318,19
4492,318,20
4493,318,21
4494,318,22
4495,318,23
4496,319,0
4497,319,1
4498,319,2
4499,319,3
4500,319,4
4501,319,5
4502,319,6
4503,319,7
4504,319,8
4505,319,12
4506,319,13
4507,319,14
4508,319,15
4509,319,16
4510,319,17
4511,319,18
4512,319,19
4513,319,20
4514,319,21
4515,319,22
4516,319,23
4517,320,0
4518,320,1
4519,320,2
4520,320,3
4521,320,4
4522,320,5
4523,320,6
4524,320,7
4525,320,8
4526,320,12
4527,320,13
4528,320,14
4529,320,15
4530,320,16
4531,320,17
4532,320,18
4533,320,19
4534,320,20
4535,320,21
4536,320,22
4537,320,23
4538,321,0
4539,321,1
4540,321,2
4541,321,3
4542,321,4
4543,321,5
4544,321,6
4545,321,7
4546,321,8
4547,321,12
4548,321,13
4549,321,14
4550,321,15
4551,321,16
4552,321,17
4553,321,18
4554,321,19
4555,321,20
4556,321,21
4557,321,22
4558,321,23
4559,322,0
4560,322,1
4561,322,2
4562,322,3
4563,322,4
4564,322,5
4565,322,6
4566,322,7
4567,322,8
4568,322,12
4569,322,13
4570,322,14
4571,322,15
4572,322,16
4573,322,17
4574,322,18
4575,322,19
4576,322,20
4577,322,21
4578,322,22
4579,322,23
4580,323,0
4581,323,1
4582,323,2
4583,323,3
4584,323,4
4585,323,5
4586,323,6
4587,323,7
4588,323,8
4589,323,12
4590,323,13
4591,323,14
4592,323,15
4593,323,16
4594,323,17
4595,323,18
4596,323,19
4597,323,20
4598,323,21
4599,323,22
4600,323,23
4601,324,0
4602,324,1
4603,324,2
4604,324,3
4605,324,4
4606,324,5
4607,324,6
4608,324,7
4609,324,8
4610,324,12
4611,324,13
4612,324,14
4613,324,15
4614,324,16
4615,324,17
4616,324,18
4617,324,19
4618,324,20
4619,324,21
4620,324,22
4621,324,23
4622,325,0
4623,325,1
4624,325,2
4625,325,3
4626,325,4
4627,325,5
4628,325,6
4629,325,7
4630,325,8
4631,325,12
4632,325,13
4633,325,14
4634,325,15
4635,325,16
4636,325,17
4637,325,18
4638,325,19
4639,325,20
4640,325,21
4641,325,22
4642,325,23
4643,326,0
4644,326,1
4645,326,2
4646,326,3
4647,326,4
4648,326,5
4649,326,6
4650,326,7
4651,326,8
4652,326,11
4653,326,12
4654,326,13
4655,326,14
4656,326,15
4657,326,16
4658,326,17
4659,326,18
4660,326,19
4661,326,20
4662,326,21
4663,326,22
4664,326,23
4665,327,0
4666,327,1
4667,327,2
4668,327,3
4669,327,4
4670,327,5
4671,327,6
4672,327,7
4673,327,8
4674,327,9
4675,327,11
4676,327,12
4677,327,13
4678,327,14
4679,327,15
4680,327,16
4681,327,17
4682,327,18
4683,327,19
4684,327,20
4685,327,21
4686,327,22
4687,327,23
4688,328,0
4689,328,1
4690,328,2
4691,328,3
4692,328,4
4693,328,5
4694,328,6
4695,328,7
4696,328,8
4697,328,9
4698,328,11
4699,328,12
4700,328,13
4701,328,14
4702,328,15
4703,328,16
4704,328,17
4705,328,18
4706,328,19
4707,328,20
4708,328,21
4709,328,22
4710,328,23
4711,329,0
4712,329,1
4713,329,2
4714,329,3
4715,329,4
4716,329,5
4717,329,6
4718,329,7
4719,329,8
4720,329,9
4721,329,10
4722,329,11
4723,329,12
4724,329,13
4725,329,14
4726,329,15
4727,329,16
4728,329,17
4729,329,18
4730,329,19
4731,329,20
4732,329,21
4733,329,22
4734,329,23
4735,330,0
4736,330,1
4737,330,2
4738,330,3
4739,330,4
4740,330,5
4741,330,6
4742,330,7
4743,330,8
4744,330,9
4745,330,10
4746,330,11
4747,330,12
4748,330,13
4749,330,14
4750,330,15
4751,330,16
4752,330,17
4753,330,18
4754,330,19
4755,330,20
4756,330,21
4757,330,22
4758,330,23
4759,331,0
4760,331,1
4761,331,2
4762,331,3
4763,331,4
4764,331,5
4765,331,6
4766,331,7
4767,331,8
4768,331,9
4769,331,10
4770,331,11
4771,331,12
4772,331,13
4773,331,14
4774,331,15
4775,331,16
4776,331,17
4777,331,18
4778,331,19
4779,331,20
4780,331,21
4781,331,22
4782,331,23
4783,332,0
4784,332,1
4785,332,2
4786,332,3
4787,332,4
4788,332,5
4789,332,6
4790,332,7
4791,332,8
4792,332,9
4793,332,10
4794,332,11
4795,332,12
4796,332,13
4797,332,14
4798,332,15
4799,332,16
4800,332,17
4801,332,18
4802,332,19
4803,332,20
4804,332,21
4805,332,22
4806,332,23
4807,333,0
4808,333,1
4809,333,2
4810,333,3
4811,333,4
4812,333,5
4813,333,6
4814,333,7
4815,333,8
4816,333,9
4817,333,10
4818,333,11
4819,333,12
4820,333,13
4821,333,14
4822,333,15
4823,333,16
4824,333,17
4825,333,18
4826,333,19
4827,333,20
4828,333,21
4829,333,22
4830,333,23
4831,334,0
4832,334,1
4833,334,2
4834,334,3
4835,334,4
4836,334,5
4837,334,6
4838,334,7
4839,334,8
4840,334,9
4841,334,10
4842,334,11
4843,334,12
4844,334,13
4845,334,14
4846,334,15
4847,334,16
4848,334,17
4849,334,18
4850,334,19
4851,334,20
4852,334,21
4853,334,22
4854,334,23
4855,335,0
4856,335,1
4857,335,2
4858,335,3
4859,335,4
4860,335,5
4861,335,6
4862,335,7
4863,335,8
4864,335,9
4865,335,10
4866,335,11
4867,335,12
4868,335,13
4869,335,14
4870,335,15
4871,335,16
4872,335,17
4873,335,18
4874,335,19
4875,335,20
4876,335,21
4877,335,22
4878,335,23
4879,336,0
4880,336,1
4881,336,2
4882,336,3
4883,336,4
4884,336,5
4885,336,6
4886,336,7
4887,336,8
4888,336,9
4889,336,10
4890,336,11
4891,336,12
4892,336,13
4893,336,14
4894,336,15
4895,336,16
4896,336,17
4897,336,18
4898,336,19
4899,336,20
4900,336,21
4901,336,22
4902,336,23
4903,337,0
4904,337,1
4905,337,2
4906,337,3
4907,337,4
4908,337,5
4909,337,6
4910,337,7
4911,337,8
4912,337,9
4913,337,10
4914,337,11
4915,337,12
4916,337,13
4917,337,14
4918,337,15
4919,337,16
4920,337,17
4921,337,18
4922,337,19
4923,337,20
4924,337,21
4925,337,22
4926,337,23
4927,338,0
4928,338,1
4929,338,2
4930,338,3
4931,338,4
4932,338,5
4933,338,6
4934,338,7
4935,338,8
4936,338,9
4937,338,10
4938,338,11
4939,338,12
4940,338,13
4941,338,14
4942,338,15
4943,338,16
4944,338,17
4945,338,18
4946,338,19
4947,338,20
4948,338,21
4949,338,22
4950,338,23
4951,339,0
4952,339,1
4953,339,2
4954,339,3
4955,339,4
4956,339,5
4957,339,6
4958,339,7
4959,339,8
4960,339,9
4961,339,10
4962,339,11
4963,339,12
4964,339,13
4965,339,14
4966,339,15
4967,339,16
4968,339,17
4969,339,18
4970,339,19
4971,339,20
4972,339,21
4973,339,22
4974,339,23
4975,340,0
4976,340,1
4977,340,2
4978,340,3
4979,340,4
4980,340,5
4981,340,6
4982,340,7
4983,340,8
4984,340,9
4985,340,10
4986,340,11
4987,340,12
4988,340,13
4989,340,14
4990,340,15
4991,340,16
4992,340,17
4993,340,18
4994,340,19
4995,340,20
4996,340,21
4997,340,22
4998,340,23
4999,341,0
5000,341,1
5001,341,2
5002,341,3
5003,341,4
5004,341,5
5005,341,6
5006,341,7
5007,341,8
5008,341,9
5009,341,10
5010,341,11
5011,341,12
5012,341,13
5013,341,14
5014,341,15
5015,341,16
5016,341,17
5017,341,18
5018,341,19
5019,341,20
5020,341,21
5021,341,22
5022,341,23
5023,342,0
5024,342,1
5025,342,2
5026,342,3
5027,342,4
5028,342,5
5029,342,6
5030,342,7
5031,342,8
5032,342,9
5033,342,10
5034,342,11
5035,342,12
5036,342,13
5037,342,14
5038,342,15
5039,342,16
5040,342,17
5041,342,18
5042,342,19
5043,342,20
5044,342,21
5045,342,22
5046,342,23
5047,343,0
5048,343,1
5049,343,2
5050,343,3
5051,343,4
5052,343,5
5053,343,6
5054,343,7
5055,343,8
5056,343,9
5057,343,10
5058,343,11
5059,343,12
5060,343,13
5061,343,14
5062,343,15
5063,343,16
5064,343,17
5065,343,18
5066,343,19
5067,343,20
5068,343,21
5069,343,22
5070,343,23
5071,344,0
5072,344,1
5073,344,2
5074,344,3
5075,344,4
5076,344,5
5077,344,6
5078,344,7
5079,344,8
5080,344,9
5081,344,10
5082,344,11
5083,344,12
5084,344,13
5085,344,14
5086,344,15
5087,344,16
5088,344,17
5089,344,18
5090,344,19
5091,344,20
5092,344,21
5093,344,22
5094,344,23
5095,345,0
5096,345,1
5097,345,2
5098,345,3
5099,345,4
5100,345,5
5101,345,6
5102,345,7
5103,345,8
5104,345,9
5105,345,10
5106,345,11
5107,345,12
5108,345,13
5109,345,14
5110,345,15
5111,345,16
5112,345,17
5113,345,18
5114,345,19
5115,345,20
5116,345,21
5117,345,22
5118,345,23
5119,346,0
5120,346,1
5121,346,2
5122,346,3
5123,346,4
5124,346,5
5125,346,6
5126,346,7
5127,346,8
5128,346,9
5129,346,10
5130,346,11
5131,346,12
5132,346,13
5133,346,14
5134,346,15
5135,346,16
5136,346,17
5137,346,18
5138,346,19
5139,346,20
5140,346,21
5141,346,22
5142,346,23
5143,347,0
5144,347,1
5145,347,2
5146,347,3
5147,347,4
5148,347,5
5149,347,6
5150,347,7
5151,347,8
5152,347,9
5153,347,10
5154,347,11
5155,347,12
5156,347,13
5157,347,14
5158,347,15
5159,347,16
5160,347,17
5161,347,18
5162,347,19
5163,347,20
5164,347,21
5165,347,22
5166,347,23
5167,348,0
5168,348,1
5169,348,2
5170,348,3
5171,348,4
5172,348,5
5173,348,6
5174,348,7
5175,348,8
5176,348,9
5177,348,10
5178,348,11
5179,348,12
5180,348,13
5181,348,14
5182,348,15
5183,348,16
5184,348,17
5185,348,18
5186,348,19
5187,348,20
5188,348,21
5189,348,22
5190,348,23
5191,349,0
5192,349,1
5193,349,2
5194,349,3
5195,349,4
5196,349,5
5197,349,6
5198,349,7
5199,349,8
5200,349,9
5201,349,10
5202,349,11
5203,349,12
5204,349,13
5205,349,14
5206,349,15
5207,349,16
5208,349,17
5209,349,18
5210,349,19
5211,349,20
5212,349,21
5213,349,22
5214,349,23
5215,350,0
5216,350,1
5217,350,2
5218,350,3
5219,350,4
5220,350,5
5221,350,6
5222,350,7
5223,350,8
5224,350,9
5225,350,10
5226,350,11
5227,350,12
5228,350,13
5229,350,14
5230,350,15
5231,350,16
5232,350,17
5233,350,18
5234,350,19
5235,350,20
5236,350,21
5237,350,22
5238,350,23
5239,351,0
5240,351,1
5241,351,2
5242,351,3
5243,351,4
5244,351,5
5245,351,6
5246,351,7
5247,351,8
5248,351,9
5249,351,10
5250,351,11
5251,351,12
5252,351,13
5253,351,14
5254,351,15
5255,351,16
5256,351,17
5257,351,18
5258,351,19
5259,351,20
5260,351,21
5261,351,22
5262,351,23
5263,352,0
5264,352,1
5265,352,2
5266,352,3
5267,352,4
5268,352,5
5269,352,6
5270,352,7
5271,352,8
5272,352,9
5273,352,10
5274,352,11
5275,352,12
5276,352,13
5277,352,14
5278,352,15
5279,352,16
5280,352,17
5281,352,18
5282,352,19
5283,352,20
5284,352,21
5285,352,22
5286,352,23
5287,353,0
5288,353,1
5289,353,2
5290,353,3
5291,353,4
5292,353,5
5293,353,6
5294,353,7
5295,353,8
5296,353,9
5297,353,10
5298,353,11
5299,353,12
5300,353,13
5301,353,14
5302,353,15
5303,353,16
5304,353,17
5305,353,18
5306,353,19
5307,353,20
5308,353,21
5309,353,22
5310,353,23
5311,354,0
5312,354,1
5313,354,2
5314,354,3
5315,354,4
5316,354,5
5317,354,6
5318,354,7
5319,354,8
5320,354,9
5321,354,10
5322,354,11
5323,354,12
5324,354,13
5325,354,14
5326,354,15
5327,354,16
5328,354,17
5329,354,18
5330,354,19
5331,354,20
5332,354,21
5333,354,22
5334,354,23
5335,355,0
5336,355,1
5337,355,2
5338,355,3
5339,355,4
5340,355,5
5341,355,6
5342,355,7
5343,355,8
5344,355,9
5345,355,10
5346,355,11
5347,355,12
5348,355,13
5349,355,14
5350,355,15
5351,355,16
5352,355,17
5353,355,18
5354,355,19
5355,355,20
5356,355,21
5357,355,22
5358,355,23
5359,356,0
5360,356,1
5361,356,2
5362,356,3
5363,356,4
5364,356,5
5365,356,6
5366,356,7
5367,356,8
5368,356,9
5369,356,10
5370,356,11
5371,356,12
5372,356,13
5373,356,14
5374,356,15
5375,356,16
5376,356,17
5377,356,18
5378,356,19
5379,356,20
5380,356,21
5381,356,22
5382,356,23
5383,357,0
5384,357,1
5385,357,2
5386,357,3
5387,357,4
5388,357,5
5389,357,6
5390,357,7
5391,357,8
5392,357,9
5393,357,10
5394,357,11
5395,357,12
5396,357,13
5397,357,14
5398,357,15
5399,357,16
5400,357,17
5401,357,18
5402,357,19
5403,357,20
5404,357,21
5405,357,22
5406,357,23
5407,358,0
5408,358,1
5409,358,2
5410,358,3
5411,358,4
5412,358,5
5413,358,6
5414,358,7
5415,358,8
5416,358,9
5417,358,10
5418,358,11
5419,358,12
5420,358,13
5421,358,14
5422,358,15
5423,358,16
5424,358,17
5425,358,18
5426,358,19
5427,358,20
5428,358,21
5429,358,22
5430,358,23
5431,359,0
5432,359,1
5433,359,2
5434,359,3
5435,359,4
5436,359,5
5437,359,6
5438,359,7
5439,359,8
5440,359,9
5441,359,10
5442,359,11
5443,359,12
5444,359,13
5445,359,14
5446,359,15
5447,359,16
5448,359,17
5449,359,18
5450,359,19
5451,359,20
5452,359,21
5453,359,22
5454,359,23
5455,360,0
5456,360,1
5457,360,2
5458,360,3
5459,360,4
5460,360,5
5461,360,6
5462,360,7
5463,360,8
5464,360,9
5465,360,10
5466,360,11
5467,360,12
5468,360,13
5469,360,14
5470,360,15
5471,360,16
5472,360,17
5473,360,18
5474,360,19
5475,360,20
5476,360,21
5477,360,22
5478,360,23
5479,361,0
5480,361,1
5481,361,2
5482,361,3
5483,361,4
5484,361,5
5485,361,6
5486,361,7
5487,361,8
5488,361,9
5489,361,10
5490,361,11
5491,361,12
5492,361,13
5493,361,14
5494,361,15
5495,361,16
5496,361,17
5497,361,18
5498,361,19
5499,361,20
5500,361,21
5501,361,22
5502,361,23
5503,362,0
5504,362,1
5505,362,2
5506,362,3
5507,362,4
5508,362,5
5509,362,6
5510,362,7
5511,362,8
5512,362,9
5513,362,10
5514,362,11
5515,362,12
5516,362,13
5517,362,14
5518,362,15
5519,362,16
5520,362,17
5521,362,18
5522,362,19
5523,362,20
5524,362,21
5525,362,22
5526,362,23
5527,363,0
5528,363,1
5529,363,2
5530,363,3
5531,363,4
5532,363,5
5533,363,6
5534,363,7
5535,363,8
5536,363,9
5537,363,10
5538,363,11
5539,363,12
5540,363,13
5541,363,14
5542,363,15
5543,363,16
5544,363,17
5545,363,18
5546,363,19
5547,363,20
5548,363,21
5549,363,22
5550,363,23
5551,364,0
5552,364,1
5553,364,2
5554,364,3
5555,364,4
5556,364,5
5557,364,6
5558,364,7
5559,364,8
5560,364,9
5561,364,10
5562,364,11
5563,364,12
5564,364,13
5565,364,14
5566,364,15
5567,364,16
5568,364,17
5569,364,18
5570,364,19
5571,364,20
5572,364,21
5573,364,22
5574,364,23
5575,365,0
5576,365,1
5577,365,2
5578,365,3
5579,365,4
5580,365,5
5581,365,6
5582,365,7
5583,365,8
5584,365,9
5585,365,10
5586,365,11
5587,365,12
5588,365,13
5589,365,14
5590,365,15
5591,365,16
5592,365,17
5593,365,18
5594,365,19
5595,365,20
5596,365,21
5597,365,22
5598,365,23
