,day,hour
0,1,0
1,1,1
2,1,2
3,1,3
4,1,4
5,1,5
6,1,6
7,1,7
8,1,8
9,1,9
10,1,14
11,1,15
12,1,16
13,1,17
14,1,18
15,1,19
16,1,20
17,1,21
18,1,22
19,1,23
20,2,0
21,2,1
22,2,2
23,2,3
24,2,4
25,2,5
26,2,6
27,2,7
28,2,8
29,2,9
30,2,15
31,2,16
32,2,17
33,2,18
34,2,19
35,2,20
36,2,21
37,2,22
38,2,23
39,3,0
40,3,1
41,3,2
42,3,3
43,3,4
44,3,5
45,3,6
46,3,7
47,3,8
48,3,9
49,3,15
50,3,16
51,3,17
52,3,18
53,3,19
54,3,20
55,3,21
56,3,22
57,3,23
58,4,0
59,4,1
60,4,2
61,4,3
62,4,4
63,4,5
64,4,6
65,4,7
66,4,8
67,4,9
68,4,14
69,4,15
70,4,16
71,4,17
72,4,18
73,4,19
74,4,20
75,4,21
76,4,22
77,4,23
78,5,0
79,5,1
80,5,2
81,5,3
82,5,4
83,5,5
84,5,6
85,5,7
86,5,8
87,5,9
88,5,14
89,5,15
90,5,16
91,5,17
92,5,18
93,5,19
94,5,20
95,5,21
96,5,22
97,5,23
98,6,0
99,6,1
100,6,2
101,6,3
102,6,4
103,6,5
104,6,6
105,6,7
106,6,8
107,6,9
108,6,15
109,6,16
110,6,17
111,6,18
112,6,19
113,6,20
114,6,21
115,6,22
116,6,23
117,7,0
118,7,1
119,7,2
120,7,3
121,7,4
122,7,5
123,7,6
124,7,7
125,7,8
126,7,9
127,7,15
128,7,16
129,7,17
130,7,18
131,7,19
132,7,20
133,7,21
134,7,22
135,7,23
136,8,0
137,8,1
138,8,2
139,8,3
140,8,4
141,8,5
142,8,6
143,8,7
144,8,8
145,8,9
146,8,15
147,8,16
148,8,17
149,8,18
150,8,19
151,8,20
152,8,21
153,8,22
154,8,23
155,9,0
156,9,1
157,9,2
158,9,3
159,9,4
160,9,5
161,9,6
162,9,7
163,9,8
164,9,9
165,9,15
166,9,16
167,9,17
168,9,18
169,9,19
170,9,20
171,9,21
172,9,22
173,9,23
174,10,0
175,10,1
176,10,2
177,10,3
178,10,4
179,10,5
180,10,6
181,10,7
182,10,8
183,10,9
184,10,15
185,10,16
186,10,17
187,10,18
188,10,19
189,10,20
190,10,21
191,10,22
192,10,23
193,11,0
194,11,1
195,11,2
196,11,3
197,11,4
198,11,5
199,11,6
200,11,7
201,11,8
202,11,9
203,11,15
204,11,16
205,11,17
206,11,18
207,11,19
208,11,20
209,11,21
210,11,22
211,11,23
212,12,0
213,12,1
214,12,2
215,12,3
216,12,4
217,12,5
218,12,6
219,12,7
220,12,8
221,12,9
222,12,15
223,12,16
224,12,17
225,12,18
226,12,19
227,12,20
228,12,21
229,12,22
230,12,23
231,13,0
232,13,1
233,13,2
234,13,3
235,13,4
236,13,5
237,13,6
238,13,7
239,13,8
240,13,9
241,13,15
242,13,16
243,13,17
244,13,18
245,13,19
246,13,20
247,13,21
248,13,22
249,13,23
250,14,0
251,14,1
252,14,2
253,14,3
254,14,4
255,14,5
256,14,6
257,14,7
258,14,8
259,14,9
260,14,15
261,14,16
262,14,17
263,14,18
264,14,19
265,14,20
266,14,21
267,14,22
268,14,23
269,15,0
270,15,1
271,15,2
272,15,3
273,15,4
274,15,5
275,15,6
276,15,7
277,15,8
278,15,9
279,15,15
280,15,16
281,15,17
282,15,18
283,15,19
284,15,20
285,15,21
286,15,22
287,15,23
288,16,0
289,16,1
290,16,2
291,16,3
292,16,4
293,16,5
294,16,6
295,16,7
296,16,8
297,16,9
298,16,15
299,16,16
300,16,17
301,16,18
302,16,19
303,16,20
304,16,21
305,16,22
306,16,23
307,17,0
308,17,1
309,17,2
310,17,3
311,17,4
312,17,5
313,17,6
314,17,7
315,17,8
316,17,9
317,17,15
318,17,16
319,17,17
320,17,18
321,17,19
322,17,20
323,17,21
324,17,22
325,17,23
326,18,0
327,18,1
328,18,2
329,18,3
330,18,4
331,18,5
332,18,6
333,18,7
334,18,8
335,18,9
336,18,15
337,18,16
338,18,17
339,18,18
340,18,19
341,18,20
342,18,21
343,18,22
344,18,23
345,19,0
346,19,1
347,19,2
348,19,3
349,19,4
350,19,5
351,19,6
352,19,7
353,19,8
354,19,9
355,19,15
356,19,16
357,19,17
358,19,18
359,19,19
360,19,20
361,19,21
362,19,22
363,19,23
364,20,0
365,20,1
366,20,2
367,20,3
368,20,4
369,20,5
370,20,6
371,20,7
372,20,8
373,20,9
374,20,15
375,20,16
376,20,17
377,20,18
378,20,19
379,20,20
380,20,21
381,20,22
382,20,23
383,21,0
384,21,1
385,21,2
386,21,3
387,21,4
388,21,5
389,21,6
390,21,7
391,21,8
392,21,9
393,21,15
394,21,16
395,21,17
396,21,18
397,21,19
398,21,20
399,21,21
400,21,22
401,21,23
402,22,0
403,22,1
404,22,2
405,22,3
406,22,4
407,22,5
408,22,6
409,22,7
410,22,8
411,22,15
412,22,16
413,22,17
414,22,18
415,22,19
416,22,20
417,22,21
418,22,22
419,22,23
420,23,0
421,23,1
422,23,2
423,23,3
424,23,4
425,23,5
426,23,6
427,23,7
428,23,8
429,23,15
430,23,16
431,23,17
432,23,18
433,23,19
434,23,20
435,23,21
436,23,22
437,23,23
438,24,0
439,24,1
440,24,2
441,24,3
442,24,4
443,24,5
444,24,6
445,24,7
446,24,8
447,24,15
448,24,16
449,24,17
450,24,18
451,24,19
452,24,20
453,24,21
454,24,22
455,24,23
456,25,0
457,25,1
458,25,2
459,25,3
460,25,4
461,25,5
462,25,6
463,25,7
464,25,8
465,25,15
466,25,16
467,25,17
468,25,18
469,25,19
470,25,20
471,25,21
472,25,22
473,25,23
474,26,0
475,26,1
476,26,2
477,26,3
478,26,4
479,26,5
480,26,6
481,26,7
482,26,8
483,26,15
484,26,16
485,26,17
486,26,18
487,26,19
488,26,20
489,26,21
490,26,22
491,26,23
492,27,0
493,27,1
494,27,2
495,27,3
496,27,4
497,27,5
498,27,6
499,27,7
500,27,8
501,27,15
502,27,16
503,27,17
504,27,18
505,27,19
506,27,20
507,27,21
508,27,22
509,27,23
510,28,0
511,28,1
512,28,2
513,28,3
514,28,4
515,28,5
516,28,6
517,28,7
518,28,8
519,28,15
520,28,16
521,28,17
522,28,18
523,28,19
524,28,20
525,28,21
526,28,22
527,28,23
528,29,0
529,29,1
530,29,2
531,29,3
532,29,4
533,29,5
534,29,6
535,29,7
536,29,8
537,29,15
538,29,16
539,29,17
540,29,18
541,29,19
542,29,20
543,29,21
544,29,22
545,29,23
546,30,0
547,30,1
548,30,2
549,30,3
550,30,4
551,30,5
552,30,6
553,30,7
554,30,8
555,30,15
556,30,16
557,30,17
558,30,18
559,30,19
560,30,20
561,30,21
562,30,22
563,30,23
564,31,0
565,31,1
566,31,2
567,31,3
568,31,4
569,31,5
570,31,6
571,31,7
572,31,8
573,31,15
574,31,16
575,31,17
576,31,18
577,31,19
578,31,20
579,31,21
580,31,22
581,31,23
582,32,0
583,32,1
584,32,2
585,32,3
586,32,4
587,32,5
588,32,6
589,32,7
590,32,8
591,32,15
592,32,16
593,32,17
594,32,18
595,32,19
596,32,20
597,32,21
598,32,22
599,32,23
600,33,0
601,33,1
602,33,2
603,33,3
604,33,4
605,33,5
606,33,6
607,33,7
608,33,8
609,33,15
610,33,16
611,33,17
612,33,18
613,33,19
614,33,20
615,33,21
616,33,22
617,33,23
618,34,0
619,34,1
620,34,2
621,34,3
622,34,4
623,34,5
624,34,6
625,34,7
626,34,8
627,34,15
628,34,16
629,34,17
630,34,18
631,34,19
632,34,20
633,34,21
634,34,22
635,34,23
636,35,0
637,35,1
638,35,2
639,35,3
640,35,4
641,35,5
642,35,6
643,35,7
644,35,8
645,35,15
646,35,16
647,35,17
648,35,18
649,35,19
650,35,20
651,35,21
652,35,22
653,35,23
654,36,0
655,36,1
656,36,2
657,36,3
658,36,4
659,36,5
660,36,6
661,36,7
662,36,8
663,36,15
664,36,16
665,36,17
666,36,18
667,36,19
668,36,20
669,36,21
670,36,22
671,36,23
672,37,0
673,37,1
674,37,2
675,37,3
676,37,4
677,37,5
678,37,6
679,37,7
680,37,8
681,37,16
682,37,17
683,37,18
684,37,19
685,37,20
686,37,21
687,37,22
688,37,23
689,38,0
690,38,1
691,38,2
692,38,3
693,38,4
694,38,5
695,38,6
696,38,7
697,38,8
698,38,16
699,38,17
700,38,18
701,38,19
702,38,20
703,38,21
704,38,22
705,38,23
706,39,0
707,39,1
708,39,2
709,39,3
710,39,4
711,39,5
712,39,6
713,39,7
714,39,8
715,39,16
716,39,17
717,39,18
718,39,19
719,39,20
720,39,21
721,39,22
722,39,23
723,40,0
724,40,1
725,40,2
726,40,3
727,40,4
728,40,5
729,40,6
730,40,7
731,40,8
732,40,16
733,40,17
734,40,18
735,40,19
736,40,20
737,40,21
738,40,22
739,40,23
740,41,0
741,41,1
742,41,2
743,41,3
744,41,4
745,41,5
746,41,6
747,41,7
748,41,8
749,41,16
750,41,17
751,41,18
752,41,19
753,41,20
754,41,21
755,41,22
756,41,23
757,42,0
758,42,1
759,42,2
760,42,3
761,42,4
762,42,5
763,42,6
764,42,7
765,42,8
766,42,16
767,42,17
768,42,18
769,42,19
770,42,20
771,42,21
772,42,22
773,42,23
774,43,0
775,43,1
776,43,2
777,43,3
778,43,4
779,43,5
780,43,6
781,43,7
782,43,8
783,43,16
784,43,17
785,43,18
786,43,19
787,43,20
788,43,21
789,43,22
790,43,23
791,44,0
792,44,1
793,44,2
794,44,3
795,44,4
796,44,5
797,44,6
798,44,7
799,44,16
800,44,17
801,44,18
802,44,19
803,44,20
804,44,21
805,44,22
806,44,23
807,45,0
808,45,1
809,45,2
810,45,3
811,45,4
812,45,5
813,45,6
814,45,7
815,45,16
816,45,17
817,45,18
818,45,19
819,45,20
820,45,21
821,45,22
822,45,23
823,46,0
824,46,1
825,46,2
826,46,3
827,46,4
828,46,5
829,46,6
830,46,7
831,46,16
832,46,17
833,46,18
834,46,19
835,46,20
836,46,21
837,46,22
838,46,23
839,47,0
840,47,1
841,47,2
842,47,3
843,47,4
844,47,5
845,47,6
846,47,7
847,47,16
848,47,17
849,47,18
850,47,19
851,47,20
852,47,21
853,47,22
854,47,23
855,48,0
856,48,1
857,48,2
858,48,3
859,48,4
860,48,5
861,48,6
862,48,7
863,48,16
864,48,17
865,48,18
866,48,19
867,48,20
868,48,21
869,48,22
870,48,23
871,49,0
872,49,1
873,49,2
874,49,3
875,49,4
876,49,5
877,49,6
878,49,7
879,49,16
880,49,17
881,49,18
882,49,19
883,49,20
884,49,21
885,49,22
886,49,23
887,50,0
888,50,1
889,50,2
890,50,3
891,50,4
892,50,5
893,50,6
894,50,7
895,50,16
896,50,17
897,50,18
898,50,19
899,50,20
900,50,21
901,50,22
902,50,23
903,51,0
904,51,1
905,51,2
906,51,3
907,51,4
908,51,5
909,51,6
910,51,7
911,51,16
912,51,17
913,51,18
914,51,19
915,51,20
916,51,21
917,51,22
918,51,23
919,52,0
920,52,1
921,52,2
922,52,3
923,52,4
924,52,5
925,52,6
926,52,7
927,52,16
928,52,17
929,52,18
930,52,19
931,52,20
932,52,21
933,52,22
934,52,23
935,53,0
936,53,1
937,53,2
938,53,3
939,53,4
940,53,5
941,53,6
942,53,7
943,53,16
944,53,17
945,53,18
946,53,19
947,53,20
948,53,21
949,53,22
950,53,23
951,54,0
952,54,1
953,54,2
954,54,3
955,54,4
956,54,5
957,54,6
958,54,7
959,54,16
960,54,17
961,54,18
962,54,19
963,54,20
964,54,21
965,54,22
966,54,23
967,55,0
968,55,1
969,55,2
970,55,3
971,55,4
972,55,5
973,55,6
974,55,7
975,55,16
976,55,17
977,55,18
978,55,19
979,55,20
980,55,21
981,55,22
982,55,23
983,56,0
984,56,1
985,56,2
986,56,3
987,56,4
988,56,5
989,56,6
990,56,7
991,56,16
992,56,17
993,56,18
994,56,19
995,56,20
996,56,21
997,56,22
998,56,23
999,57,0
1000,57,1
1001,57,2
1002,57,3
1003,57,4
1004,57,5
1005,57,6
1006,57,7
1007,57,16
1008,57,17
1009,57,18
1010,57,19
1011,57,20
1012,57,21
1013,57,22
1014,57,23
1015,58,0
1016,58,1
1017,58,2
1018,58,3
1019,58,4
1020,58,5
1021,58,6
1022,58,7
1023,58,16
1024,58,17
1025,58,18
1026,58,19
1027,58,20
1028,58,21
1029,58,22
1030,58,23
1031,59,0
1032,59,1
1033,59,2
1034,59,3
1035,59,4
1036,59,5
1037,59,6
1038,59,7
1039,59,16
1040,59,17
1041,59,18
1042,59,19
1043,59,20
1044,59,21
1045,59,22
1046,59,23
1047,60,0
1048,60,1
1049,60,2
1050,60,3
1051,60,4
1052,60,5
1053,60,6
1054,60,7
1055,60,16
1056,60,17
1057,60,18
1058,60,19
1059,60,20
1060,60,21
1061,60,22
1062,60,23
1063,61,0
1064,61,1
1065,61,2
1066,61,3
1067,61,4
1068,61,5
1069,61,6
1070,61,7
1071,61,17
1072,61,18
1073,61,19
1074,61,20
1075,61,21
1076,61,22
1077,61,23
1078,62,0
1079,62,1
1080,62,2
1081,62,3
1082,62,4
1083,62,5
1084,62,6
1085,62,7
1086,62,17
1087,62,18
1088,62,19
1089,62,20
1090,62,21
1091,62,22
1092,62,23
1093,63,0
1094,63,1
1095,63,2
1096,63,3
1097,63,4
1098,63,5
1099,63,6
1100,63,7
1101,63,17
1102,63,18
1103,63,19
1104,63,20
1105,63,21
1106,63,22
1107,63,23
1108,64,0
1109,64,1
1110,64,2
1111,64,3
1112,64,4
1113,64,5
1114,64,6
1115,64,7
1116,64,17
1117,64,18
1118,64,19
1119,64,20
1120,64,21
1121,64,22
1122,64,23
1123,65,0
1124,65,1
1125,65,2
1126,65,3
1127,65,4
1128,65,5
1129,65,6
1130,65,7
1131,65,17
1132,65,18
1133,65,19
1134,65,20
1135,65,21
1136,65,22
1137,65,23
1138,66,0
1139,66,1
1140,66,2
1141,66,3
1142,66,4
1143,66,5
1144,66,6
1145,66,7
1146,66,17
1147,66,18
1148,66,19
1149,66,20
1150,66,21
1151,66,22
1152,66,23
1153,67,0
1154,67,1
1155,67,2
1156,67,3
1157,67,4
1158,67,5
1159,67,6
1160,67,7
1161,67,17
1162,67,18
1163,67,19
1164,67,20
1165,67,21
1166,67,22
1167,67,23
1168,68,0
1169,68,1
1170,68,2
1171,68,3
1172,68,4
1173,68,5
1174,68,6
1175,68,7
1176,68,17
1177,68,18
1178,68,19
1179,68,20
1180,68,21
1181,68,22
1182,68,23
1183,69,0
1184,69,1
1185,69,2
1186,69,3
1187,69,4
1188,69,5
1189,69,6
1190,69,7
1191,69,17
1192,69,18
1193,69,19
1194,69,20
1195,69,21
1196,69,22
1197,69,23
1198,70,0
1199,70,1
1200,70,2
1201,70,3
1202,70,4
1203,70,5
1204,70,6
1205,70,7
1206,70,17
1207,70,18
1208,70,19
1209,70,20
1210,70,21
1211,70,22
1212,70,23
1213,71,0
1214,71,1
1215,71,2
1216,71,3
1217,71,4
1218,71,5
1219,71,6
1220,71,7
1221,71,17
1222,71,18
1223,71,19
1224,71,20
1225,71,21
1226,71,22
1227,71,23
1228,72,0
1229,72,1
1230,72,2
1231,72,3
1232,72,4
1233,72,5
1234,72,6
1235,72,7
1236,72,17
1237,72,18
1238,72,19
1239,72,20
1240,72,21
1241,72,22
1242,72,23
1243,73,0
1244,73,1
1245,73,2
1246,73,3
1247,73,4
1248,73,5
1249,73,6
1250,73,7
1251,73,17
1252,73,18
1253,73,19
1254,73,20
1255,73,21
1256,73,22
1257,73,23
1258,74,0
1259,74,1
1260,74,2
1261,74,3
1262,74,4
1263,74,5
1264,74,6
1265,74,7
1266,74,17
1267,74,18
1268,74,19
1269,74,20
1270,74,21
1271,74,22
1272,74,23
1273,75,0
1274,75,1
1275,75,2
1276,75,3
1277,75,4
1278,75,5
1279,75,6
1280,75,7
1281,75,17
1282,75,18
1283,75,19
1284,75,20
1285,75,21
1286,75,22
1287,75,23
1288,76,0
1289,76,1
1290,76,2
1291,76,3
1292,76,4
1293,76,5
1294,76,6
1295,76,17
1296,76,18
1297,76,19
1298,76,20
1299,76,21
1300,76,22
1301,76,23
1302,77,0
1303,77,1
1304,77,2
1305,77,3
1306,77,4
1307,77,5
1308,77,6
1309,77,17
1310,77,18
1311,77,19
1312,77,20
1313,77,21
1314,77,22
1315,77,23
1316,78,0
1317,78,1
1318,78,2
1319,78,3
1320,78,4
1321,78,5
1322,78,6
1323,78,17
1324,78,18
1325,78,19
1326,78,20
1327,78,21
1328,78,22
1329,78,23
1330,79,0
1331,79,1
1332,79,2
1333,79,3
1334,79,4
1335,79,5
1336,79,6
1337,79,17
1338,79,18
1339,79,19
1340,79,20
1341,79,21
1342,79,22
1343,79,23
1344,80,0
1345,80,1
1346,80,2
1347,80,3
1348,80,4
1349,80,5
1350,80,6
1351,80,17
1352,80,18
1353,80,19
1354,80,20
1355,80,21
1356,80,22
1357,80,23
1358,81,0
1359,81,1
1360,81,2
1361,81,3
1362,81,4
1363,81,5
1364,81,6
1365,81,17
1366,81,18
1367,81,19
1368,81,20
1369,81,21
1370,81,22
1371,81,23
1372,82,0
1373,82,1
1374,82,2
1375,82,3
1376,82,4
1377,82,5
1378,82,6
1379,82,17
1380,82,18
1381,82,19
1382,82,20
1383,82,21
1384,82,22
1385,82,23
1386,83,0
1387,83,1
1388,83,2
1389,83,3
1390,83,4
1391,83,5
1392,83,6
1393,83,17
1394,83,18
1395,83,19
1396,83,20
1397,83,21
1398,83,22
1399,83,23
1400,84,0
1401,84,1
1402,84,2
1403,84,3
1404,84,4
1405,84,5
1406,84,6
1407,84,17
1408,84,18
1409,84,19
1410,84,20
1411,84,21
1412,84,22
1413,84,23
1414,85,0
1415,85,1
1416,85,2
1417,85,3
1418,85,4
1419,85,5
1420,85,6
1421,85,17
1422,85,18
1423,85,19
1424,85,20
1425,85,21
1426,85,22
1427,85,23
1428,86,0
1429,86,1
1430,86,2
1431,86,3
1432,86,4
1433,86,5
1434,86,6
1435,86,17
1436,86,18
1437,86,19
1438,86,20
1439,86,21
1440,86,22
1441,86,23
1442,87,0
1443,87,1
1444,87,2
1445,87,3
1446,87,4
1447,87,5
1448,87,6
1449,87,17
1450,87,18
1451,87,19
1452,87,20
1453,87,21
1454,87,22
1455,87,23
1456,88,0
1457,88,1
1458,88,2
1459,88,3
1460,88,4
1461,88,5
1462,88,6
1463,88,17
1464,88,18
1465,88,19
1466,88,20
1467,88,21
1468,88,22
1469,88,23
1470,89,0
1471,89,1
1472,89,2
1473,89,3
1474,89,4
1475,89,5
1476,89,6
1477,89,17
1478,89,18
1479,89,19
1480,89,20
1481,89,21
1482,89,22
1483,89,23
1484,90,0
1485,90,1
1486,90,2
1487,90,3
1488,90,4
1489,90,5
1490,90,6
1491,90,17
1492,90,18
1493,90,19
1494,90,20
1495,90,21
1496,90,22
1497,90,23
1498,91,0
1499,91,1
1500,91,2
1501,91,3
1502,91,4
1503,91,5
1504,91,6
1505,91,18
1506,91,19
1507,91,20
1508,91,21
1509,91,22
1510,91,23
1511,92,0
1512,92,1
1513,92,2
1514,92,3
1515,92,4
1516,92,5
1517,92,6
1518,92,18
1519,92,19
1520,92,20
1521,92,21
1522,92,22
1523,92,23
1524,93,0
1525,93,1
1526,93,2
1527,93,3
1528,93,4
1529,93,5
1530,93,6
1531,93,18
1532,93,19
1533,93,20
1534,93,21
1535,93,22
1536,93,23
1537,94,0
1538,94,1
1539,94,2
1540,94,3
1541,94,4
1542,94,5
1543,94,6
1544,94,18
1545,94,19
1546,94,20
1547,94,21
1548,94,22
1549,94,23
1550,95,0
1551,95,1
1552,95,2
1553,95,3
1554,95,4
1555,95,5
1556,95,6
1557,95,18
1558,95,19
1559,95,20
1560,95,21
1561,95,22
1562,95,23
1563,96,0
1564,96,1
1565,96,2
1566,96,3
1567,96,4
1568,96,5
1569,96,6
1570,96,18
1571,96,19
1572,96,20
1573,96,21
1574,96,22
1575,96,23
1576,97,0
1577,97,1
1578,97,2
1579,97,3
1580,97,4
1581,97,5
1582,97,6
1583,97,18
1584,97,19
1585,97,20
1586,97,21
1587,97,22
1588,97,23
1589,98,0
1590,98,1
1591,98,2
1592,98,3
1593,98,4
1594,98,5
1595,98,6
1596,98,18
1597,98,19
1598,98,20
1599,98,21
1600,98,22
1601,98,23
1602,99,0
1603,99,1
1604,99,2
1605,99,3
1606,99,4
1607,99,5
1608,99,6
1609,99,18
1610,99,19
1611,99,20
1612,99,21
1613,99,22
1614,99,23
1615,100,0
1616,100,1
1617,100,2
1618,100,3
1619,100,4
1620,100,5
1621,100,6
1622,100,18
1623,100,19
1624,100,20
1625,100,21
1626,100,22
1627,100,23
1628,101,0
1629,101,1
1630,101,2
1631,101,3
1632,101,4
1633,101,5
1634,101,6
1635,101,18
1636,101,19
1637,101,20
1638,101,21
1639,101,22
1640,101,23
1641,102,0
1642,102,1
1643,102,2
1644,102,3
1645,102,4
1646,102,5
1647,102,6
1648,102,18
1649,102,19
1650,102,20
1651,102,21
1652,102,22
1653,102,23
1654,103,0
1655,103,1
1656,103,2
1657,103,3
1658,103,4
1659,103,5
1660,103,6
1661,103,18
1662,103,19
1663,103,20
1664,103,21
1665,103,22
1666,103,23
1667,104,0
1668,104,1
1669,104,2
1670,104,3
1671,104,4
1672,104,5
1673,104,6
1674,104,18
1675,104,19
1676,104,20
1677,104,21
1678,104,22
1679,104,23
1680,105,0
1681,105,1
1682,105,2
1683,105,3
1684,105,4
1685,105,5
1686,105,18
1687,105,19
1688,105,20
1689,105,21
1690,105,22
1691,105,23
1692,106,0
1693,106,1
1694,106,2
1695,106,3
1696,106,4
1697,106,5
1698,106,18
1699,106,19
1700,106,20
1701,106,21
1702,106,22
1703,106,23
1704,107,0
1705,107,1
1706,107,2
1707,107,3
1708,107,4
1709,107,5
1710,107,18
1711,107,19
1712,107,20
1713,107,21
1714,107,22
1715,107,23
1716,108,0
1717,108,1
1718,108,2
1719,108,3
1720,108,4
1721,108,5
1722,108,18
1723,108,19
1724,108,20
1725,108,21
1726,108,22
1727,108,23
1728,109,0
1729,109,1
1730,109,2
1731,109,3
1732,109,4
1733,109,5
1734,109,18
1735,109,19
1736,109,20
1737,109,21
1738,109,22
1739,109,23
1740,110,0
1741,110,1
1742,110,2
1743,110,3
1744,110,4
1745,110,5
1746,110,18
1747,110,19
1748,110,20
1749,110,21
1750,110,22
1751,110,23
1752,111,0
1753,111,1
1754,111,2
1755,111,3
1756,111,4
1757,111,5
1758,111,18
1759,111,19
1760,111,20
1761,111,21
1762,111,22
1763,111,23
1764,112,0
1765,112,1
1766,112,2
1767,112,3
1768,112,4
1769,112,5
1770,112,18
1771,112,19
1772,112,20
1773,112,21
1774,112,22
1775,112,23
1776,113,0
1777,113,1
1778,113,2
1779,113,3
1780,113,4
1781,113,5
1782,113,18
1783,113,19
1784,113,20
1785,113,21
1786,113,22
1787,113,23
1788,114,0
1789,114,1
1790,114,2
1791,114,3
1792,114,4
1793,114,5
1794,114,18
1795,114,19
1796,114,20
1797,114,21
1798,114,22
1799,114,23
1800,115,0
1801,115,1
1802,115,2
1803,115,3
1804,115,4
1805,115,5
1806,115,18
1807,115,19
1808,115,20
1809,115,21
1810,115,22
1811,115,23
1812,116,0
1813,116,1
1814,116,2
1815,116,3
1816,116,4
1817,116,5
1818,116,18
1819,116,19
1820,116,20
1821,116,21
1822,116,22
1823,116,23
1824,117,0
1825,117,1
1826,117,2
1827,117,3
1828,117,4
1829,117,5
1830,117,18
1831,117,19
1832,117,20
1833,117,21
1834,117,22
1835,117,23
1836,118,0
1837,118,1
1838,118,2
1839,118,3
1840,118,4
1841,118,5
1842,118,18
1843,118,19
1844,118,20
1845,118,21
1846,118,22
1847,118,23
1848,119,0
1849,119,1
1850,119,2
1851,119,3
1852,119,4
1853,119,5
1854,119,18
1855,119,19
1856,119,20
1857,119,21
1858,119,22
1859,119,23
1860,120,0
1861,120,1
1862,120,2
1863,120,3
1864,120,4
1865,120,5
1866,120,18
1867,120,19
1868,120,20
1869,120,21
1870,120,22
1871,120,23
1872,121,0
1873,121,1
1874,121,2
1875,121,3
1876,121,4
1877,121,5
1878,121,18
1879,121,19
1880,121,20
1881,121,21
1882,121,22
1883,121,23
1884,122,0
1885,122,1
1886,122,2
1887,122,3
1888,122,4
1889,122,5
1890,122,18
1891,122,19
1892,122,20
1893,122,21
1894,122,22
1895,122,23
1896,123,0
1897,123,1
1898,123,2
1899,123,3
1900,123,4
1901,123,5
1902,123,18
1903,123,19
1904,123,20
1905,123,21
1906,123,22
1907,123,23
1908,124,0
1909,124,1
1910,124,2
1911,124,3
1912,124,4
1913,124,5
1914,124,18
1915,124,19
1916,124,20
1917,124,21
1918,124,22
1919,124,23
1920,125,0
1921,125,1
1922,125,2
1923,125,3
1924,125,4
1925,125,5
1926,125,18
1927,125,19
1928,125,20
1929,125,21
1930,125,22
1931,125,23
1932,126,0
1933,126,1
1934,126,2
1935,126,3
1936,126,4
1937,126,5
1938,126,18
1939,126,19
1940,126,20
1941,126,21
1942,126,22
1943,126,23
1944,127,0
1945,127,1
1946,127,2
1947,127,3
1948,127,4
1949,127,5
1950,127,19
1951,127,20
1952,127,21
1953,127,22
1954,127,23
1955,128,0
1956,128,1
1957,128,2
1958,128,3
1959,128,4
1960,128,5
1961,128,19
1962,128,20
1963,128,21
1964,128,22
1965,128,23
1966,129,0
1967,129,1
1968,129,2
1969,129,3
1970,129,4
1971,129,5
1972,129,19
1973,129,20
1974,129,21
1975,129,22
1976,129,23
1977,130,0
1978,130,1
1979,130,2
1980,130,3
1981,130,4
1982,130,5
1983,130,19
1984,130,20
1985,130,21
1986,130,22
1987,130,23
1988,131,0
1989,131,1
1990,131,2
1991,131,3
1992,131,4
1993,131,5
1994,131,19
1995,131,20
1996,131,21
1997,131,22
1998,131,23
1999,132,0
2000,132,1
2001,132,2
2002,132,3
2003,132,4
2004,132,5
2005,132,19
2006,132,20
2007,132,21
2008,132,22
2009,132,23
2010,133,0
2011,133,1
2012,133,2
2013,133,3
2014,133,4
2015,133,5
2016,133,19
2017,133,20
2018,133,21
2019,133,22
2020,133,23
2021,134,0
2022,134,1
2023,134,2
2024,134,3
2025,134,4
2026,134,5
2027,134,19
2028,134,20
2029,134,21
2030,134,22
2031,134,23
2032,135,0
2033,135,1
2034,135,2
2035,135,3
2036,135,4
2037,135,5
2038,135,19
2039,135,20
2040,135,21
2041,135,22
2042,135,23
2043,136,0
2044,136,1
2045,136,2
2046,136,3
2047,136,4
2048,136,5
2049,136,19
2050,136,20
2051,136,21
2052,136,22
2053,136,23
2054,137,0
2055,137,1
2056,137,2
2057,137,3
2058,137,4
2059,137,5
2060,137,19
2061,137,20
2062,137,21
2063,137,22
2064,137,23
2065,138,0
2066,138,1
2067,138,2
2068,138,3
2069,138,4
2070,138,5
2071,138,19
2072,138,20
2073,138,21
2074,138,22
2075,138,23
2076,139,0
2077,139,1
2078,139,2
2079,139,3
2080,139,4
2081,139,5
2082,139,19
2083,139,20
2084,139,21
2085,139,22
2086,139,23
2087,140,0
2088,140,1
2089,140,2
2090,140,3
2091,140,4
2092,140,5
2093,140,19
2094,140,20
2095,140,21
2096,140,22
2097,140,23
2098,141,0
2099,141,1
2100,141,2
2101,141,3
2102,141,4
2103,141,5
2104,141,19
2105,141,20
2106,141,21
2107,141,22
2108,141,23
2109,142,0
2110,142,1
2111,142,2
2112,142,3
2113,142,4
2114,142,5
2115,142,19
2116,142,20
2117,142,21
2118,142,22
2119,142,23
2120,143,0
2121,143,1
2122,143,2
2123,143,3
2124,143,4
2125,143,5
2126,143,19
2127,143,20
2128,143,21
2129,143,22
2130,143,23
2131,144,0
2132,144,1
2133,144,2
2134,144,3
2135,144,4
2136,144,5
2137,144,19
2138,144,20
2139,144,21
2140,144,22
2141,144,23
2142,145,0
2143,145,1
2144,145,2
2145,145,3
2146,145,4
2147,145,19
2148,145,20
2149,145,21
2150,145,22
2151,145,23
2152,146,0
2153,146,1
2154,146,2
2155,146,3
2156,146,4
2157,146,19
2158,146,20
2159,146,21
2160,146,22
2161,146,23
2162,147,0
2163,147,1
2164,147,2
2165,147,3
2166,147,4
2167,147,5
2168,147,19
2169,147,20
2170,147,21
2171,147,22
2172,147,23
2173,148,0
2174,148,1
2175,148,2
2176,148,3
2177,148,4
2178,148,19
2179,148,20
2180,148,21
2181,148,22
2182,148,23
2183,149,0
2184,149,1
2185,149,2
2186,149,3
2187,149,4
2188,149,19
2189,149,20
2190,149,21
2191,149,22
2192,149,23
2193,150,0
2194,150,1
2195,150,2
2196,150,3
2197,150,4
2198,150,19
2199,150,20
2200,150,21
2201,150,22
2202,150,23
2203,151,0
2204,151,1
2205,151,2
2206,151,3
2207,151,4
2208,151,19
2209,151,20
2210,151,21
2211,151,22
2212,151,23
2213,152,0
2214,152,1
2215,152,2
2216,152,3
2217,152,4
2218,152,19
2219,152,20
2220,152,21
2221,152,22
2222,152,23
2223,153,0
2224,153,1
2225,153,2
2226,153,3
2227,153,4
2228,153,19
2229,153,20
2230,153,21
2231,153,22
2232,153,23
2233,154,0
2234,154,1
2235,154,2
2236,154,3
2237,154,4
2238,154,19
2239,154,20
2240,154,21
2241,154,22
2242,154,23
2243,155,0
2244,155,1
2245,155,2
2246,155,3
2247,155,4
2248,155,19
2249,155,20
2250,155,21
2251,155,22
2252,155,23
2253,156,0
2254,156,1
2255,156,2
2256,156,3
2257,156,4
2258,156,19
2259,156,20
2260,156,21
2261,156,22
2262,156,23
2263,157,0
2264,157,1
2265,157,2
2266,157,3
2267,157,4
2268,157,19
2269,157,20
2270,157,21
2271,157,22
2272,157,23
2273,158,0
2274,158,1
2275,158,2
2276,158,3
2277,158,4
2278,158,19
2279,158,20
2280,158,21
2281,158,22
2282,158,23
2283,159,0
2284,159,1
2285,159,2
2286,159,3
2287,159,4
2288,159,19
2289,159,20
2290,159,21
2291,159,22
2292,159,23
2293,160,0
2294,160,1
2295,160,2
2296,160,3
2297,160,4
2298,160,19
2299,160,20
2300,160,21
2301,160,22
2302,160,23
2303,161,0
2304,161,1
2305,161,2
2306,161,3
2307,161,4
2308,161,19
2309,161,20
2310,161,21
2311,161,22
2312,161,23
2313,162,0
2314,162,1
2315,162,2
2316,162,3
2317,162,4
2318,162,19
2319,162,20
2320,162,21
2321,162,22
2322,162,23
2323,163,0
2324,163,1
2325,163,2
2326,163,3
2327,163,4
2328,163,19
2329,163,20
2330,163,21
2331,163,22
2332,163,23
2333,164,0
2334,164,1
2335,164,2
2336,164,3
2337,164,4
2338,164,19
2339,164,20
2340,164,21
2341,164,22
2342,164,23
2343,165,0
2344,165,1
2345,165,2
2346,165,3
2347,165,4
2348,165,19
2349,165,20
2350,165,21
2351,165,22
2352,165,23
2353,166,0
2354,166,1
2355,166,2
2356,166,3
2357,166,4
2358,166,19
2359,166,20
2360,166,21
2361,166,22
2362,166,23
2363,167,0
2364,167,1
2365,167,2
2366,167,3
2367,167,4
2368,167,19
2369,167,20
2370,167,21
2371,167,22
2372,167,23
2373,168,0
2374,168,1
2375,168,2
2376,168,3
2377,168,4
2378,168,19
2379,168,20
2380,168,21
2381,168,22
2382,168,23
2383,169,0
2384,169,1
2385,169,2
2386,169,3
2387,169,4
2388,169,19
2389,169,20
2390,169,21
2391,169,22
2392,169,23
2393,170,0
2394,170,1
2395,170,2
2396,170,3
2397,170,4
2398,170,19
2399,170,20
2400,170,21
2401,170,22
2402,170,23
2403,171,0
2404,171,1
2405,171,2
2406,171,3
2407,171,4
2408,171,19
2409,171,20
2410,171,21
2411,171,22
2412,171,23
2413,172,0
2414,172,1
2415,172,2
2416,172,3
2417,172,4
2418,172,19
2419,172,20
2420,172,21
2421,172,22
2422,172,23
2423,173,0
2424,173,1
2425,173,2
2426,173,3
2427,173,4
2428,173,19
2429,173,20
2430,173,21
2431,173,22
2432,173,23
2433,174,0
2434,174,1
2435,174,2
2436,174,3
2437,174,4
2438,174,19
2439,174,20
2440,174,21
2441,174,22
2442,174,23
2443,175,0
2444,175,1
2445,175,2
2446,175,3
2447,175,4
2448,175,19
2449,175,20
2450,175,21
2451,175,22
2452,175,23
2453,176,0
2454,176,1
2455,176,2
2456,176,3
2457,176,4
2458,176,19
2459,176,20
2460,176,21
2461,176,22
2462,176,23
2463,177,0
2464,177,1
2465,177,2
2466,177,3
2467,177,4
2468,177,19
2469,177,20
2470,177,21
2471,177,22
2472,177,23
2473,178,0
2474,178,1
2475,178,2
2476,178,3
2477,178,4
2478,178,19
2479,178,20
2480,178,21
2481,178,22
2482,178,23
2483,179,0
2484,179,1
2485,179,2
2486,179,3
2487,179,4
2488,179,19
2489,179,20
2490,179,21
2491,179,22
2492,179,23
2493,180,0
2494,180,1
2495,180,2
2496,180,3
2497,180,4
2498,180,19
2499,180,20
2500,180,21
2501,180,22
2502,180,23
2503,181,0
2504,181,1
2505,181,2
2506,181,3
2507,181,4
2508,181,19
2509,181,20
2510,181,21
2511,181,22
2512,181,23
2513,182,0
2514,182,1
2515,182,2
2516,182,3
2517,182,4
2518,182,19
2519,182,20
2520,182,21
2521,182,22
2522,182,23
2523,183,0
2524,183,1
2525,183,2
2526,183,3
2527,183,4
2528,183,19
2529,183,20
2530,183,21
2531,183,22
2532,183,23
2533,184,0
2534,184,1
2535,184,2
2536,184,3
2537,184,4
2538,184,19
2539,184,20
2540,184,21
2541,184,22
2542,184,23
2543,185,0
2544,185,1
2545,185,2
2546,185,3
2547,185,4
2548,185,19
2549,185,20
2550,185,21
2551,185,22
2552,185,23
2553,186,0
2554,186,1
2555,186,2
2556,186,3
2557,186,4
2558,186,19
2559,186,20
2560,186,21
2561,186,22
2562,186,23
2563,187,0
2564,187,1
2565,187,2
2566,187,3
2567,187,4
2568,187,19
2569,187,20
2570,187,21
2571,187,22
2572,187,23
2573,188,0
2574,188,1
2575,188,2
2576,188,3
2577,188,4
2578,188,19
2579,188,20
2580,188,21
2581,188,22
2582,188,23
2583,189,0
2584,189,1
2585,189,2
2586,189,3
2587,189,4
2588,189,19
2589,189,20
2590,189,21
2591,189,22
2592,189,23
2593,190,0
2594,190,1
2595,190,2
2596,190,3
2597,190,4
2598,190,19
2599,190,20
2600,190,21
2601,190,22
2602,190,23
2603,191,0
2604,191,1
2605,191,2
2606,191,3
2607,191,4
2608,191,19
2609,191,20
2610,191,21
2611,191,22
2612,191,23
2613,192,0
2614,192,1
2615,192,2
2616,192,3
2617,192,4
2618,192,19
2619,192,20
2620,192,21
2621,192,22
2622,192,23
2623,193,0
2624,193,1
2625,193,2
2626,193,3
2627,193,4
2628,193,19
2629,193,20
2630,193,21
2631,193,22
2632,193,23
2633,194,0
2634,194,1
2635,194,2
2636,194,3
2637,194,4
2638,194,19
2639,194,20
2640,194,21
2641,194,22
2642,194,23
2643,195,0
2644,195,1
2645,195,2
2646,195,3
2647,195,4
2648,195,19
2649,195,20
2650,195,21
2651,195,22
2652,195,23
2653,196,0
2654,196,1
2655,196,2
2656,196,3
2657,196,4
2658,196,19
2659,196,20
2660,196,21
2661,196,22
2662,196,23
2663,197,0
2664,197,1
2665,197,2
2666,197,3
2667,197,4
2668,197,19
2669,197,20
2670,197,21
2671,197,22
2672,197,23
2673,198,0
2674,198,1
2675,198,2
2676,198,3
2677,198,4
2678,198,19
2679,198,20
2680,198,21
2681,198,22
2682,198,23
2683,199,0
2684,199,1
2685,199,2
2686,199,3
2687,199,4
2688,199,19
2689,199,20
2690,199,21
2691,199,22
2692,199,23
2693,200,0
2694,200,1
2695,200,2
2696,200,3
2697,200,4
2698,200,19
2699,200,20
2700,200,21
2701,200,22
2702,200,23
2703,201,0
2704,201,1
2705,201,2
2706,201,3
2707,201,4
2708,201,19
2709,201,20
2710,201,21
2711,201,22
2712,201,23
2713,202,0
2714,202,1
2715,202,2
2716,202,3
2717,202,4
2718,202,5
2719,202,19
2720,202,20
2721,202,21
2722,202,22
2723,202,23
2724,203,0
2725,203,1
2726,203,2
2727,203,3
2728,203,4
2729,203,19
2730,203,20
2731,203,21
2732,203,22
2733,203,23
2734,204,0
2735,204,1
2736,204,2
2737,204,3
2738,204,4
2739,204,5
2740,204,19
2741,204,20
2742,204,21
2743,204,22
2744,204,23
2745,205,0
2746,205,1
2747,205,2
2748,205,3
2749,205,4
2750,205,5
2751,205,19
2752,205,20
2753,205,21
2754,205,22
2755,205,23
2756,206,0
2757,206,1
2758,206,2
2759,206,3
2760,206,4
2761,206,5
2762,206,19
2763,206,20
2764,206,21
2765,206,22
2766,206,23
2767,207,0
2768,207,1
2769,207,2
2770,207,3
2771,207,4
2772,207,5
2773,207,19
2774,207,20
2775,207,21
2776,207,22
2777,207,23
2778,208,0
2779,208,1
2780,208,2
2781,208,3
2782,208,4
2783,208,5
2784,208,19
2785,208,20
2786,208,21
2787,208,22
2788,208,23
2789,209,0
2790,209,1
2791,209,2
2792,209,3
2793,209,4
2794,209,5
2795,209,19
2796,209,20
2797,209,21
2798,209,22
2799,209,23
2800,210,0
2801,210,1
2802,210,2
2803,210,3
2804,210,4
2805,210,5
2806,210,19
2807,210,20
2808,210,21
2809,210,22
2810,210,23
2811,211,0
2812,211,1
2813,211,2
2814,211,3
2815,211,4
2816,211,5
2817,211,19
2818,211,20
2819,211,21
2820,211,22
2821,211,23
2822,212,0
2823,212,1
2824,212,2
2825,212,3
2826,212,4
2827,212,5
2828,212,19
2829,212,20
2830,212,21
2831,212,22
2832,212,23
2833,213,0
2834,213,1
2835,213,2
2836,213,3
2837,213,4
2838,213,5
2839,213,19
2840,213,20
2841,213,21
2842,213,22
2843,213,23
2844,214,0
2845,214,1
2846,214,2
2847,214,3
2848,214,4
2849,214,5
2850,214,19
2851,214,20
2852,214,21
2853,214,22
2854,214,23
2855,215,0
2856,215,1
2857,215,2
2858,215,3
2859,215,4
2860,215,5
2861,215,19
2862,215,20
2863,215,21
2864,215,22
2865,215,23
2866,216,0
2867,216,1
2868,216,2
2869,216,3
2870,216,4
2871,216,5
2872,216,19
2873,216,20
2874,216,21
2875,216,22
2876,216,23
2877,217,0
2878,217,1
2879,217,2
2880,217,3
2881,217,4
2882,217,5
2883,217,19
2884,217,20
2885,217,21
2886,217,22
2887,217,23
2888,218,0
2889,218,1
2890,218,2
2891,218,3
2892,218,4
2893,218,5
2894,218,18
2895,218,19
2896,218,20
2897,218,21
2898,218,22
2899,218,23
2900,219,0
2901,219,1
2902,219,2
2903,219,3
2904,219,4
2905,219,5
2906,219,18
2907,219,19
2908,219,20
2909,219,21
2910,219,22
2911,219,23
2912,220,0
2913,220,1
2914,220,2
2915,220,3
2916,220,4
2917,220,5
2918,220,18
2919,220,19
2920,220,20
2921,220,21
2922,220,22
2923,220,23
2924,221,0
2925,221,1
2926,221,2
2927,221,3
2928,221,4
2929,221,5
2930,221,18
2931,221,19
2932,221,20
2933,221,21
2934,221,22
2935,221,23
2936,222,0
2937,222,1
2938,222,2
2939,222,3
2940,222,4
2941,222,5
2942,222,18
2943,222,19
2944,222,20
2945,222,21
2946,222,22
2947,222,23
2948,223,0
2949,223,1
2950,223,2
2951,223,3
2952,223,4
2953,223,5
2954,223,18
2955,223,19
2956,223,20
2957,223,21
2958,223,22
2959,223,23
2960,224,0
2961,224,1
2962,224,2
2963,224,3
2964,224,4
2965,224,5
2966,224,18
2967,224,19
2968,224,20
2969,224,21
2970,224,22
2971,224,23
2972,225,0
2973,225,1
2974,225,2
2975,225,3
2976,225,4
2977,225,5
2978,225,18
2979,225,19
2980,225,20
2981,225,21
2982,225,22
2983,225,23
2984,226,0
2985,226,1
2986,226,2
2987,226,3
2988,226,4
2989,226,5
2990,226,18
2991,226,19
2992,226,20
2993,226,21
2994,226,22
2995,226,23
2996,227,0
2997,227,1
2998,227,2
2999,227,3
3000,227,4
3001,227,5
3002,227,18
3003,227,19
3004,227,20
3005,227,21
3006,227,22
3007,227,23
3008,228,0
3009,228,1
3010,228,2
3011,228,3
3012,228,4
3013,228,5
3014,228,18
3015,228,19
3016,228,20
3017,228,21
3018,228,22
3019,228,23
3020,229,0
3021,229,1
3022,229,2
3023,229,3
3024,229,4
3025,229,5
3026,229,18
3027,229,19
3028,229,20
3029,229,21
3030,229,22
3031,229,23
3032,230,0
3033,230,1
3034,230,2
3035,230,3
3036,230,4
3037,230,5
3038,230,18
3039,230,19
3040,230,20
3041,230,21
3042,230,22
3043,230,23
3044,231,0
3045,231,1
3046,231,2
3047,231,3
3048,231,4
3049,231,5
3050,231,18
3051,231,19
3052,231,20
3053,231,21
3054,231,22
3055,231,23
3056,232,0
3057,232,1
3058,232,2
3059,232,3
3060,232,4
3061,232,5
3062,232,18
3063,232,19
3064,232,20
3065,232,21
3066,232,22
3067,232,23
3068,233,0
3069,233,1
3070,233,2
3071,233,3
3072,233,4
3073,233,5
3074,233,18
3075,233,19
3076,233,20
3077,233,21
3078,233,22
3079,233,23
3080,234,0
3081,234,1
3082,234,2
3083,234,3
3084,234,4
3085,234,5
3086,234,18
3087,234,19
3088,234,20
3089,234,21
3090,234,22
3091,234,23
3092,235,0
3093,235,1
3094,235,2
3095,235,3
3096,235,4
3097,235,5
3098,235,18
3099,235,19
3100,235,20
3101,235,21
3102,235,22
3103,235,23
3104,236,0
3105,236,1
3106,236,2
3107,236,3
3108,236,4
3109,236,5
3110,236,18
3111,236,19
3112,236,20
3113,236,21
3114,236,22
3115,236,23
3116,237,0
3117,237,1
3118,237,2
3119,237,3
3120,237,4
3121,237,5
3122,237,18
3123,237,19
3124,237,20
3125,237,21
3126,237,22
3127,237,23
3128,238,0
3129,238,1
3130,238,2
3131,238,3
3132,238,4
3133,238,5
3134,238,18
3135,238,19
3136,238,20
3137,238,21
3138,238,22
3139,238,23
3140,239,0
3141,239,1
3142,239,2
3143,239,3
3144,239,4
3145,239,5
3146,239,18
3147,239,19
3148,239,20
3149,239,21
3150,239,22
3151,239,23
3152,240,0
3153,240,1
3154,240,2
3155,240,3
3156,240,4
3157,240,5
3158,240,18
3159,240,19
3160,240,20
3161,240,21
3162,240,22
3163,240,23
3164,241,0
3165,241,1
3166,241,2
3167,241,3
3168,241,4
3169,241,5
3170,241,18
3171,241,19
3172,241,20
3173,241,21
3174,241,22
3175,241,23
3176,242,0
3177,242,1
3178,242,2
3179,242,3
3180,242,4
3181,242,5
3182,242,18
3183,242,19
3184,242,20
3185,242,21
3186,242,22
3187,242,23
3188,243,0
3189,243,1
3190,243,2
3191,243,3
3192,243,4
3193,243,5
3194,243,18
3195,243,19
3196,243,20
3197,243,21
3198,243,22
3199,243,23
3200,244,0
3201,244,1
3202,244,2
3203,244,3
3204,244,4
3205,244,5
3206,244,18
3207,244,19
3208,244,20
3209,244,21
3210,244,22
3211,244,23
3212,245,0
3213,245,1
3214,245,2
3215,245,3
3216,245,4
3217,245,5
3218,245,18
3219,245,19
3220,245,20
3221,245,21
3222,245,22
3223,245,23
3224,246,0
3225,246,1
3226,246,2
3227,246,3
3228,246,4
3229,246,5
3230,246,18
3231,246,19
3232,246,20
3233,246,21
3234,246,22
3235,246,23
3236,247,0
3237,247,1
3238,247,2
3239,247,3
3240,247,4
3241,247,5
3242,247,18
3243,247,19
3244,247,20
3245,247,21
3246,247,22
3247,247,23
3248,248,0
3249,248,1
3250,248,2
3251,248,3
3252,248,4
3253,248,5
3254,248,6
3255,248,18
3256,248,19
3257,248,20
3258,248,21
3259,248,22
3260,248,23
3261,249,0
3262,249,1
3263,249,2
3264,249,3
3265,249,4
3266,249,5
3267,249,6
3268,249,18
3269,249,19
3270,249,20
3271,249,21
3272,249,22
3273,249,23
3274,250,0
3275,250,1
3276,250,2
3277,250,3
3278,250,4
3279,250,5
3280,250,6
3281,250,18
3282,250,19
3283,250,20
3284,250,21
3285,250,22
3286,250,23
3287,251,0
3288,251,1
3289,251,2
3290,251,3
3291,251,4
3292,251,5
3293,251,6
3294,251,18
3295,251,19
3296,251,20
3297,251,21
3298,251,22
3299,251,23
3300,252,0
3301,252,1
3302,252,2
3303,252,3
3304,252,4
3305,252,5
3306,252,6
3307,252,18
3308,252,19
3309,252,20
3310,252,21
3311,252,22
3312,252,23
3313,253,0
3314,253,1
3315,253,2
3316,253,3
3317,253,4
3318,253,5
3319,253,6
3320,253,18
3321,253,19
3322,253,20
3323,253,21
3324,253,22
3325,253,23
3326,254,0
3327,254,1
3328,254,2
3329,254,3
3330,254,4
3331,254,5
3332,254,6
3333,254,17
3334,254,18
3335,254,19
3336,254,20
3337,254,21
3338,254,22
3339,254,23
3340,255,0
3341,255,1
3342,255,2
3343,255,3
3344,255,4
3345,255,5
3346,255,6
3347,255,18
3348,255,19
3349,255,20
3350,255,21
3351,255,22
3352,255,23
3353,256,0
3354,256,1
3355,256,2
3356,256,3
3357,256,4
3358,256,5
3359,256,6
3360,256,17
3361,256,18
3362,256,19
3363,256,20
3364,256,21
3365,256,22
3366,256,23
3367,257,0
3368,257,1
3369,257,2
3370,257,3
3371,257,4
3372,257,5
3373,257,6
3374,257,18
3375,257,19
3376,257,20
3377,257,21
3378,257,22
3379,257,23
3380,258,0
3381,258,1
3382,258,2
3383,258,3
3384,258,4
3385,258,5
3386,258,6
3387,258,17
3388,258,18
3389,258,19
3390,258,20
3391,258,21
3392,258,22
3393,258,23
3394,259,0
3395,259,1
3396,259,2
3397,259,3
3398,259,4
3399,259,5
3400,259,6
3401,259,17
3402,259,18
3403,259,19
3404,259,20
3405,259,21
3406,259,22
3407,259,23
3408,260,0
3409,260,1
3410,260,2
3411,260,3
3412,260,4
3413,260,5
3414,260,6
3415,260,17
3416,260,18
3417,260,19
3418,260,20
3419,260,21
3420,260,22
3421,260,23
3422,261,0
3423,261,1
3424,261,2
3425,261,3
3426,261,4
3427,261,5
3428,261,6
3429,261,17
3430,261,18
3431,261,19
3432,261,20
3433,261,21
3434,261,22
3435,261,23
3436,262,0
3437,262,1
3438,262,2
3439,262,3
3440,262,4
3441,262,5
3442,262,6
3443,262,17
3444,262,18
3445,262,19
3446,262,20
3447,262,21
3448,262,22
3449,262,23
3450,263,0
3451,263,1
3452,263,2
3453,263,3
3454,263,4
3455,263,5
3456,263,6
3457,263,17
3458,263,18
3459,263,19
3460,263,20
3461,263,21
3462,263,22
3463,263,23
3464,264,0
3465,264,1
3466,264,2
3467,264,3
3468,264,4
3469,264,5
3470,264,6
3471,264,17
3472,264,18
3473,264,19
3474,264,20
3475,264,21
3476,264,22
3477,264,23
3478,265,0
3479,265,1
3480,265,2
3481,265,3
3482,265,4
3483,265,5
3484,265,6
3485,265,17
3486,265,18
3487,265,19
3488,265,20
3489,265,21
3490,265,22
3491,265,23
3492,266,0
3493,266,1
3494,266,2
3495,266,3
3496,266,4
3497,266,5
3498,266,6
3499,266,17
3500,266,18
3501,266,19
3502,266,20
3503,266,21
3504,266,22
3505,266,23
3506,267,0
3507,267,1
3508,267,2
3509,267,3
3510,267,4
3511,267,5
3512,267,6
3513,267,17
3514,267,18
3515,267,19
3516,267,20
3517,267,21
3518,267,22
3519,267,23
3520,268,0
3521,268,1
3522,268,2
3523,268,3
3524,268,4
3525,268,5
3526,268,6
3527,268,17
3528,268,18
3529,268,19
3530,268,20
3531,268,21
3532,268,22
3533,268,23
3534,269,0
3535,269,1
3536,269,2
3537,269,3
3538,269,4
3539,269,5
3540,269,6
3541,269,17
3542,269,18
3543,269,19
3544,269,20
3545,269,21
3546,269,22
3547,269,23
3548,270,0
3549,270,1
3550,270,2
3551,270,3
3552,270,4
3553,270,5
3554,270,6
3555,270,17
3556,270,18
3557,270,19
3558,270,20
3559,270,21
3560,270,22
3561,270,23
3562,271,0
3563,271,1
3564,271,2
3565,271,3
3566,271,4
3567,271,5
3568,271,6
3569,271,17
3570,271,18
3571,271,19
3572,271,20
3573,271,21
3574,271,22
3575,271,23
3576,272,0
3577,272,1
3578,272,2
3579,272,3
3580,272,4
3581,272,5
3582,272,6
3583,272,17
3584,272,18
3585,272,19
3586,272,20
3587,272,21
3588,272,22
3589,272,23
3590,273,0
3591,273,1
3592,273,2
3593,273,3
3594,273,4
3595,273,5
3596,273,6
3597,273,17
3598,273,18
3599,273,19
3600,273,20
3601,273,21
3602,273,22
3603,273,23
3604,274,0
3605,274,1
3606,274,2
3607,274,3
3608,274,4
3609,274,5
3610,274,6
3611,274,17
3612,274,18
3613,274,19
3614,274,20
3615,274,21
3616,274,22
3617,274,23
3618,275,0
3619,275,1
3620,275,2
3621,275,3
3622,275,4
3623,275,5
3624,275,6
3625,275,17
3626,275,18
3627,275,19
3628,275,20
3629,275,21
3630,275,22
3631,275,23
3632,276,0
3633,276,1
3634,276,2
3635,276,3
3636,276,4
3637,276,5
3638,276,6
3639,276,7
3640,276,17
3641,276,18
3642,276,19
3643,276,20
3644,276,21
3645,276,22
3646,276,23
3647,277,0
3648,277,1
3649,277,2
3650,277,3
3651,277,4
3652,277,5
3653,277,6
3654,277,17
3655,277,18
3656,277,19
3657,277,20
3658,277,21
3659,277,22
3660,277,23
3661,278,0
3662,278,1
3663,278,2
3664,278,3
3665,278,4
3666,278,5
3667,278,6
3668,278,7
3669,278,17
3670,278,18
3671,278,19
3672,278,20
3673,278,21
3674,278,22
3675,278,23
3676,279,0
3677,279,1
3678,279,2
3679,279,3
3680,279,4
3681,279,5
3682,279,6
3683,279,7
3684,279,17
3685,279,18
3686,279,19
3687,279,20
3688,279,21
3689,279,22
3690,279,23
3691,280,0
3692,280,1
3693,280,2
3694,280,3
3695,280,4
3696,280,5
3697,280,6
3698,280,7
3699,280,17
3700,280,18
3701,280,19
3702,280,20
3703,280,21
3704,280,22
3705,280,23
3706,281,0
3707,281,1
3708,281,2
3709,281,3
3710,281,4
3711,281,5
3712,281,6
3713,281,7
3714,281,17
3715,281,18
3716,281,19
3717,281,20
3718,281,21
3719,281,22
3720,281,23
3721,282,0
3722,282,1
3723,282,2
3724,282,3
3725,282,4
3726,282,5
3727,282,6
3728,282,7
3729,282,17
3730,282,18
3731,282,19
3732,282,20
3733,282,21
3734,282,22
3735,282,23
3736,283,0
3737,283,1
3738,283,2
3739,283,3
3740,283,4
3741,283,5
3742,283,6
3743,283,7
3744,283,17
3745,283,18
3746,283,19
3747,283,20
3748,283,21
3749,283,22
3750,283,23
3751,284,0
3752,284,1
3753,284,2
3754,284,3
3755,284,4
3756,284,5
3757,284,6
3758,284,7
3759,284,17
3760,284,18
3761,284,19
3762,284,20
3763,284,21
3764,284,22
3765,284,23
3766,285,0
3767,285,1
3768,285,2
3769,285,3
3770,285,4
3771,285,5
3772,285,6
3773,285,7
3774,285,17
3775,285,18
3776,285,19
3777,285,20
3778,285,21
3779,285,22
3780,285,23
3781,286,0
3782,286,1
3783,286,2
3784,286,3
3785,286,4
3786,286,5
3787,286,6
3788,286,7
3789,286,17
3790,286,18
3791,286,19
3792,286,20
3793,286,21
3794,286,22
3795,286,23
3796,287,0
3797,287,1
3798,287,2
3799,287,3
3800,287,4
3801,287,5
3802,287,6
3803,287,7
3804,287,17
3805,287,18
3806,287,19
3807,287,20
3808,287,21
3809,287,22
3810,287,23
3811,288,0
3812,288,1
3813,288,2
3814,288,3
3815,288,4
3816,288,5
3817,288,6
3818,288,7
3819,288,16
3820,288,17
3821,288,18
3822,288,19
3823,288,20
3824,288,21
3825,288,22
3826,288,23
3827,289,0
3828,289,1
3829,289,2
3830,289,3
3831,289,4
3832,289,5
3833,289,6
3834,289,7
3835,289,16
3836,289,17
3837,289,18
3838,289,19
3839,289,20
3840,289,21
3841,289,22
3842,289,23
3843,290,0
3844,290,1
3845,290,2
3846,290,3
3847,290,4
3848,290,5
3849,290,6
3850,290,7
3851,290,17
3852,290,18
3853,290,19
3854,290,20
3855,290,21
3856,290,22
3857,290,23
3858,291,0
3859,291,1
3860,291,2
3861,291,3
3862,291,4
3863,291,5
3864,291,6
3865,291,7
3866,291,16
3867,291,17
3868,291,18
3869,291,19
3870,291,20
3871,291,21
3872,291,22
3873,291,23
3874,292,0
3875,292,1
3876,292,2
3877,292,3
3878,292,4
3879,292,5
3880,292,6
3881,292,7
3882,292,16
3883,292,17
3884,292,18
3885,292,19
3886,292,20
3887,292,21
3888,292,22
3889,292,23
3890,293,0
3891,293,1
3892,293,2
3893,293,3
3894,293,4
3895,293,5
3896,293,6
3897,293,7
3898,293,16
3899,293,17
3900,293,18
3901,293,19
3902,293,20
3903,293,21
3904,293,22
3905,293,23
3906,294,0
3907,294,1
3908,294,2
3909,294,3
3910,294,4
3911,294,5
3912,294,6
3913,294,7
3914,294,16
3915,294,17
3916,294,18
3917,294,19
3918,294,20
3919,294,21
3920,294,22
3921,294,23
3922,295,0
3923,295,1
3924,295,2
3925,295,3
3926,295,4
3927,295,5
3928,295,6
3929,295,7
3930,295,16
3931,295,17
3932,295,18
3933,295,19
3934,295,20
3935,295,21
3936,295,22
3937,295,23
3938,296,0
3939,296,1
3940,296,2
3941,296,3
3942,296,4
3943,296,5
3944,296,6
3945,296,7
3946,296,16
3947,296,17
3948,296,18
3949,296,19
3950,296,20
3951,296,21
3952,296,22
3953,296,23
3954,297,0
3955,297,1
3956,297,2
3957,297,3
3958,297,4
3959,297,5
3960,297,6
3961,297,7
3962,297,16
3963,297,17
3964,297,18
3965,297,19
3966,297,20
3967,297,21
3968,297,22
3969,297,23
3970,298,0
3971,298,1
3972,298,2
3973,298,3
3974,298,4
3975,298,5
3976,298,6
3977,298,7
3978,298,16
3979,298,17
3980,298,18
3981,298,19
3982,298,20
3983,298,21
3984,298,22
3985,298,23
3986,299,0
3987,299,1
3988,299,2
3989,299,3
3990,299,4
3991,299,5
3992,299,6
3993,299,7
3994,299,8
3995,299,16
3996,299,17
3997,299,18
3998,299,19
3999,299,20
4000,299,21
4001,299,22
4002,299,23
4003,300,0
4004,300,1
4005,300,2
4006,300,3
4007,300,4
4008,300,5
4009,300,6
4010,300,7
4011,300,8
4012,300,16
4013,300,17
4014,300,18
4015,300,19
4016,300,20
4017,300,21
4018,300,22
4019,300,23
4020,301,0
4021,301,1
4022,301,2
4023,301,3
4024,301,4
4025,301,5
4026,301,6
4027,301,7
4028,301,16
4029,301,17
4030,301,18
4031,301,19
4032,301,20
4033,301,21
4034,301,22
4035,301,23
4036,302,0
4037,302,1
4038,302,2
4039,302,3
4040,302,4
4041,302,5
4042,302,6
4043,302,7
4044,302,8
4045,302,16
4046,302,17
4047,302,18
4048,302,19
4049,302,20
4050,302,21
4051,302,22
4052,302,23
4053,303,0
4054,303,1
4055,303,2
4056,303,3
4057,303,4
4058,303,5
4059,303,6
4060,303,7
4061,303,8
4062,303,16
4063,303,17
4064,303,18
4065,303,19
4066,303,20
4067,303,21
4068,303,22
4069,303,23
4070,304,0
4071,304,1
4072,304,2
4073,304,3
4074,304,4
4075,304,5
4076,304,6
4077,304,7
4078,304,8
4079,304,16
4080,304,17
4081,304,18
4082,304,19
4083,304,20
4084,304,21
4085,304,22
4086,304,23
4087,305,0
4088,305,1
4089,305,2
4090,305,3
4091,305,4
4092,305,5
4093,305,6
4094,305,7
4095,305,8
4096,305,16
4097,305,17
4098,305,18
4099,305,19
4100,305,20
4101,305,21
4102,305,22
4103,305,23
4104,306,0
4105,306,1
4106,306,2
4107,306,3
4108,306,4
4109,306,5
4110,306,6
4111,306,7
4112,306,8
4113,306,16
4114,306,17
4115,306,18
4116,306,19
4117,306,20
4118,306,21
4119,306,22
4120,306,23
4121,307,0
4122,307,1
4123,307,2
4124,307,3
4125,307,4
4126,307,5
4127,307,6
4128,307,7
4129,307,8
4130,307,16
4131,307,17
4132,307,18
4133,307,19
4134,307,20
4135,307,21
4136,307,22
4137,307,23
4138,308,0
4139,308,1
4140,308,2
4141,308,3
4142,308,4
4143,308,5
4144,308,6
4145,308,7
4146,308,8
4147,308,16
4148,308,17
4149,308,18
4150,308,19
4151,308,20
4152,308,21
4153,308,22
4154,308,23
4155,309,0
4156,309,1
4157,309,2
4158,309,3
4159,309,4
4160,309,5
4161,309,6
4162,309,7
4163,309,8
4164,309,16
4165,309,17
4166,309,18
4167,309,19
4168,309,20
4169,309,21
4170,309,22
4171,309,23
4172,310,0
4173,310,1
4174,310,2
4175,310,3
4176,310,4
4177,310,5
4178,310,6
4179,310,7
4180,310,8
4181,310,16
4182,310,17
4183,310,18
4184,310,19
4185,310,20
4186,310,21
4187,310,22
4188,310,23
4189,311,0
4190,311,1
4191,311,2
4192,311,3
4193,311,4
4194,311,5
4195,311,6
4196,311,7
4197,311,8
4198,311,16
4199,311,17
4200,311,18
4201,311,19
4202,311,20
4203,311,21
4204,311,22
4205,311,23
4206,312,0
4207,312,1
4208,312,2
4209,312,3
4210,312,4
4211,312,5
4212,312,6
4213,312,7
4214,312,8
4215,312,15
4216,312,16
4217,312,17
4218,312,18
4219,312,19
4220,312,20
4221,312,21
4222,312,22
4223,312,23
4224,313,0
4225,313,1
4226,313,2
4227,313,3
4228,313,4
4229,313,5
4230,313,6
4231,313,7
4232,313,8
4233,313,16
4234,313,17
4235,313,18
4236,313,19
4237,313,20
4238,313,21
4239,313,22
4240,313,23
4241,314,0
4242,314,1
4243,314,2
4244,314,3
4245,314,4
4246,314,5
4247,314,6
4248,314,7
4249,314,8
4250,314,15
4251,314,16
4252,314,17
4253,314,18
4254,314,19
4255,314,20
4256,314,21
4257,314,22
4258,314,23
4259,315,0
4260,315,1
4261,315,2
4262,315,3
4263,315,4
4264,315,5
4265,315,6
4266,315,7
4267,315,8
4268,315,15
4269,315,16
4270,315,17
4271,315,18
4272,315,19
4273,315,20
4274,315,21
4275,315,22
4276,315,23
4277,316,0
4278,316,1
4279,316,2
4280,316,3
4281,316,4
4282,316,5
4283,316,6
4284,316,7
4285,316,8
4286,316,15
4287,316,16
4288,316,17
4289,316,18
4290,316,19
4291,316,20
4292,316,21
4293,316,22
4294,316,23
4295,317,0
4296,317,1
4297,317,2
4298,317,3
4299,317,4
4300,317,5
4301,317,6
4302,317,7
4303,317,8
4304,317,15
4305,317,16
4306,317,17
4307,317,18
4308,317,19
4309,317,20
4310,317,21
4311,317,22
4312,317,23
4313,318,0
4314,318,1
4315,318,2
4316,318,3
4317,318,4
4318,318,5
4319,318,6
4320,318,7
4321,318,8
4322,318,15
4323,318,16
4324,318,17
4325,318,18
4326,318,19
4327,318,20
4328,318,21
4329,318,22
4330,318,23
4331,319,0
4332,319,1
4333,319,2
4334,319,3
4335,319,4
4336,319,5
4337,319,6
4338,319,7
4339,319,8
4340,319,15
4341,319,16
4342,319,17
4343,319,18
4344,319,19
4345,319,20
4346,319,21
4347,319,22
4348,319,23
4349,320,0
4350,320,1
4351,320,2
4352,320,3
4353,320,4
4354,320,5
4355,320,6
4356,320,7
4357,320,8
4358,320,15
4359,320,16
4360,320,17
4361,320,18
4362,320,19
4363,320,20
4364,320,21
4365,320,22
4366,320,23
4367,321,0
4368,321,1
4369,321,2
4370,321,3
4371,321,4
4372,321,5
4373,321,6
4374,321,7
4375,321,8
4376,321,15
4377,321,16
4378,321,17
4379,321,18
4380,321,19
4381,321,20
4382,321,21
4383,321,22
4384,321,23
4385,322,0
4386,322,1
4387,322,2
4388,322,3
4389,322,4
4390,322,5
4391,322,6
4392,322,7
4393,322,8
4394,322,15
4395,322,16
4396,322,17
4397,322,18
4398,322,19
4399,322,20
4400,322,21
4401,322,22
4402,322,23
4403,323,0
4404,323,1
4405,323,2
4406,323,3
4407,323,4
4408,323,5
4409,323,6
4410,323,7
4411,323,8
4412,323,15
4413,323,16
4414,323,17
4415,323,18
4416,323,19
4417,323,20
4418,323,21
4419,323,22
4420,323,23
4421,324,0
4422,324,1
4423,324,2
4424,324,3
4425,324,4
4426,324,5
4427,324,6
4428,324,7
4429,324,8
4430,324,15
4431,324,16
4432,324,17
4433,324,18
4434,324,19
4435,324,20
4436,324,21
4437,324,22
4438,324,23
4439,325,0
4440,325,1
4441,325,2
4442,325,3
4443,325,4
4444,325,5
4445,325,6
4446,325,7
4447,325,8
4448,325,9
4449,325,15
4450,325,16
4451,325,17
4452,325,18
4453,325,19
4454,325,20
4455,325,21
4456,325,22
4457,325,23
4458,326,0
4459,326,1
4460,326,2
4461,326,3
4462,326,4
4463,326,5
4464,326,6
4465,326,7
4466,326,8
4467,326,15
4468,326,16
4469,326,17
4470,326,18
4471,326,19
4472,326,20
4473,326,21
4474,326,22
4475,326,23
4476,327,0
4477,327,1
4478,327,2
4479,327,3
4480,327,4
4481,327,5
4482,327,6
4483,327,7
4484,327,8
4485,327,9
4486,327,15
4487,327,16
4488,327,17
4489,327,18
4490,327,19
4491,327,20
4492,327,21
4493,327,22
4494,327,23
4495,328,0
4496,328,1
4497,328,2
4498,328,3
4499,328,4
4500,328,5
4501,328,6
4502,328,7
4503,328,8
4504,328,9
4505,328,15
4506,328,16
4507,328,17
4508,328,18
4509,328,19
4510,328,20
4511,328,21
4512,328,22
4513,328,23
4514,329,0
4515,329,1
4516,329,2
4517,329,3
4518,329,4
4519,329,5
4520,329,6
4521,329,7
4522,329,8
4523,329,9
4524,329,15
4525,329,16
4526,329,17
4527,329,18
4528,329,19
4529,329,20
4530,329,21
4531,329,22
4532,329,23
4533,330,0
4534,330,1
4535,330,2
4536,330,3
4537,330,4
4538,330,5
4539,330,6
4540,330,7
4541,330,8
4542,330,9
4543,330,15
4544,330,16
4545,330,17
4546,330,18
4547,330,19
4548,330,20
4549,330,21
4550,330,22
4551,330,23
4552,331,0
4553,331,1
4554,331,2
4555,331,3
4556,331,4
4557,331,5
4558,331,6
4559,331,7
4560,331,8
4561,331,9
4562,331,15
4563,331,16
4564,331,17
4565,331,18
4566,331,19
4567,331,20
4568,331,21
4569,331,22
4570,331,23
4571,332,0
4572,332,1
4573,332,2
4574,332,3
4575,332,4
4576,332,5
4577,332,6
4578,332,7
4579,332,8
4580,332,9
4581,332,15
4582,332,16
4583,332,17
4584,332,18
4585,332,19
4586,332,20
4587,332,21
4588,332,22
4589,332,23
4590,333,0
4591,333,1
4592,333,2
4593,333,3
4594,333,4
4595,333,5
4596,333,6
4597,333,7
4598,333,8
4599,333,9
4600,333,15
4601,333,16
4602,333,17
4603,333,18
4604,333,19
4605,333,20
4606,333,21
4607,333,22
4608,333,23
4609,334,0
4610,334,1
4611,334,2
4612,334,3
4613,334,4
4614,334,5
4615,334,6
4616,334,7
4617,334,8
4618,334,9
4619,334,15
4620,334,16
4621,334,17
4622,334,18
4623,334,19
4624,334,20
4625,334,21
4626,334,22
4627,334,23
4628,335,0
4629,335,1
4630,335,2
4631,335,3
4632,335,4
4633,335,5
4634,335,6
4635,335,7
4636,335,8
4637,335,9
4638,335,15
4639,335,16
4640,335,17
4641,335,18
4642,335,19
4643,335,20
4644,335,21
4645,335,22
4646,335,23
4647,336,0
4648,336,1
4649,336,2
4650,336,3
4651,336,4
4652,336,5
4653,336,6
4654,336,7
4655,336,8
4656,336,9
4657,336,15
4658,336,16
4659,336,17
4660,336,18
4661,336,19
4662,336,20
4663,336,21
4664,336,22
4665,336,23
4666,337,0
4667,337,1
4668,337,2
4669,337,3
4670,337,4
4671,337,5
4672,337,6
4673,337,7
4674,337,8
4675,337,9
4676,337,15
4677,337,16
4678,337,17
4679,337,18
4680,337,19
4681,337,20
4682,337,21
4683,337,22
4684,337,23
4685,338,0
4686,338,1
4687,338,2
4688,338,3
4689,338,4
4690,338,5
4691,338,6
4692,338,7
4693,338,8
4694,338,9
4695,338,15
4696,338,16
4697,338,17
4698,338,18
4699,338,19
4700,338,20
4701,338,21
4702,338,22
4703,338,23
4704,339,0
4705,339,1
4706,339,2
4707,339,3
4708,339,4
4709,339,5
4710,339,6
4711,339,7
4712,339,8
4713,339,9
4714,339,15
4715,339,16
4716,339,17
4717,339,18
4718,339,19
4719,339,20
4720,339,21
4721,339,22
4722,339,23
4723,340,0
4724,340,1
4725,340,2
4726,340,3
4727,340,4
4728,340,5
4729,340,6
4730,340,7
4731,340,8
4732,340,9
4733,340,15
4734,340,16
4735,340,17
4736,340,18
4737,340,19
4738,340,20
4739,340,21
4740,340,22
4741,340,23
4742,341,0
4743,341,1
4744,341,2
4745,341,3
4746,341,4
4747,341,5
4748,341,6
4749,341,7
4750,341,8
4751,341,9
4752,341,15
4753,341,16
4754,341,17
4755,341,18
4756,341,19
4757,341,20
4758,341,21
4759,341,22
4760,341,23
4761,342,0
4762,342,1
4763,342,2
4764,342,3
4765,342,4
4766,342,5
4767,342,6
4768,342,7
4769,342,8
4770,342,9
4771,342,15
4772,342,16
4773,342,17
4774,342,18
4775,342,19
4776,342,20
4777,342,21
4778,342,22
4779,342,23
4780,343,0
4781,343,1
4782,343,2
4783,343,3
4784,343,4
4785,343,5
4786,343,6
4787,343,7
4788,343,8
4789,343,9
4790,343,15
4791,343,16
4792,343,17
4793,343,18
4794,343,19
4795,343,20
4796,343,21
4797,343,22
4798,343,23
4799,344,0
4800,344,1
4801,344,2
4802,344,3
4803,344,4
4804,344,5
4805,344,6
4806,344,7
4807,344,8
4808,344,9
4809,344,15
4810,344,16
4811,344,17
4812,344,18
4813,344,19
4814,344,20
4815,344,21
4816,344,22
4817,344,23
4818,345,0
4819,345,1
4820,345,2
4821,345,3
4822,345,4
4823,345,5
4824,345,6
4825,345,7
4826,345,8
4827,345,9
4828,345,15
4829,345,16
4830,345,17
4831,345,18
4832,345,19
4833,345,20
4834,345,21
4835,345,22
4836,345,23
4837,346,0
4838,346,1
4839,346,2
4840,346,3
4841,346,4
4842,346,5
4843,346,6
4844,346,7
4845,346,8
4846,346,9
4847,346,15
4848,346,16
4849,346,17
4850,346,18
4851,346,19
4852,346,20
4853,346,21
4854,346,22
4855,346,23
4856,347,0
4857,347,1
4858,347,2
4859,347,3
4860,347,4
4861,347,5
4862,347,6
4863,347,7
4864,347,8
4865,347,9
4866,347,14
4867,347,15
4868,347,16
4869,347,17
4870,347,18
4871,347,19
4872,347,20
4873,347,21
4874,347,22
4875,347,23
4876,348,0
4877,348,1
4878,348,2
4879,348,3
4880,348,4
4881,348,5
4882,348,6
4883,348,7
4884,348,8
4885,348,9
4886,348,15
4887,348,16
4888,348,17
4889,348,18
4890,348,19
4891,348,20
4892,348,21
4893,348,22
4894,348,23
4895,349,0
4896,349,1
4897,349,2
4898,349,3
4899,349,4
4900,349,5
4901,349,6
4902,349,7
4903,349,8
4904,349,9
4905,349,14
4906,349,15
4907,349,16
4908,349,17
4909,349,18
4910,349,19
4911,349,20
4912,349,21
4913,349,22
4914,349,23
4915,350,0
4916,350,1
4917,350,2
4918,350,3
4919,350,4
4920,350,5
4921,350,6
4922,350,7
4923,350,8
4924,350,9
4925,350,14
4926,350,15
4927,350,16
4928,350,17
4929,350,18
4930,350,19
4931,350,20
4932,350,21
4933,350,22
4934,350,23
4935,351,0
4936,351,1
4937,351,2
4938,351,3
4939,351,4
4940,351,5
4941,351,6
4942,351,7
4943,351,8
4944,351,9
4945,351,14
4946,351,15
4947,351,16
4948,351,17
4949,351,18
4950,351,19
4951,351,20
4952,351,21
4953,351,22
4954,351,23
4955,352,0
4956,352,1
4957,352,2
4958,352,3
4959,352,4
4960,352,5
4961,352,6
4962,352,7
4963,352,8
4964,352,9
4965,352,14
4966,352,15
4967,352,16
4968,352,17
4969,352,18
4970,352,19
4971,352,20
4972,352,21
4973,352,22
4974,352,23
4975,353,0
4976,353,1
4977,353,2
4978,353,3
4979,353,4
4980,353,5
4981,353,6
4982,353,7
4983,353,8
4984,353,9
4985,353,14
4986,353,15
4987,353,16
4988,353,17
4989,353,18
4990,353,19
4991,353,20
4992,353,21
4993,353,22
4994,353,23
4995,354,0
4996,354,1
4997,354,2
4998,354,3
4999,354,4
5000,354,5
5001,354,6
5002,354,7
5003,354,8
5004,354,9
5005,354,14
5006,354,15
5007,354,16
5008,354,17
5009,354,18
5010,354,19
5011,354,20
5012,354,21
5013,354,22
5014,354,23
5015,355,0
5016,355,1
5017,355,2
5018,355,3
5019,355,4
5020,355,5
5021,355,6
5022,355,7
5023,355,8
5024,355,9
5025,355,14
5026,355,15
5027,355,16
5028,355,17
5029,355,18
5030,355,19
5031,355,20
5032,355,21
5033,355,22
5034,355,23
5035,356,0
5036,356,1
5037,356,2
5038,356,3
5039,356,4
5040,356,5
5041,356,6
5042,356,7
5043,356,8
5044,356,9
5045,356,14
5046,356,15
5047,356,16
5048,356,17
5049,356,18
5050,356,19
5051,356,20
5052,356,21
5053,356,22
5054,356,23
5055,357,0
5056,357,1
5057,357,2
5058,357,3
5059,357,4
5060,357,5
5061,357,6
5062,357,7
5063,357,8
5064,357,9
5065,357,14
5066,357,15
5067,357,16
5068,357,17
5069,357,18
5070,357,19
5071,357,20
5072,357,21
5073,357,22
5074,357,23
5075,358,0
5076,358,1
5077,358,2
5078,358,3
5079,358,4
5080,358,5
5081,358,6
5082,358,7
5083,358,8
5084,358,9
5085,358,14
5086,358,15
5087,358,16
5088,358,17
5089,358,18
5090,358,19
5091,358,20
5092,358,21
5093,358,22
5094,358,23
5095,359,0
5096,359,1
5097,359,2
5098,359,3
5099,359,4
5100,359,5
5101,359,6
5102,359,7
5103,359,8
5104,359,9
5105,359,14
5106,359,15
5107,359,16
5108,359,17
5109,359,18
5110,359,19
5111,359,20
5112,359,21
5113,359,22
5114,359,23
5115,360,0
5116,360,1
5117,360,2
5118,360,3
5119,360,4
5120,360,5
5121,360,6
5122,360,7
5123,360,8
5124,360,9
5125,360,14
5126,360,15
5127,360,16
5128,360,17
5129,360,18
5130,360,19
5131,360,20
5132,360,21
5133,360,22
5134,360,23
5135,361,0
5136,361,1
5137,361,2
5138,361,3
5139,361,4
5140,361,5
5141,361,6
5142,361,7
5143,361,8
5144,361,9
5145,361,14
5146,361,15
5147,361,16
5148,361,17
5149,361,18
5150,361,19
5151,361,20
5152,361,21
5153,361,22
5154,361,23
5155,362,0
5156,362,1
5157,362,2
5158,362,3
5159,362,4
5160,362,5
5161,362,6
5162,362,7
5163,362,8
5164,362,9
5165,362,15
5166,362,16
5167,362,17
5168,362,18
5169,362,19
5170,362,20
5171,362,21
5172,362,22
5173,362,23
5174,363,0
5175,363,1
5176,363,2
5177,363,3
5178,363,4
5179,363,5
5180,363,6
5181,363,7
5182,363,8
5183,363,9
5184,363,15
5185,363,16
5186,363,17
5187,363,18
5188,363,19
5189,363,20
5190,363,21
5191,363,22
5192,363,23
5193,364,0
5194,364,1
5195,364,2
5196,364,3
5197,364,4
5198,364,5
5199,364,6
5200,364,7
5201,364,8
5202,364,9
5203,364,14
5204,364,15
5205,364,16
5206,364,17
5207,364,18
5208,364,19
5209,364,20
5210,364,21
5211,364,22
5212,364,23
5213,365,0
5214,365,1
5215,365,2
5216,365,3
5217,365,4
5218,365,5
5219,365,6
5220,365,7
5221,365,8
5222,365,9
5223,365,14
5224,365,15
5225,365,16
5226,365,17
5227,365,18
5228,365,19
5229,365,20
5230,365,21
5231,365,22
5232,365,23
