,day,hour
0,1,0
1,1,1
2,1,2
3,1,3
4,1,4
5,1,5
6,1,6
7,1,7
8,1,13
9,1,14
10,1,15
11,1,16
12,1,17
13,1,18
14,1,19
15,1,20
16,1,21
17,1,22
18,1,23
19,2,0
20,2,1
21,2,2
22,2,3
23,2,4
24,2,5
25,2,6
26,2,7
27,2,13
28,2,14
29,2,15
30,2,16
31,2,17
32,2,18
33,2,19
34,2,20
35,2,21
36,2,22
37,2,23
38,3,0
39,3,1
40,3,2
41,3,3
42,3,4
43,3,5
44,3,6
45,3,7
46,3,13
47,3,14
48,3,15
49,3,16
50,3,17
51,3,18
52,3,19
53,3,20
54,3,21
55,3,22
56,3,23
57,4,0
58,4,1
59,4,2
60,4,3
61,4,4
62,4,5
63,4,6
64,4,7
65,4,13
66,4,14
67,4,15
68,4,16
69,4,17
70,4,18
71,4,19
72,4,20
73,4,21
74,4,22
75,4,23
76,5,0
77,5,1
78,5,2
79,5,3
80,5,4
81,5,5
82,5,6
83,5,7
84,5,13
85,5,14
86,5,15
87,5,16
88,5,17
89,5,18
90,5,19
91,5,20
92,5,21
93,5,22
94,5,23
95,6,0
96,6,1
97,6,2
98,6,3
99,6,4
100,6,5
101,6,6
102,6,7
103,6,13
104,6,14
105,6,15
106,6,16
107,6,17
108,6,18
109,6,19
110,6,20
111,6,21
112,6,22
113,6,23
114,7,0
115,7,1
116,7,2
117,7,3
118,7,4
119,7,5
120,7,6
121,7,7
122,7,13
123,7,14
124,7,15
125,7,16
126,7,17
127,7,18
128,7,19
129,7,20
130,7,21
131,7,22
132,7,23
133,8,0
134,8,1
135,8,2
136,8,3
137,8,4
138,8,5
139,8,6
140,8,7
141,8,13
142,8,14
143,8,15
144,8,16
145,8,17
146,8,18
147,8,19
148,8,20
149,8,21
150,8,22
151,8,23
152,9,0
153,9,1
154,9,2
155,9,3
156,9,4
157,9,5
158,9,6
159,9,7
160,9,8
161,9,13
162,9,14
163,9,15
164,9,16
165,9,17
166,9,18
167,9,19
168,9,20
169,9,21
170,9,22
171,9,23
172,10,0
173,10,1
174,10,2
175,10,3
176,10,4
177,10,5
178,10,6
179,10,7
180,10,13
181,10,14
182,10,15
183,10,16
184,10,17
185,10,18
186,10,19
187,10,20
188,10,21
189,10,22
190,10,23
191,11,0
192,11,1
193,11,2
194,11,3
195,11,4
196,11,5
197,11,6
198,11,7
199,11,12
200,11,13
201,11,14
202,11,15
203,11,16
204,11,17
205,11,18
206,11,19
207,11,20
208,11,21
209,11,22
210,11,23
211,12,0
212,12,1
213,12,2
214,12,3
215,12,4
216,12,5
217,12,6
218,12,7
219,12,13
220,12,14
221,12,15
222,12,16
223,12,17
224,12,18
225,12,19
226,12,20
227,12,21
228,12,22
229,12,23
230,13,0
231,13,1
232,13,2
233,13,3
234,13,4
235,13,5
236,13,6
237,13,7
238,13,13
239,13,14
240,13,15
241,13,16
242,13,17
243,13,18
244,13,19
245,13,20
246,13,21
247,13,22
248,13,23
249,14,0
250,14,1
251,14,2
252,14,3
253,14,4
254,14,5
255,14,6
256,14,7
257,14,13
258,14,14
259,14,15
260,14,16
261,14,17
262,14,18
263,14,19
264,14,20
265,14,21
266,14,22
267,14,23
268,15,0
269,15,1
270,15,2
271,15,3
272,15,4
273,15,5
274,15,6
275,15,7
276,15,13
277,15,14
278,15,15
279,15,16
280,15,17
281,15,18
282,15,19
283,15,20
284,15,21
285,15,22
286,15,23
287,16,0
288,16,1
289,16,2
290,16,3
291,16,4
292,16,5
293,16,6
294,16,7
295,16,13
296,16,14
297,16,15
298,16,16
299,16,17
300,16,18
301,16,19
302,16,20
303,16,21
304,16,22
305,16,23
306,17,0
307,17,1
308,17,2
309,17,3
310,17,4
311,17,5
312,17,6
313,17,7
314,17,13
315,17,14
316,17,15
317,17,16
318,17,17
319,17,18
320,17,19
321,17,20
322,17,21
323,17,22
324,17,23
325,18,0
326,18,1
327,18,2
328,18,3
329,18,4
330,18,5
331,18,6
332,18,7
333,18,13
334,18,14
335,18,15
336,18,16
337,18,17
338,18,18
339,18,19
340,18,20
341,18,21
342,18,22
343,18,23
344,19,0
345,19,1
346,19,2
347,19,3
348,19,4
349,19,5
350,19,6
351,19,13
352,19,14
353,19,15
354,19,16
355,19,17
356,19,18
357,19,19
358,19,20
359,19,21
360,19,22
361,19,23
362,20,0
363,20,1
364,20,2
365,20,3
366,20,4
367,20,5
368,20,6
369,20,7
370,20,13
371,20,14
372,20,15
373,20,16
374,20,17
375,20,18
376,20,19
377,20,20
378,20,21
379,20,22
380,20,23
381,21,0
382,21,1
383,21,2
384,21,3
385,21,4
386,21,5
387,21,6
388,21,7
389,21,13
390,21,14
391,21,15
392,21,16
393,21,17
394,21,18
395,21,19
396,21,20
397,21,21
398,21,22
399,21,23
400,22,0
401,22,1
402,22,2
403,22,3
404,22,4
405,22,5
406,22,6
407,22,13
408,22,14
409,22,15
410,22,16
411,22,17
412,22,18
413,22,19
414,22,20
415,22,21
416,22,22
417,22,23
418,23,0
419,23,1
420,23,2
421,23,3
422,23,4
423,23,5
424,23,6
425,23,13
426,23,14
427,23,15
428,23,16
429,23,17
430,23,18
431,23,19
432,23,20
433,23,21
434,23,22
435,23,23
436,24,0
437,24,1
438,24,2
439,24,3
440,24,4
441,24,5
442,24,6
443,24,13
444,24,14
445,24,15
446,24,16
447,24,17
448,24,18
449,24,19
450,24,20
451,24,21
452,24,22
453,24,23
454,25,0
455,25,1
456,25,2
457,25,3
458,25,4
459,25,5
460,25,6
461,25,7
462,25,13
463,25,14
464,25,15
465,25,16
466,25,17
467,25,18
468,25,19
469,25,20
470,25,21
471,25,22
472,25,23
473,26,0
474,26,1
475,26,2
476,26,3
477,26,4
478,26,5
479,26,6
480,26,13
481,26,14
482,26,15
483,26,16
484,26,17
485,26,18
486,26,19
487,26,20
488,26,21
489,26,22
490,26,23
491,27,0
492,27,1
493,27,2
494,27,3
495,27,4
496,27,5
497,27,6
498,27,7
499,27,13
500,27,14
501,27,15
502,27,16
503,27,17
504,27,18
505,27,19
506,27,20
507,27,21
508,27,22
509,27,23
510,28,0
511,28,1
512,28,2
513,28,3
514,28,4
515,28,5
516,28,6
517,28,13
518,28,14
519,28,15
520,28,16
521,28,17
522,28,18
523,28,19
524,28,20
525,28,21
526,28,22
527,28,23
528,29,0
529,29,1
530,29,2
531,29,3
532,29,4
533,29,5
534,29,6
535,29,14
536,29,15
537,29,16
538,29,17
539,29,18
540,29,19
541,29,20
542,29,21
543,29,22
544,29,23
545,30,0
546,30,1
547,30,2
548,30,3
549,30,4
550,30,5
551,30,6
552,30,14
553,30,15
554,30,16
555,30,17
556,30,18
557,30,19
558,30,20
559,30,21
560,30,22
561,30,23
562,31,0
563,31,1
564,31,2
565,31,3
566,31,4
567,31,5
568,31,6
569,31,14
570,31,15
571,31,16
572,31,17
573,31,18
574,31,19
575,31,20
576,31,21
577,31,22
578,31,23
579,32,0
580,32,1
581,32,2
582,32,3
583,32,4
584,32,5
585,32,6
586,32,14
587,32,15
588,32,16
589,32,17
590,32,18
591,32,19
592,32,20
593,32,21
594,32,22
595,32,23
596,33,0
597,33,1
598,33,2
599,33,3
600,33,4
601,33,5
602,33,6
603,33,14
604,33,15
605,33,16
606,33,17
607,33,18
608,33,19
609,33,20
610,33,21
611,33,22
612,33,23
613,34,0
614,34,1
615,34,2
616,34,3
617,34,4
618,34,5
619,34,6
620,34,14
621,34,15
622,34,16
623,34,17
624,34,18
625,34,19
626,34,20
627,34,21
628,34,22
629,34,23
630,35,0
631,35,1
632,35,2
633,35,3
634,35,4
635,35,5
636,35,6
637,35,14
638,35,15
639,35,16
640,35,17
641,35,18
642,35,19
643,35,20
644,35,21
645,35,22
646,35,23
647,36,0
648,36,1
649,36,2
650,36,3
651,36,4
652,36,5
653,36,6
654,36,14
655,36,15
656,36,16
657,36,17
658,36,18
659,36,19
660,36,20
661,36,21
662,36,22
663,36,23
664,37,0
665,37,1
666,37,2
667,37,3
668,37,4
669,37,5
670,37,6
671,37,14
672,37,15
673,37,16
674,37,17
675,37,18
676,37,19
677,37,20
678,37,21
679,37,22
680,37,23
681,38,0
682,38,1
683,38,2
684,38,3
685,38,4
686,38,5
687,38,6
688,38,14
689,38,15
690,38,16
691,38,17
692,38,18
693,38,19
694,38,20
695,38,21
696,38,22
697,38,23
698,39,0
699,39,1
700,39,2
701,39,3
702,39,4
703,39,5
704,39,6
705,39,14
706,39,15
707,39,16
708,39,17
709,39,18
710,39,19
711,39,20
712,39,21
713,39,22
714,39,23
715,40,0
716,40,1
717,40,2
718,40,3
719,40,4
720,40,5
721,40,6
722,40,14
723,40,15
724,40,16
725,40,17
726,40,18
727,40,19
728,40,20
729,40,21
730,40,22
731,40,23
732,41,0
733,41,1
734,41,2
735,41,3
736,41,4
737,41,5
738,41,6
739,41,14
740,41,15
741,41,16
742,41,17
743,41,18
744,41,19
745,41,20
746,41,21
747,41,22
748,41,23
749,42,0
750,42,1
751,42,2
752,42,3
753,42,4
754,42,5
755,42,6
756,42,14
757,42,15
758,42,16
759,42,17
760,42,18
761,42,19
762,42,20
763,42,21
764,42,22
765,42,23
766,43,0
767,43,1
768,43,2
769,43,3
770,43,4
771,43,5
772,43,6
773,43,14
774,43,15
775,43,16
776,43,17
777,43,18
778,43,19
779,43,20
780,43,21
781,43,22
782,43,23
783,44,0
784,44,1
785,44,2
786,44,3
787,44,4
788,44,5
789,44,6
790,44,14
791,44,15
792,44,16
793,44,17
794,44,18
795,44,19
796,44,20
797,44,21
798,44,22
799,44,23
800,45,0
801,45,1
802,45,2
803,45,3
804,45,4
805,45,5
806,45,6
807,45,14
808,45,15
809,45,16
810,45,17
811,45,18
812,45,19
813,45,20
814,45,21
815,45,22
816,45,23
817,46,0
818,46,1
819,46,2
820,46,3
821,46,4
822,46,5
823,46,6
824,46,14
825,46,15
826,46,16
827,46,17
828,46,18
829,46,19
830,46,20
831,46,21
832,46,22
833,46,23
834,47,0
835,47,1
836,47,2
837,47,3
838,47,4
839,47,5
840,47,14
841,47,15
842,47,16
843,47,17
844,47,18
845,47,19
846,47,20
847,47,21
848,47,22
849,47,23
850,48,0
851,48,1
852,48,2
853,48,3
854,48,4
855,48,5
856,48,14
857,48,15
858,48,16
859,48,17
860,48,18
861,48,19
862,48,20
863,48,21
864,48,22
865,48,23
866,49,0
867,49,1
868,49,2
869,49,3
870,49,4
871,49,5
872,49,6
873,49,14
874,49,15
875,49,16
876,49,17
877,49,18
878,49,19
879,49,20
880,49,21
881,49,22
882,49,23
883,50,0
884,50,1
885,50,2
886,50,3
887,50,4
888,50,5
889,50,6
890,50,14
891,50,15
892,50,16
893,50,17
894,50,18
895,50,19
896,50,20
897,50,21
898,50,22
899,50,23
900,51,0
901,51,1
902,51,2
903,51,3
904,51,4
905,51,5
906,51,6
907,51,14
908,51,15
909,51,16
910,51,17
911,51,18
912,51,19
913,51,20
914,51,21
915,51,22
916,51,23
917,52,0
918,52,1
919,52,2
920,52,3
921,52,4
922,52,5
923,52,14
924,52,15
925,52,16
926,52,17
927,52,18
928,52,19
929,52,20
930,52,21
931,52,22
932,52,23
933,53,0
934,53,1
935,53,2
936,53,3
937,53,4
938,53,5
939,53,14
940,53,15
941,53,16
942,53,17
943,53,18
944,53,19
945,53,20
946,53,21
947,53,22
948,53,23
949,54,0
950,54,1
951,54,2
952,54,3
953,54,4
954,54,5
955,54,15
956,54,16
957,54,17
958,54,18
959,54,19
960,54,20
961,54,21
962,54,22
963,54,23
964,55,0
965,55,1
966,55,2
967,55,3
968,55,4
969,55,5
970,55,15
971,55,16
972,55,17
973,55,18
974,55,19
975,55,20
976,55,21
977,55,22
978,55,23
979,56,0
980,56,1
981,56,2
982,56,3
983,56,4
984,56,5
985,56,15
986,56,16
987,56,17
988,56,18
989,56,19
990,56,20
991,56,21
992,56,22
993,56,23
994,57,0
995,57,1
996,57,2
997,57,3
998,57,4
999,57,5
1000,57,15
1001,57,16
1002,57,17
1003,57,18
1004,57,19
1005,57,20
1006,57,21
1007,57,22
1008,57,23
1009,58,0
1010,58,1
1011,58,2
1012,58,3
1013,58,4
1014,58,5
1015,58,15
1016,58,16
1017,58,17
1018,58,18
1019,58,19
1020,58,20
1021,58,21
1022,58,22
1023,58,23
1024,59,0
1025,59,1
1026,59,2
1027,59,3
1028,59,4
1029,59,5
1030,59,15
1031,59,16
1032,59,17
1033,59,18
1034,59,19
1035,59,20
1036,59,21
1037,59,22
1038,59,23
1039,60,0
1040,60,1
1041,60,2
1042,60,3
1043,60,4
1044,60,5
1045,60,15
1046,60,16
1047,60,17
1048,60,18
1049,60,19
1050,60,20
1051,60,21
1052,60,22
1053,60,23
1054,61,0
1055,61,1
1056,61,2
1057,61,3
1058,61,4
1059,61,5
1060,61,15
1061,61,16
1062,61,17
1063,61,18
1064,61,19
1065,61,20
1066,61,21
1067,61,22
1068,61,23
1069,62,0
1070,62,1
1071,62,2
1072,62,3
1073,62,4
1074,62,5
1075,62,15
1076,62,16
1077,62,17
1078,62,18
1079,62,19
1080,62,20
1081,62,21
1082,62,22
1083,62,23
1084,63,0
1085,63,1
1086,63,2
1087,63,3
1088,63,4
1089,63,5
1090,63,15
1091,63,16
1092,63,17
1093,63,18
1094,63,19
1095,63,20
1096,63,21
1097,63,22
1098,63,23
1099,64,0
1100,64,1
1101,64,2
1102,64,3
1103,64,4
1104,64,5
1105,64,15
1106,64,16
1107,64,17
1108,64,18
1109,64,19
1110,64,20
1111,64,21
1112,64,22
1113,64,23
1114,65,0
1115,65,1
1116,65,2
1117,65,3
1118,65,4
1119,65,5
1120,65,15
1121,65,16
1122,65,17
1123,65,18
1124,65,19
1125,65,20
1126,65,21
1127,65,22
1128,65,23
1129,66,0
1130,66,1
1131,66,2
1132,66,3
1133,66,4
1134,66,5
1135,66,15
1136,66,16
1137,66,17
1138,66,18
1139,66,19
1140,66,20
1141,66,21
1142,66,22
1143,66,23
1144,67,0
1145,67,1
1146,67,2
1147,67,3
1148,67,4
1149,67,5
1150,67,15
1151,67,16
1152,67,17
1153,67,18
1154,67,19
1155,67,20
1156,67,21
1157,67,22
1158,67,23
1159,68,0
1160,68,1
1161,68,2
1162,68,3
1163,68,4
1164,68,5
1165,68,15
1166,68,16
1167,68,17
1168,68,18
1169,68,19
1170,68,20
1171,68,21
1172,68,22
1173,68,23
1174,69,0
1175,69,1
1176,69,2
1177,69,3
1178,69,4
1179,69,5
1180,69,15
1181,69,16
1182,69,17
1183,69,18
1184,69,19
1185,69,20
1186,69,21
1187,69,22
1188,69,23
1189,70,0
1190,70,1
1191,70,2
1192,70,3
1193,70,4
1194,70,5
1195,70,15
1196,70,16
1197,70,17
1198,70,18
1199,70,19
1200,70,20
1201,70,21
1202,70,22
1203,70,23
1204,71,0
1205,71,1
1206,71,2
1207,71,3
1208,71,4
1209,71,5
1210,71,15
1211,71,16
1212,71,17
1213,71,18
1214,71,19
1215,71,20
1216,71,21
1217,71,22
1218,71,23
1219,72,0
1220,72,1
1221,72,2
1222,72,3
1223,72,4
1224,72,5
1225,72,15
1226,72,16
1227,72,17
1228,72,18
1229,72,19
1230,72,20
1231,72,21
1232,72,22
1233,72,23
1234,73,0
1235,73,1
1236,73,2
1237,73,3
1238,73,4
1239,73,5
1240,73,15
1241,73,16
1242,73,17
1243,73,18
1244,73,19
1245,73,20
1246,73,21
1247,73,22
1248,73,23
1249,74,0
1250,74,1
1251,74,2
1252,74,3
1253,74,4
1254,74,5
1255,74,15
1256,74,16
1257,74,17
1258,74,18
1259,74,19
1260,74,20
1261,74,21
1262,74,22
1263,74,23
1264,75,0
1265,75,1
1266,75,2
1267,75,3
1268,75,4
1269,75,5
1270,75,15
1271,75,16
1272,75,17
1273,75,18
1274,75,19
1275,75,20
1276,75,21
1277,75,22
1278,75,23
1279,76,0
1280,76,1
1281,76,2
1282,76,3
1283,76,4
1284,76,5
1285,76,15
1286,76,16
1287,76,17
1288,76,18
1289,76,19
1290,76,20
1291,76,21
1292,76,22
1293,76,23
1294,77,0
1295,77,1
1296,77,2
1297,77,3
1298,77,4
1299,77,5
1300,77,15
1301,77,16
1302,77,17
1303,77,18
1304,77,19
1305,77,20
1306,77,21
1307,77,22
1308,77,23
1309,78,0
1310,78,1
1311,78,2
1312,78,3
1313,78,4
1314,78,5
1315,78,15
1316,78,16
1317,78,17
1318,78,18
1319,78,19
1320,78,20
1321,78,21
1322,78,22
1323,78,23
1324,79,0
1325,79,1
1326,79,2
1327,79,3
1328,79,4
1329,79,15
1330,79,16
1331,79,17
1332,79,18
1333,79,19
1334,79,20
1335,79,21
1336,79,22
1337,79,23
1338,80,0
1339,80,1
1340,80,2
1341,80,3
1342,80,4
1343,80,15
1344,80,16
1345,80,17
1346,80,18
1347,80,19
1348,80,20
1349,80,21
1350,80,22
1351,80,23
1352,81,0
1353,81,1
1354,81,2
1355,81,3
1356,81,4
1357,81,16
1358,81,17
1359,81,18
1360,81,19
1361,81,20
1362,81,21
1363,81,22
1364,81,23
1365,82,0
1366,82,1
1367,82,2
1368,82,3
1369,82,4
1370,82,15
1371,82,16
1372,82,17
1373,82,18
1374,82,19
1375,82,20
1376,82,21
1377,82,22
1378,82,23
1379,83,0
1380,83,1
1381,83,2
1382,83,3
1383,83,4
1384,83,16
1385,83,17
1386,83,18
1387,83,19
1388,83,20
1389,83,21
1390,83,22
1391,83,23
1392,84,0
1393,84,1
1394,84,2
1395,84,3
1396,84,4
1397,84,16
1398,84,17
1399,84,18
1400,84,19
1401,84,20
1402,84,21
1403,84,22
1404,84,23
1405,85,0
1406,85,1
1407,85,2
1408,85,3
1409,85,4
1410,85,16
1411,85,17
1412,85,18
1413,85,19
1414,85,20
1415,85,21
1416,85,22
1417,85,23
1418,86,0
1419,86,1
1420,86,2
1421,86,3
1422,86,4
1423,86,16
1424,86,17
1425,86,18
1426,86,19
1427,86,20
1428,86,21
1429,86,22
1430,86,23
1431,87,0
1432,87,1
1433,87,2
1434,87,3
1435,87,4
1436,87,16
1437,87,17
1438,87,18
1439,87,19
1440,87,20
1441,87,21
1442,87,22
1443,87,23
1444,88,0
1445,88,1
1446,88,2
1447,88,3
1448,88,4
1449,88,16
1450,88,17
1451,88,18
1452,88,19
1453,88,20
1454,88,21
1455,88,22
1456,88,23
1457,89,0
1458,89,1
1459,89,2
1460,89,3
1461,89,4
1462,89,16
1463,89,17
1464,89,18
1465,89,19
1466,89,20
1467,89,21
1468,89,22
1469,89,23
1470,90,0
1471,90,1
1472,90,2
1473,90,3
1474,90,4
1475,90,16
1476,90,17
1477,90,18
1478,90,19
1479,90,20
1480,90,21
1481,90,22
1482,90,23
1483,91,0
1484,91,1
1485,91,2
1486,91,3
1487,91,4
1488,91,16
1489,91,17
1490,91,18
1491,91,19
1492,91,20
1493,91,21
1494,91,22
1495,91,23
1496,92,0
1497,92,1
1498,92,2
1499,92,3
1500,92,4
1501,92,16
1502,92,17
1503,92,18
1504,92,19
1505,92,20
1506,92,21
1507,92,22
1508,92,23
1509,93,0
1510,93,1
1511,93,2
1512,93,3
1513,93,4
1514,93,16
1515,93,17
1516,93,18
1517,93,19
1518,93,20
1519,93,21
1520,93,22
1521,93,23
1522,94,0
1523,94,1
1524,94,2
1525,94,3
1526,94,4
1527,94,16
1528,94,17
1529,94,18
1530,94,19
1531,94,20
1532,94,21
1533,94,22
1534,94,23
1535,95,0
1536,95,1
1537,95,2
1538,95,3
1539,95,4
1540,95,16
1541,95,17
1542,95,18
1543,95,19
1544,95,20
1545,95,21
1546,95,22
1547,95,23
1548,96,0
1549,96,1
1550,96,2
1551,96,3
1552,96,4
1553,96,16
1554,96,17
1555,96,18
1556,96,19
1557,96,20
1558,96,21
1559,96,22
1560,96,23
1561,97,0
1562,97,1
1563,97,2
1564,97,3
1565,97,4
1566,97,16
1567,97,17
1568,97,18
1569,97,19
1570,97,20
1571,97,21
1572,97,22
1573,97,23
1574,98,0
1575,98,1
1576,98,2
1577,98,3
1578,98,4
1579,98,16
1580,98,17
1581,98,18
1582,98,19
1583,98,20
1584,98,21
1585,98,22
1586,98,23
1587,99,0
1588,99,1
1589,99,2
1590,99,3
1591,99,4
1592,99,16
1593,99,17
1594,99,18
1595,99,19
1596,99,20
1597,99,21
1598,99,22
1599,99,23
1600,100,0
1601,100,1
1602,100,2
1603,100,3
1604,100,4
1605,100,16
1606,100,17
1607,100,18
1608,100,19
1609,100,20
1610,100,21
1611,100,22
1612,100,23
1613,101,0
1614,101,1
1615,101,2
1616,101,3
1617,101,4
1618,101,16
1619,101,17
1620,101,18
1621,101,19
1622,101,20
1623,101,21
1624,101,22
1625,101,23
1626,102,0
1627,102,1
1628,102,2
1629,102,3
1630,102,4
1631,102,16
1632,102,17
1633,102,18
1634,102,19
1635,102,20
1636,102,21
1637,102,22
1638,102,23
1639,103,0
1640,103,1
1641,103,2
1642,103,3
1643,103,4
1644,103,16
1645,103,17
1646,103,18
1647,103,19
1648,103,20
1649,103,21
1650,103,22
1651,103,23
1652,104,0
1653,104,1
1654,104,2
1655,104,3
1656,104,4
1657,104,16
1658,104,17
1659,104,18
1660,104,19
1661,104,20
1662,104,21
1663,104,22
1664,104,23
1665,105,0
1666,105,1
1667,105,2
1668,105,3
1669,105,4
1670,105,16
1671,105,17
1672,105,18
1673,105,19
1674,105,20
1675,105,21
1676,105,22
1677,105,23
1678,106,0
1679,106,1
1680,106,2
1681,106,3
1682,106,4
1683,106,16
1684,106,17
1685,106,18
1686,106,19
1687,106,20
1688,106,21
1689,106,22
1690,106,23
1691,107,0
1692,107,1
1693,107,2
1694,107,3
1695,107,4
1696,107,16
1697,107,17
1698,107,18
1699,107,19
1700,107,20
1701,107,21
1702,107,22
1703,107,23
1704,108,0
1705,108,1
1706,108,2
1707,108,3
1708,108,4
1709,108,16
1710,108,17
1711,108,18
1712,108,19
1713,108,20
1714,108,21
1715,108,22
1716,108,23
1717,109,0
1718,109,1
1719,109,2
1720,109,3
1721,109,4
1722,109,16
1723,109,17
1724,109,18
1725,109,19
1726,109,20
1727,109,21
1728,109,22
1729,109,23
1730,110,0
1731,110,1
1732,110,2
1733,110,3
1734,110,16
1735,110,17
1736,110,18
1737,110,19
1738,110,20
1739,110,21
1740,110,22
1741,110,23
1742,111,0
1743,111,1
1744,111,2
1745,111,3
1746,111,16
1747,111,17
1748,111,18
1749,111,19
1750,111,20
1751,111,21
1752,111,22
1753,111,23
1754,112,0
1755,112,1
1756,112,2
1757,112,3
1758,112,17
1759,112,18
1760,112,19
1761,112,20
1762,112,21
1763,112,22
1764,112,23
1765,113,0
1766,113,1
1767,113,2
1768,113,3
1769,113,17
1770,113,18
1771,113,19
1772,113,20
1773,113,21
1774,113,22
1775,113,23
1776,114,0
1777,114,1
1778,114,2
1779,114,3
1780,114,17
1781,114,18
1782,114,19
1783,114,20
1784,114,21
1785,114,22
1786,114,23
1787,115,0
1788,115,1
1789,115,2
1790,115,3
1791,115,17
1792,115,18
1793,115,19
1794,115,20
1795,115,21
1796,115,22
1797,115,23
1798,116,0
1799,116,1
1800,116,2
1801,116,3
1802,116,17
1803,116,18
1804,116,19
1805,116,20
1806,116,21
1807,116,22
1808,116,23
1809,117,0
1810,117,1
1811,117,2
1812,117,3
1813,117,16
1814,117,17
1815,117,18
1816,117,19
1817,117,20
1818,117,21
1819,117,22
1820,117,23
1821,118,0
1822,118,1
1823,118,2
1824,118,3
1825,118,17
1826,118,18
1827,118,19
1828,118,20
1829,118,21
1830,118,22
1831,118,23
1832,119,0
1833,119,1
1834,119,2
1835,119,3
1836,119,17
1837,119,18
1838,119,19
1839,119,20
1840,119,21
1841,119,22
1842,119,23
1843,120,0
1844,120,1
1845,120,2
1846,120,3
1847,120,17
1848,120,18
1849,120,19
1850,120,20
1851,120,21
1852,120,22
1853,120,23
1854,121,0
1855,121,1
1856,121,2
1857,121,3
1858,121,17
1859,121,18
1860,121,19
1861,121,20
1862,121,21
1863,121,22
1864,121,23
1865,122,0
1866,122,1
1867,122,2
1868,122,3
1869,122,17
1870,122,18
1871,122,19
1872,122,20
1873,122,21
1874,122,22
1875,122,23
1876,123,0
1877,123,1
1878,123,2
1879,123,3
1880,123,17
1881,123,18
1882,123,19
1883,123,20
1884,123,21
1885,123,22
1886,123,23
1887,124,0
1888,124,1
1889,124,2
1890,124,3
1891,124,17
1892,124,18
1893,124,19
1894,124,20
1895,124,21
1896,124,22
1897,124,23
1898,125,0
1899,125,1
1900,125,2
1901,125,3
1902,125,17
1903,125,18
1904,125,19
1905,125,20
1906,125,21
1907,125,22
1908,125,23
1909,126,0
1910,126,1
1911,126,2
1912,126,3
1913,126,17
1914,126,18
1915,126,19
1916,126,20
1917,126,21
1918,126,22
1919,126,23
1920,127,0
1921,127,1
1922,127,2
1923,127,3
1924,127,17
1925,127,18
1926,127,19
1927,127,20
1928,127,21
1929,127,22
1930,127,23
1931,128,0
1932,128,1
1933,128,2
1934,128,3
1935,128,17
1936,128,18
1937,128,19
1938,128,20
1939,128,21
1940,128,22
1941,128,23
1942,129,0
1943,129,1
1944,129,2
1945,129,3
1946,129,17
1947,129,18
1948,129,19
1949,129,20
1950,129,21
1951,129,22
1952,129,23
1953,130,0
1954,130,1
1955,130,2
1956,130,3
1957,130,17
1958,130,18
1959,130,19
1960,130,20
1961,130,21
1962,130,22
1963,130,23
1964,131,0
1965,131,1
1966,131,2
1967,131,3
1968,131,17
1969,131,18
1970,131,19
1971,131,20
1972,131,21
1973,131,22
1974,131,23
1975,132,0
1976,132,1
1977,132,2
1978,132,3
1979,132,17
1980,132,18
1981,132,19
1982,132,20
1983,132,21
1984,132,22
1985,132,23
1986,133,0
1987,133,1
1988,133,2
1989,133,3
1990,133,17
1991,133,18
1992,133,19
1993,133,20
1994,133,21
1995,133,22
1996,133,23
1997,134,0
1998,134,1
1999,134,2
2000,134,3
2001,134,17
2002,134,18
2003,134,19
2004,134,20
2005,134,21
2006,134,22
2007,134,23
2008,135,0
2009,135,1
2010,135,2
2011,135,3
2012,135,17
2013,135,18
2014,135,19
2015,135,20
2016,135,21
2017,135,22
2018,135,23
2019,136,0
2020,136,1
2021,136,2
2022,136,3
2023,136,17
2024,136,18
2025,136,19
2026,136,20
2027,136,21
2028,136,22
2029,136,23
2030,137,0
2031,137,1
2032,137,2
2033,137,3
2034,137,17
2035,137,18
2036,137,19
2037,137,20
2038,137,21
2039,137,22
2040,137,23
2041,138,0
2042,138,1
2043,138,2
2044,138,3
2045,138,17
2046,138,18
2047,138,19
2048,138,20
2049,138,21
2050,138,22
2051,138,23
2052,139,0
2053,139,1
2054,139,2
2055,139,3
2056,139,17
2057,139,18
2058,139,19
2059,139,20
2060,139,21
2061,139,22
2062,139,23
2063,140,0
2064,140,1
2065,140,2
2066,140,3
2067,140,17
2068,140,18
2069,140,19
2070,140,20
2071,140,21
2072,140,22
2073,140,23
2074,141,0
2075,141,1
2076,141,2
2077,141,3
2078,141,17
2079,141,18
2080,141,19
2081,141,20
2082,141,21
2083,141,22
2084,141,23
2085,142,0
2086,142,1
2087,142,2
2088,142,3
2089,142,17
2090,142,18
2091,142,19
2092,142,20
2093,142,21
2094,142,22
2095,142,23
2096,143,0
2097,143,1
2098,143,2
2099,143,3
2100,143,17
2101,143,18
2102,143,19
2103,143,20
2104,143,21
2105,143,22
2106,143,23
2107,144,0
2108,144,1
2109,144,2
2110,144,3
2111,144,17
2112,144,18
2113,144,19
2114,144,20
2115,144,21
2116,144,22
2117,144,23
2118,145,0
2119,145,1
2120,145,2
2121,145,3
2122,145,17
2123,145,18
2124,145,19
2125,145,20
2126,145,21
2127,145,22
2128,145,23
2129,146,0
2130,146,1
2131,146,2
2132,146,3
2133,146,17
2134,146,18
2135,146,19
2136,146,20
2137,146,21
2138,146,22
2139,146,23
2140,147,0
2141,147,1
2142,147,2
2143,147,3
2144,147,17
2145,147,18
2146,147,19
2147,147,20
2148,147,21
2149,147,22
2150,147,23
2151,148,0
2152,148,1
2153,148,2
2154,148,3
2155,148,17
2156,148,18
2157,148,19
2158,148,20
2159,148,21
2160,148,22
2161,148,23
2162,149,0
2163,149,1
2164,149,2
2165,149,3
2166,149,17
2167,149,18
2168,149,19
2169,149,20
2170,149,21
2171,149,22
2172,149,23
2173,150,0
2174,150,1
2175,150,2
2176,150,3
2177,150,17
2178,150,18
2179,150,19
2180,150,20
2181,150,21
2182,150,22
2183,150,23
2184,151,0
2185,151,1
2186,151,2
2187,151,3
2188,151,17
2189,151,18
2190,151,19
2191,151,20
2192,151,21
2193,151,22
2194,151,23
2195,152,0
2196,152,1
2197,152,2
2198,152,3
2199,152,17
2200,152,18
2201,152,19
2202,152,20
2203,152,21
2204,152,22
2205,152,23
2206,153,0
2207,153,1
2208,153,2
2209,153,3
2210,153,17
2211,153,18
2212,153,19
2213,153,20
2214,153,21
2215,153,22
2216,153,23
2217,154,0
2218,154,1
2219,154,2
2220,154,3
2221,154,17
2222,154,18
2223,154,19
2224,154,20
2225,154,21
2226,154,22
2227,154,23
2228,155,0
2229,155,1
2230,155,2
2231,155,3
2232,155,17
2233,155,18
2234,155,19
2235,155,20
2236,155,21
2237,155,22
2238,155,23
2239,156,0
2240,156,1
2241,156,2
2242,156,3
2243,156,17
2244,156,18
2245,156,19
2246,156,20
2247,156,21
2248,156,22
2249,156,23
2250,157,0
2251,157,1
2252,157,2
2253,157,3
2254,157,17
2255,157,18
2256,157,19
2257,157,20
2258,157,21
2259,157,22
2260,157,23
2261,158,0
2262,158,1
2263,158,2
2264,158,3
2265,158,17
2266,158,18
2267,158,19
2268,158,20
2269,158,21
2270,158,22
2271,158,23
2272,159,0
2273,159,1
2274,159,2
2275,159,3
2276,159,17
2277,159,18
2278,159,19
2279,159,20
2280,159,21
2281,159,22
2282,159,23
2283,160,0
2284,160,1
2285,160,2
2286,160,17
2287,160,18
2288,160,19
2289,160,20
2290,160,21
2291,160,22
2292,160,23
2293,161,0
2294,161,1
2295,161,2
2296,161,3
2297,161,17
2298,161,18
2299,161,19
2300,161,20
2301,161,21
2302,161,22
2303,161,23
2304,162,0
2305,162,1
2306,162,2
2307,162,17
2308,162,18
2309,162,19
2310,162,20
2311,162,21
2312,162,22
2313,162,23
2314,163,0
2315,163,1
2316,163,2
2317,163,3
2318,163,17
2319,163,18
2320,163,19
2321,163,20
2322,163,21
2323,163,22
2324,163,23
2325,164,0
2326,164,1
2327,164,2
2328,164,3
2329,164,17
2330,164,18
2331,164,19
2332,164,20
2333,164,21
2334,164,22
2335,164,23
2336,165,0
2337,165,1
2338,165,2
2339,165,17
2340,165,18
2341,165,19
2342,165,20
2343,165,21
2344,165,22
2345,165,23
2346,166,0
2347,166,1
2348,166,2
2349,166,17
2350,166,18
2351,166,19
2352,166,20
2353,166,21
2354,166,22
2355,166,23
2356,167,0
2357,167,1
2358,167,2
2359,167,3
2360,167,17
2361,167,18
2362,167,19
2363,167,20
2364,167,21
2365,167,22
2366,167,23
2367,168,0
2368,168,1
2369,168,2
2370,168,17
2371,168,18
2372,168,19
2373,168,20
2374,168,21
2375,168,22
2376,168,23
2377,169,0
2378,169,1
2379,169,2
2380,169,3
2381,169,17
2382,169,18
2383,169,19
2384,169,20
2385,169,21
2386,169,22
2387,169,23
2388,170,0
2389,170,1
2390,170,2
2391,170,3
2392,170,17
2393,170,18
2394,170,19
2395,170,20
2396,170,21
2397,170,22
2398,170,23
2399,171,0
2400,171,1
2401,171,2
2402,171,17
2403,171,18
2404,171,19
2405,171,20
2406,171,21
2407,171,22
2408,171,23
2409,172,0
2410,172,1
2411,172,2
2412,172,3
2413,172,17
2414,172,18
2415,172,19
2416,172,20
2417,172,21
2418,172,22
2419,172,23
2420,173,0
2421,173,1
2422,173,2
2423,173,3
2424,173,17
2425,173,18
2426,173,19
2427,173,20
2428,173,21
2429,173,22
2430,173,23
2431,174,0
2432,174,1
2433,174,2
2434,174,3
2435,174,17
2436,174,18
2437,174,19
2438,174,20
2439,174,21
2440,174,22
2441,174,23
2442,175,0
2443,175,1
2444,175,2
2445,175,3
2446,175,17
2447,175,18
2448,175,19
2449,175,20
2450,175,21
2451,175,22
2452,175,23
2453,176,0
2454,176,1
2455,176,2
2456,176,17
2457,176,18
2458,176,19
2459,176,20
2460,176,21
2461,176,22
2462,176,23
2463,177,0
2464,177,1
2465,177,2
2466,177,17
2467,177,18
2468,177,19
2469,177,20
2470,177,21
2471,177,22
2472,177,23
2473,178,0
2474,178,1
2475,178,2
2476,178,17
2477,178,18
2478,178,19
2479,178,20
2480,178,21
2481,178,22
2482,178,23
2483,179,0
2484,179,1
2485,179,2
2486,179,17
2487,179,18
2488,179,19
2489,179,20
2490,179,21
2491,179,22
2492,179,23
2493,180,0
2494,180,1
2495,180,2
2496,180,3
2497,180,17
2498,180,18
2499,180,19
2500,180,20
2501,180,21
2502,180,22
2503,180,23
2504,181,0
2505,181,1
2506,181,2
2507,181,17
2508,181,18
2509,181,19
2510,181,20
2511,181,21
2512,181,22
2513,181,23
2514,182,0
2515,182,1
2516,182,2
2517,182,3
2518,182,17
2519,182,18
2520,182,19
2521,182,20
2522,182,21
2523,182,22
2524,182,23
2525,183,0
2526,183,1
2527,183,2
2528,183,3
2529,183,17
2530,183,18
2531,183,19
2532,183,20
2533,183,21
2534,183,22
2535,183,23
2536,184,0
2537,184,1
2538,184,2
2539,184,17
2540,184,18
2541,184,19
2542,184,20
2543,184,21
2544,184,22
2545,184,23
2546,185,0
2547,185,1
2548,185,2
2549,185,3
2550,185,17
2551,185,18
2552,185,19
2553,185,20
2554,185,21
2555,185,22
2556,185,23
2557,186,0
2558,186,1
2559,186,2
2560,186,3
2561,186,17
2562,186,18
2563,186,19
2564,186,20
2565,186,21
2566,186,22
2567,186,23
2568,187,0
2569,187,1
2570,187,2
2571,187,3
2572,187,17
2573,187,18
2574,187,19
2575,187,20
2576,187,21
2577,187,22
2578,187,23
2579,188,0
2580,188,1
2581,188,2
2582,188,3
2583,188,17
2584,188,18
2585,188,19
2586,188,20
2587,188,21
2588,188,22
2589,188,23
2590,189,0
2591,189,1
2592,189,2
2593,189,3
2594,189,17
2595,189,18
2596,189,19
2597,189,20
2598,189,21
2599,189,22
2600,189,23
2601,190,0
2602,190,1
2603,190,2
2604,190,3
2605,190,17
2606,190,18
2607,190,19
2608,190,20
2609,190,21
2610,190,22
2611,190,23
2612,191,0
2613,191,1
2614,191,2
2615,191,3
2616,191,17
2617,191,18
2618,191,19
2619,191,20
2620,191,21
2621,191,22
2622,191,23
2623,192,0
2624,192,1
2625,192,2
2626,192,3
2627,192,17
2628,192,18
2629,192,19
2630,192,20
2631,192,21
2632,192,22
2633,192,23
2634,193,0
2635,193,1
2636,193,2
2637,193,3
2638,193,17
2639,193,18
2640,193,19
2641,193,20
2642,193,21
2643,193,22
2644,193,23
2645,194,0
2646,194,1
2647,194,2
2648,194,3
2649,194,17
2650,194,18
2651,194,19
2652,194,20
2653,194,21
2654,194,22
2655,194,23
2656,195,0
2657,195,1
2658,195,2
2659,195,3
2660,195,17
2661,195,18
2662,195,19
2663,195,20
2664,195,21
2665,195,22
2666,195,23
2667,196,0
2668,196,1
2669,196,2
2670,196,3
2671,196,17
2672,196,18
2673,196,19
2674,196,20
2675,196,21
2676,196,22
2677,196,23
2678,197,0
2679,197,1
2680,197,2
2681,197,3
2682,197,17
2683,197,18
2684,197,19
2685,197,20
2686,197,21
2687,197,22
2688,197,23
2689,198,0
2690,198,1
2691,198,2
2692,198,3
2693,198,17
2694,198,18
2695,198,19
2696,198,20
2697,198,21
2698,198,22
2699,198,23
2700,199,0
2701,199,1
2702,199,2
2703,199,3
2704,199,17
2705,199,18
2706,199,19
2707,199,20
2708,199,21
2709,199,22
2710,199,23
2711,200,0
2712,200,1
2713,200,2
2714,200,3
2715,200,17
2716,200,18
2717,200,19
2718,200,20
2719,200,21
2720,200,22
2721,200,23
2722,201,0
2723,201,1
2724,201,2
2725,201,3
2726,201,17
2727,201,18
2728,201,19
2729,201,20
2730,201,21
2731,201,22
2732,201,23
2733,202,0
2734,202,1
2735,202,2
2736,202,3
2737,202,17
2738,202,18
2739,202,19
2740,202,20
2741,202,21
2742,202,22
2743,202,23
2744,203,0
2745,203,1
2746,203,2
2747,203,3
2748,203,17
2749,203,18
2750,203,19
2751,203,20
2752,203,21
2753,203,22
2754,203,23
2755,204,0
2756,204,1
2757,204,2
2758,204,3
2759,204,17
2760,204,18
2761,204,19
2762,204,20
2763,204,21
2764,204,22
2765,204,23
2766,205,0
2767,205,1
2768,205,2
2769,205,3
2770,205,17
2771,205,18
2772,205,19
2773,205,20
2774,205,21
2775,205,22
2776,205,23
2777,206,0
2778,206,1
2779,206,2
2780,206,3
2781,206,17
2782,206,18
2783,206,19
2784,206,20
2785,206,21
2786,206,22
2787,206,23
2788,207,0
2789,207,1
2790,207,2
2791,207,3
2792,207,17
2793,207,18
2794,207,19
2795,207,20
2796,207,21
2797,207,22
2798,207,23
2799,208,0
2800,208,1
2801,208,2
2802,208,3
2803,208,17
2804,208,18
2805,208,19
2806,208,20
2807,208,21
2808,208,22
2809,208,23
2810,209,0
2811,209,1
2812,209,2
2813,209,3
2814,209,17
2815,209,18
2816,209,19
2817,209,20
2818,209,21
2819,209,22
2820,209,23
2821,210,0
2822,210,1
2823,210,2
2824,210,3
2825,210,17
2826,210,18
2827,210,19
2828,210,20
2829,210,21
2830,210,22
2831,210,23
2832,211,0
2833,211,1
2834,211,2
2835,211,3
2836,211,17
2837,211,18
2838,211,19
2839,211,20
2840,211,21
2841,211,22
2842,211,23
2843,212,0
2844,212,1
2845,212,2
2846,212,3
2847,212,17
2848,212,18
2849,212,19
2850,212,20
2851,212,21
2852,212,22
2853,212,23
2854,213,0
2855,213,1
2856,213,2
2857,213,3
2858,213,17
2859,213,18
2860,213,19
2861,213,20
2862,213,21
2863,213,22
2864,213,23
2865,214,0
2866,214,1
2867,214,2
2868,214,3
2869,214,17
2870,214,18
2871,214,19
2872,214,20
2873,214,21
2874,214,22
2875,214,23
2876,215,0
2877,215,1
2878,215,2
2879,215,3
2880,215,17
2881,215,18
2882,215,19
2883,215,20
2884,215,21
2885,215,22
2886,215,23
2887,216,0
2888,216,1
2889,216,2
2890,216,3
2891,216,17
2892,216,18
2893,216,19
2894,216,20
2895,216,21
2896,216,22
2897,216,23
2898,217,0
2899,217,1
2900,217,2
2901,217,3
2902,217,17
2903,217,18
2904,217,19
2905,217,20
2906,217,21
2907,217,22
2908,217,23
2909,218,0
2910,218,1
2911,218,2
2912,218,3
2913,218,17
2914,218,18
2915,218,19
2916,218,20
2917,218,21
2918,218,22
2919,218,23
2920,219,0
2921,219,1
2922,219,2
2923,219,3
2924,219,17
2925,219,18
2926,219,19
2927,219,20
2928,219,21
2929,219,22
2930,219,23
2931,220,0
2932,220,1
2933,220,2
2934,220,3
2935,220,17
2936,220,18
2937,220,19
2938,220,20
2939,220,21
2940,220,22
2941,220,23
2942,221,0
2943,221,1
2944,221,2
2945,221,3
2946,221,17
2947,221,18
2948,221,19
2949,221,20
2950,221,21
2951,221,22
2952,221,23
2953,222,0
2954,222,1
2955,222,2
2956,222,3
2957,222,17
2958,222,18
2959,222,19
2960,222,20
2961,222,21
2962,222,22
2963,222,23
2964,223,0
2965,223,1
2966,223,2
2967,223,3
2968,223,17
2969,223,18
2970,223,19
2971,223,20
2972,223,21
2973,223,22
2974,223,23
2975,224,0
2976,224,1
2977,224,2
2978,224,3
2979,224,17
2980,224,18
2981,224,19
2982,224,20
2983,224,21
2984,224,22
2985,224,23
2986,225,0
2987,225,1
2988,225,2
2989,225,3
2990,225,17
2991,225,18
2992,225,19
2993,225,20
2994,225,21
2995,225,22
2996,225,23
2997,226,0
2998,226,1
2999,226,2
3000,226,3
3001,226,17
3002,226,18
3003,226,19
3004,226,20
3005,226,21
3006,226,22
3007,226,23
3008,227,0
3009,227,1
3010,227,2
3011,227,3
3012,227,17
3013,227,18
3014,227,19
3015,227,20
3016,227,21
3017,227,22
3018,227,23
3019,228,0
3020,228,1
3021,228,2
3022,228,3
3023,228,17
3024,228,18
3025,228,19
3026,228,20
3027,228,21
3028,228,22
3029,228,23
3030,229,0
3031,229,1
3032,229,2
3033,229,3
3034,229,17
3035,229,18
3036,229,19
3037,229,20
3038,229,21
3039,229,22
3040,229,23
3041,230,0
3042,230,1
3043,230,2
3044,230,3
3045,230,17
3046,230,18
3047,230,19
3048,230,20
3049,230,21
3050,230,22
3051,230,23
3052,231,0
3053,231,1
3054,231,2
3055,231,3
3056,231,17
3057,231,18
3058,231,19
3059,231,20
3060,231,21
3061,231,22
3062,231,23
3063,232,0
3064,232,1
3065,232,2
3066,232,3
3067,232,16
3068,232,17
3069,232,18
3070,232,19
3071,232,20
3072,232,21
3073,232,22
3074,232,23
3075,233,0
3076,233,1
3077,233,2
3078,233,3
3079,233,16
3080,233,17
3081,233,18
3082,233,19
3083,233,20
3084,233,21
3085,233,22
3086,233,23
3087,234,0
3088,234,1
3089,234,2
3090,234,3
3091,234,16
3092,234,17
3093,234,18
3094,234,19
3095,234,20
3096,234,21
3097,234,22
3098,234,23
3099,235,0
3100,235,1
3101,235,2
3102,235,3
3103,235,16
3104,235,17
3105,235,18
3106,235,19
3107,235,20
3108,235,21
3109,235,22
3110,235,23
3111,236,0
3112,236,1
3113,236,2
3114,236,3
3115,236,16
3116,236,17
3117,236,18
3118,236,19
3119,236,20
3120,236,21
3121,236,22
3122,236,23
3123,237,0
3124,237,1
3125,237,2
3126,237,3
3127,237,16
3128,237,17
3129,237,18
3130,237,19
3131,237,20
3132,237,21
3133,237,22
3134,237,23
3135,238,0
3136,238,1
3137,238,2
3138,238,3
3139,238,16
3140,238,17
3141,238,18
3142,238,19
3143,238,20
3144,238,21
3145,238,22
3146,238,23
3147,239,0
3148,239,1
3149,239,2
3150,239,3
3151,239,16
3152,239,17
3153,239,18
3154,239,19
3155,239,20
3156,239,21
3157,239,22
3158,239,23
3159,240,0
3160,240,1
3161,240,2
3162,240,3
3163,240,4
3164,240,16
3165,240,17
3166,240,18
3167,240,19
3168,240,20
3169,240,21
3170,240,22
3171,240,23
3172,241,0
3173,241,1
3174,241,2
3175,241,3
3176,241,4
3177,241,16
3178,241,17
3179,241,18
3180,241,19
3181,241,20
3182,241,21
3183,241,22
3184,241,23
3185,242,0
3186,242,1
3187,242,2
3188,242,3
3189,242,4
3190,242,16
3191,242,17
3192,242,18
3193,242,19
3194,242,20
3195,242,21
3196,242,22
3197,242,23
3198,243,0
3199,243,1
3200,243,2
3201,243,3
3202,243,4
3203,243,16
3204,243,17
3205,243,18
3206,243,19
3207,243,20
3208,243,21
3209,243,22
3210,243,23
3211,244,0
3212,244,1
3213,244,2
3214,244,3
3215,244,4
3216,244,16
3217,244,17
3218,244,18
3219,244,19
3220,244,20
3221,244,21
3222,244,22
3223,244,23
3224,245,0
3225,245,1
3226,245,2
3227,245,3
3228,245,4
3229,245,16
3230,245,17
3231,245,18
3232,245,19
3233,245,20
3234,245,21
3235,245,22
3236,245,23
3237,246,0
3238,246,1
3239,246,2
3240,246,3
3241,246,4
3242,246,16
3243,246,17
3244,246,18
3245,246,19
3246,246,20
3247,246,21
3248,246,22
3249,246,23
3250,247,0
3251,247,1
3252,247,2
3253,247,3
3254,247,4
3255,247,16
3256,247,17
3257,247,18
3258,247,19
3259,247,20
3260,247,21
3261,247,22
3262,247,23
3263,248,0
3264,248,1
3265,248,2
3266,248,3
3267,248,4
3268,248,16
3269,248,17
3270,248,18
3271,248,19
3272,248,20
3273,248,21
3274,248,22
3275,248,23
3276,249,0
3277,249,1
3278,249,2
3279,249,3
3280,249,4
3281,249,16
3282,249,17
3283,249,18
3284,249,19
3285,249,20
3286,249,21
3287,249,22
3288,249,23
3289,250,0
3290,250,1
3291,250,2
3292,250,3
3293,250,4
3294,250,16
3295,250,17
3296,250,18
3297,250,19
3298,250,20
3299,250,21
3300,250,22
3301,250,23
3302,251,0
3303,251,1
3304,251,2
3305,251,3
3306,251,4
3307,251,16
3308,251,17
3309,251,18
3310,251,19
3311,251,20
3312,251,21
3313,251,22
3314,251,23
3315,252,0
3316,252,1
3317,252,2
3318,252,3
3319,252,4
3320,252,16
3321,252,17
3322,252,18
3323,252,19
3324,252,20
3325,252,21
3326,252,22
3327,252,23
3328,253,0
3329,253,1
3330,253,2
3331,253,3
3332,253,4
3333,253,16
3334,253,17
3335,253,18
3336,253,19
3337,253,20
3338,253,21
3339,253,22
3340,253,23
3341,254,0
3342,254,1
3343,254,2
3344,254,3
3345,254,4
3346,254,16
3347,254,17
3348,254,18
3349,254,19
3350,254,20
3351,254,21
3352,254,22
3353,254,23
3354,255,0
3355,255,1
3356,255,2
3357,255,3
3358,255,4
3359,255,16
3360,255,17
3361,255,18
3362,255,19
3363,255,20
3364,255,21
3365,255,22
3366,255,23
3367,256,0
3368,256,1
3369,256,2
3370,256,3
3371,256,4
3372,256,16
3373,256,17
3374,256,18
3375,256,19
3376,256,20
3377,256,21
3378,256,22
3379,256,23
3380,257,0
3381,257,1
3382,257,2
3383,257,3
3384,257,4
3385,257,16
3386,257,17
3387,257,18
3388,257,19
3389,257,20
3390,257,21
3391,257,22
3392,257,23
3393,258,0
3394,258,1
3395,258,2
3396,258,3
3397,258,4
3398,258,16
3399,258,17
3400,258,18
3401,258,19
3402,258,20
3403,258,21
3404,258,22
3405,258,23
3406,259,0
3407,259,1
3408,259,2
3409,259,3
3410,259,4
3411,259,16
3412,259,17
3413,259,18
3414,259,19
3415,259,20
3416,259,21
3417,259,22
3418,259,23
3419,260,0
3420,260,1
3421,260,2
3422,260,3
3423,260,4
3424,260,16
3425,260,17
3426,260,18
3427,260,19
3428,260,20
3429,260,21
3430,260,22
3431,260,23
3432,261,0
3433,261,1
3434,261,2
3435,261,3
3436,261,4
3437,261,16
3438,261,17
3439,261,18
3440,261,19
3441,261,20
3442,261,21
3443,261,22
3444,261,23
3445,262,0
3446,262,1
3447,262,2
3448,262,3
3449,262,4
3450,262,16
3451,262,17
3452,262,18
3453,262,19
3454,262,20
3455,262,21
3456,262,22
3457,262,23
3458,263,0
3459,263,1
3460,263,2
3461,263,3
3462,263,4
3463,263,16
3464,263,17
3465,263,18
3466,263,19
3467,263,20
3468,263,21
3469,263,22
3470,263,23
3471,264,0
3472,264,1
3473,264,2
3474,264,3
3475,264,4
3476,264,16
3477,264,17
3478,264,18
3479,264,19
3480,264,20
3481,264,21
3482,264,22
3483,264,23
3484,265,0
3485,265,1
3486,265,2
3487,265,3
3488,265,4
3489,265,5
3490,265,16
3491,265,17
3492,265,18
3493,265,19
3494,265,20
3495,265,21
3496,265,22
3497,265,23
3498,266,0
3499,266,1
3500,266,2
3501,266,3
3502,266,4
3503,266,16
3504,266,17
3505,266,18
3506,266,19
3507,266,20
3508,266,21
3509,266,22
3510,266,23
3511,267,0
3512,267,1
3513,267,2
3514,267,3
3515,267,4
3516,267,16
3517,267,17
3518,267,18
3519,267,19
3520,267,20
3521,267,21
3522,267,22
3523,267,23
3524,268,0
3525,268,1
3526,268,2
3527,268,3
3528,268,4
3529,268,16
3530,268,17
3531,268,18
3532,268,19
3533,268,20
3534,268,21
3535,268,22
3536,268,23
3537,269,0
3538,269,1
3539,269,2
3540,269,3
3541,269,4
3542,269,5
3543,269,15
3544,269,16
3545,269,17
3546,269,18
3547,269,19
3548,269,20
3549,269,21
3550,269,22
3551,269,23
3552,270,0
3553,270,1
3554,270,2
3555,270,3
3556,270,4
3557,270,5
3558,270,15
3559,270,16
3560,270,17
3561,270,18
3562,270,19
3563,270,20
3564,270,21
3565,270,22
3566,270,23
3567,271,0
3568,271,1
3569,271,2
3570,271,3
3571,271,4
3572,271,5
3573,271,15
3574,271,16
3575,271,17
3576,271,18
3577,271,19
3578,271,20
3579,271,21
3580,271,22
3581,271,23
3582,272,0
3583,272,1
3584,272,2
3585,272,3
3586,272,4
3587,272,5
3588,272,15
3589,272,16
3590,272,17
3591,272,18
3592,272,19
3593,272,20
3594,272,21
3595,272,22
3596,272,23
3597,273,0
3598,273,1
3599,273,2
3600,273,3
3601,273,4
3602,273,5
3603,273,15
3604,273,16
3605,273,17
3606,273,18
3607,273,19
3608,273,20
3609,273,21
3610,273,22
3611,273,23
3612,274,0
3613,274,1
3614,274,2
3615,274,3
3616,274,4
3617,274,5
3618,274,15
3619,274,16
3620,274,17
3621,274,18
3622,274,19
3623,274,20
3624,274,21
3625,274,22
3626,274,23
3627,275,0
3628,275,1
3629,275,2
3630,275,3
3631,275,4
3632,275,5
3633,275,15
3634,275,16
3635,275,17
3636,275,18
3637,275,19
3638,275,20
3639,275,21
3640,275,22
3641,275,23
3642,276,0
3643,276,1
3644,276,2
3645,276,3
3646,276,4
3647,276,5
3648,276,15
3649,276,16
3650,276,17
3651,276,18
3652,276,19
3653,276,20
3654,276,21
3655,276,22
3656,276,23
3657,277,0
3658,277,1
3659,277,2
3660,277,3
3661,277,4
3662,277,5
3663,277,15
3664,277,16
3665,277,17
3666,277,18
3667,277,19
3668,277,20
3669,277,21
3670,277,22
3671,277,23
3672,278,0
3673,278,1
3674,278,2
3675,278,3
3676,278,4
3677,278,5
3678,278,15
3679,278,16
3680,278,17
3681,278,18
3682,278,19
3683,278,20
3684,278,21
3685,278,22
3686,278,23
3687,279,0
3688,279,1
3689,279,2
3690,279,3
3691,279,4
3692,279,5
3693,279,15
3694,279,16
3695,279,17
3696,279,18
3697,279,19
3698,279,20
3699,279,21
3700,279,22
3701,279,23
3702,280,0
3703,280,1
3704,280,2
3705,280,3
3706,280,4
3707,280,5
3708,280,15
3709,280,16
3710,280,17
3711,280,18
3712,280,19
3713,280,20
3714,280,21
3715,280,22
3716,280,23
3717,281,0
3718,281,1
3719,281,2
3720,281,3
3721,281,4
3722,281,5
3723,281,15
3724,281,16
3725,281,17
3726,281,18
3727,281,19
3728,281,20
3729,281,21
3730,281,22
3731,281,23
3732,282,0
3733,282,1
3734,282,2
3735,282,3
3736,282,4
3737,282,5
3738,282,15
3739,282,16
3740,282,17
3741,282,18
3742,282,19
3743,282,20
3744,282,21
3745,282,22
3746,282,23
3747,283,0
3748,283,1
3749,283,2
3750,283,3
3751,283,4
3752,283,5
3753,283,15
3754,283,16
3755,283,17
3756,283,18
3757,283,19
3758,283,20
3759,283,21
3760,283,22
3761,283,23
3762,284,0
3763,284,1
3764,284,2
3765,284,3
3766,284,4
3767,284,5
3768,284,15
3769,284,16
3770,284,17
3771,284,18
3772,284,19
3773,284,20
3774,284,21
3775,284,22
3776,284,23
3777,285,0
3778,285,1
3779,285,2
3780,285,3
3781,285,4
3782,285,5
3783,285,15
3784,285,16
3785,285,17
3786,285,18
3787,285,19
3788,285,20
3789,285,21
3790,285,22
3791,285,23
3792,286,0
3793,286,1
3794,286,2
3795,286,3
3796,286,4
3797,286,5
3798,286,15
3799,286,16
3800,286,17
3801,286,18
3802,286,19
3803,286,20
3804,286,21
3805,286,22
3806,286,23
3807,287,0
3808,287,1
3809,287,2
3810,287,3
3811,287,4
3812,287,5
3813,287,15
3814,287,16
3815,287,17
3816,287,18
3817,287,19
3818,287,20
3819,287,21
3820,287,22
3821,287,23
3822,288,0
3823,288,1
3824,288,2
3825,288,3
3826,288,4
3827,288,5
3828,288,15
3829,288,16
3830,288,17
3831,288,18
3832,288,19
3833,288,20
3834,288,21
3835,288,22
3836,288,23
3837,289,0
3838,289,1
3839,289,2
3840,289,3
3841,289,4
3842,289,5
3843,289,15
3844,289,16
3845,289,17
3846,289,18
3847,289,19
3848,289,20
3849,289,21
3850,289,22
3851,289,23
3852,290,0
3853,290,1
3854,290,2
3855,290,3
3856,290,4
3857,290,5
3858,290,15
3859,290,16
3860,290,17
3861,290,18
3862,290,19
3863,290,20
3864,290,21
3865,290,22
3866,290,23
3867,291,0
3868,291,1
3869,291,2
3870,291,3
3871,291,4
3872,291,5
3873,291,15
3874,291,16
3875,291,17
3876,291,18
3877,291,19
3878,291,20
3879,291,21
3880,291,22
3881,291,23
3882,292,0
3883,292,1
3884,292,2
3885,292,3
3886,292,4
3887,292,5
3888,292,15
3889,292,16
3890,292,17
3891,292,18
3892,292,19
3893,292,20
3894,292,21
3895,292,22
3896,292,23
3897,293,0
3898,293,1
3899,293,2
3900,293,3
3901,293,4
3902,293,5
3903,293,6
3904,293,15
3905,293,16
3906,293,17
3907,293,18
3908,293,19
3909,293,20
3910,293,21
3911,293,22
3912,293,23
3913,294,0
3914,294,1
3915,294,2
3916,294,3
3917,294,4
3918,294,5
3919,294,6
3920,294,15
3921,294,16
3922,294,17
3923,294,18
3924,294,19
3925,294,20
3926,294,21
3927,294,22
3928,294,23
3929,295,0
3930,295,1
3931,295,2
3932,295,3
3933,295,4
3934,295,5
3935,295,6
3936,295,15
3937,295,16
3938,295,17
3939,295,18
3940,295,19
3941,295,20
3942,295,21
3943,295,22
3944,295,23
3945,296,0
3946,296,1
3947,296,2
3948,296,3
3949,296,4
3950,296,5
3951,296,6
3952,296,15
3953,296,16
3954,296,17
3955,296,18
3956,296,19
3957,296,20
3958,296,21
3959,296,22
3960,296,23
3961,297,0
3962,297,1
3963,297,2
3964,297,3
3965,297,4
3966,297,5
3967,297,6
3968,297,14
3969,297,15
3970,297,16
3971,297,17
3972,297,18
3973,297,19
3974,297,20
3975,297,21
3976,297,22
3977,297,23
3978,298,0
3979,298,1
3980,298,2
3981,298,3
3982,298,4
3983,298,5
3984,298,6
3985,298,14
3986,298,15
3987,298,16
3988,298,17
3989,298,18
3990,298,19
3991,298,20
3992,298,21
3993,298,22
3994,298,23
3995,299,0
3996,299,1
3997,299,2
3998,299,3
3999,299,4
4000,299,5
4001,299,6
4002,299,14
4003,299,15
4004,299,16
4005,299,17
4006,299,18
4007,299,19
4008,299,20
4009,299,21
4010,299,22
4011,299,23
4012,300,0
4013,300,1
4014,300,2
4015,300,3
4016,300,4
4017,300,5
4018,300,6
4019,300,14
4020,300,15
4021,300,16
4022,300,17
4023,300,18
4024,300,19
4025,300,20
4026,300,21
4027,300,22
4028,300,23
4029,301,0
4030,301,1
4031,301,2
4032,301,3
4033,301,4
4034,301,5
4035,301,6
4036,301,14
4037,301,15
4038,301,16
4039,301,17
4040,301,18
4041,301,19
4042,301,20
4043,301,21
4044,301,22
4045,301,23
4046,302,0
4047,302,1
4048,302,2
4049,302,3
4050,302,4
4051,302,5
4052,302,6
4053,302,14
4054,302,15
4055,302,16
4056,302,17
4057,302,18
4058,302,19
4059,302,20
4060,302,21
4061,302,22
4062,302,23
4063,303,0
4064,303,1
4065,303,2
4066,303,3
4067,303,4
4068,303,5
4069,303,6
4070,303,14
4071,303,15
4072,303,16
4073,303,17
4074,303,18
4075,303,19
4076,303,20
4077,303,21
4078,303,22
4079,303,23
4080,304,0
4081,304,1
4082,304,2
4083,304,3
4084,304,4
4085,304,5
4086,304,6
4087,304,14
4088,304,15
4089,304,16
4090,304,17
4091,304,18
4092,304,19
4093,304,20
4094,304,21
4095,304,22
4096,304,23
4097,305,0
4098,305,1
4099,305,2
4100,305,3
4101,305,4
4102,305,5
4103,305,6
4104,305,14
4105,305,15
4106,305,16
4107,305,17
4108,305,18
4109,305,19
4110,305,20
4111,305,21
4112,305,22
4113,305,23
4114,306,0
4115,306,1
4116,306,2
4117,306,3
4118,306,4
4119,306,5
4120,306,6
4121,306,14
4122,306,15
4123,306,16
4124,306,17
4125,306,18
4126,306,19
4127,306,20
4128,306,21
4129,306,22
4130,306,23
4131,307,0
4132,307,1
4133,307,2
4134,307,3
4135,307,4
4136,307,5
4137,307,6
4138,307,14
4139,307,15
4140,307,16
4141,307,17
4142,307,18
4143,307,19
4144,307,20
4145,307,21
4146,307,22
4147,307,23
4148,308,0
4149,308,1
4150,308,2
4151,308,3
4152,308,4
4153,308,5
4154,308,6
4155,308,14
4156,308,15
4157,308,16
4158,308,17
4159,308,18
4160,308,19
4161,308,20
4162,308,21
4163,308,22
4164,308,23
4165,309,0
4166,309,1
4167,309,2
4168,309,3
4169,309,4
4170,309,5
4171,309,6
4172,309,14
4173,309,15
4174,309,16
4175,309,17
4176,309,18
4177,309,19
4178,309,20
4179,309,21
4180,309,22
4181,309,23
4182,310,0
4183,310,1
4184,310,2
4185,310,3
4186,310,4
4187,310,5
4188,310,6
4189,310,7
4190,310,14
4191,310,15
4192,310,16
4193,310,17
4194,310,18
4195,310,19
4196,310,20
4197,310,21
4198,310,22
4199,310,23
4200,311,0
4201,311,1
4202,311,2
4203,311,3
4204,311,4
4205,311,5
4206,311,6
4207,311,14
4208,311,15
4209,311,16
4210,311,17
4211,311,18
4212,311,19
4213,311,20
4214,311,21
4215,311,22
4216,311,23
4217,312,0
4218,312,1
4219,312,2
4220,312,3
4221,312,4
4222,312,5
4223,312,6
4224,312,7
4225,312,14
4226,312,15
4227,312,16
4228,312,17
4229,312,18
4230,312,19
4231,312,20
4232,312,21
4233,312,22
4234,312,23
4235,313,0
4236,313,1
4237,313,2
4238,313,3
4239,313,4
4240,313,5
4241,313,6
4242,313,7
4243,313,14
4244,313,15
4245,313,16
4246,313,17
4247,313,18
4248,313,19
4249,313,20
4250,313,21
4251,313,22
4252,313,23
4253,314,0
4254,314,1
4255,314,2
4256,314,3
4257,314,4
4258,314,5
4259,314,6
4260,314,14
4261,314,15
4262,314,16
4263,314,17
4264,314,18
4265,314,19
4266,314,20
4267,314,21
4268,314,22
4269,314,23
4270,315,0
4271,315,1
4272,315,2
4273,315,3
4274,315,4
4275,315,5
4276,315,6
4277,315,14
4278,315,15
4279,315,16
4280,315,17
4281,315,18
4282,315,19
4283,315,20
4284,315,21
4285,315,22
4286,315,23
4287,316,0
4288,316,1
4289,316,2
4290,316,3
4291,316,4
4292,316,5
4293,316,6
4294,316,7
4295,316,14
4296,316,15
4297,316,16
4298,316,17
4299,316,18
4300,316,19
4301,316,20
4302,316,21
4303,316,22
4304,316,23
4305,317,0
4306,317,1
4307,317,2
4308,317,3
4309,317,4
4310,317,5
4311,317,6
4312,317,7
4313,317,14
4314,317,15
4315,317,16
4316,317,17
4317,317,18
4318,317,19
4319,317,20
4320,317,21
4321,317,22
4322,317,23
4323,318,0
4324,318,1
4325,318,2
4326,318,3
4327,318,4
4328,318,5
4329,318,6
4330,318,7
4331,318,13
4332,318,14
4333,318,15
4334,318,16
4335,318,17
4336,318,18
4337,318,19
4338,318,20
4339,318,21
4340,318,22
4341,318,23
4342,319,0
4343,319,1
4344,319,2
4345,319,3
4346,319,4
4347,319,5
4348,319,6
4349,319,7
4350,319,13
4351,319,14
4352,319,15
4353,319,16
4354,319,17
4355,319,18
4356,319,19
4357,319,20
4358,319,21
4359,319,22
4360,319,23
4361,320,0
4362,320,1
4363,320,2
4364,320,3
4365,320,4
4366,320,5
4367,320,6
4368,320,7
4369,320,13
4370,320,14
4371,320,15
4372,320,16
4373,320,17
4374,320,18
4375,320,19
4376,320,20
4377,320,21
4378,320,22
4379,320,23
4380,321,0
4381,321,1
4382,321,2
4383,321,3
4384,321,4
4385,321,5
4386,321,6
4387,321,7
4388,321,13
4389,321,14
4390,321,15
4391,321,16
4392,321,17
4393,321,18
4394,321,19
4395,321,20
4396,321,21
4397,321,22
4398,321,23
4399,322,0
4400,322,1
4401,322,2
4402,322,3
4403,322,4
4404,322,5
4405,322,6
4406,322,7
4407,322,13
4408,322,14
4409,322,15
4410,322,16
4411,322,17
4412,322,18
4413,322,19
4414,322,20
4415,322,21
4416,322,22
4417,322,23
4418,323,0
4419,323,1
4420,323,2
4421,323,3
4422,323,4
4423,323,5
4424,323,6
4425,323,7
4426,323,13
4427,323,14
4428,323,15
4429,323,16
4430,323,17
4431,323,18
4432,323,19
4433,323,20
4434,323,21
4435,323,22
4436,323,23
4437,324,0
4438,324,1
4439,324,2
4440,324,3
4441,324,4
4442,324,5
4443,324,6
4444,324,7
4445,324,13
4446,324,14
4447,324,15
4448,324,16
4449,324,17
4450,324,18
4451,324,19
4452,324,20
4453,324,21
4454,324,22
4455,324,23
4456,325,0
4457,325,1
4458,325,2
4459,325,3
4460,325,4
4461,325,5
4462,325,6
4463,325,7
4464,325,13
4465,325,14
4466,325,15
4467,325,16
4468,325,17
4469,325,18
4470,325,19
4471,325,20
4472,325,21
4473,325,22
4474,325,23
4475,326,0
4476,326,1
4477,326,2
4478,326,3
4479,326,4
4480,326,5
4481,326,6
4482,326,7
4483,326,13
4484,326,14
4485,326,15
4486,326,16
4487,326,17
4488,326,18
4489,326,19
4490,326,20
4491,326,21
4492,326,22
4493,326,23
4494,327,0
4495,327,1
4496,327,2
4497,327,3
4498,327,4
4499,327,5
4500,327,6
4501,327,7
4502,327,13
4503,327,14
4504,327,15
4505,327,16
4506,327,17
4507,327,18
4508,327,19
4509,327,20
4510,327,21
4511,327,22
4512,327,23
4513,328,0
4514,328,1
4515,328,2
4516,328,3
4517,328,4
4518,328,5
4519,328,6
4520,328,7
4521,328,13
4522,328,14
4523,328,15
4524,328,16
4525,328,17
4526,328,18
4527,328,19
4528,328,20
4529,328,21
4530,328,22
4531,328,23
4532,329,0
4533,329,1
4534,329,2
4535,329,3
4536,329,4
4537,329,5
4538,329,6
4539,329,7
4540,329,13
4541,329,14
4542,329,15
4543,329,16
4544,329,17
4545,329,18
4546,329,19
4547,329,20
4548,329,21
4549,329,22
4550,329,23
4551,330,0
4552,330,1
4553,330,2
4554,330,3
4555,330,4
4556,330,5
4557,330,6
4558,330,7
4559,330,13
4560,330,14
4561,330,15
4562,330,16
4563,330,17
4564,330,18
4565,330,19
4566,330,20
4567,330,21
4568,330,22
4569,330,23
4570,331,0
4571,331,1
4572,331,2
4573,331,3
4574,331,4
4575,331,5
4576,331,6
4577,331,7
4578,331,13
4579,331,14
4580,331,15
4581,331,16
4582,331,17
4583,331,18
4584,331,19
4585,331,20
4586,331,21
4587,331,22
4588,331,23
4589,332,0
4590,332,1
4591,332,2
4592,332,3
4593,332,4
4594,332,5
4595,332,6
4596,332,7
4597,332,13
4598,332,14
4599,332,15
4600,332,16
4601,332,17
4602,332,18
4603,332,19
4604,332,20
4605,332,21
4606,332,22
4607,332,23
4608,333,0
4609,333,1
4610,333,2
4611,333,3
4612,333,4
4613,333,5
4614,333,6
4615,333,7
4616,333,13
4617,333,14
4618,333,15
4619,333,16
4620,333,17
4621,333,18
4622,333,19
4623,333,20
4624,333,21
4625,333,22
4626,333,23
4627,334,0
4628,334,1
4629,334,2
4630,334,3
4631,334,4
4632,334,5
4633,334,6
4634,334,7
4635,334,13
4636,334,14
4637,334,15
4638,334,16
4639,334,17
4640,334,18
4641,334,19
4642,334,20
4643,334,21
4644,334,22
4645,334,23
4646,335,0
4647,335,1
4648,335,2
4649,335,3
4650,335,4
4651,335,5
4652,335,6
4653,335,7
4654,335,13
4655,335,14
4656,335,15
4657,335,16
4658,335,17
4659,335,18
4660,335,19
4661,335,20
4662,335,21
4663,335,22
4664,335,23
4665,336,0
4666,336,1
4667,336,2
4668,336,3
4669,336,4
4670,336,5
4671,336,6
4672,336,7
4673,336,13
4674,336,14
4675,336,15
4676,336,16
4677,336,17
4678,336,18
4679,336,19
4680,336,20
4681,336,21
4682,336,22
4683,336,23
4684,337,0
4685,337,1
4686,337,2
4687,337,3
4688,337,4
4689,337,5
4690,337,6
4691,337,7
4692,337,13
4693,337,14
4694,337,15
4695,337,16
4696,337,17
4697,337,18
4698,337,19
4699,337,20
4700,337,21
4701,337,22
4702,337,23
4703,338,0
4704,338,1
4705,338,2
4706,338,3
4707,338,4
4708,338,5
4709,338,6
4710,338,7
4711,338,13
4712,338,14
4713,338,15
4714,338,16
4715,338,17
4716,338,18
4717,338,19
4718,338,20
4719,338,21
4720,338,22
4721,338,23
4722,339,0
4723,339,1
4724,339,2
4725,339,3
4726,339,4
4727,339,5
4728,339,6
4729,339,7
4730,339,13
4731,339,14
4732,339,15
4733,339,16
4734,339,17
4735,339,18
4736,339,19
4737,339,20
4738,339,21
4739,339,22
4740,339,23
4741,340,0
4742,340,1
4743,340,2
4744,340,3
4745,340,4
4746,340,5
4747,340,6
4748,340,7
4749,340,13
4750,340,14
4751,340,15
4752,340,16
4753,340,17
4754,340,18
4755,340,19
4756,340,20
4757,340,21
4758,340,22
4759,340,23
4760,341,0
4761,341,1
4762,341,2
4763,341,3
4764,341,4
4765,341,5
4766,341,6
4767,341,7
4768,341,13
4769,341,14
4770,341,15
4771,341,16
4772,341,17
4773,341,18
4774,341,19
4775,341,20
4776,341,21
4777,341,22
4778,341,23
4779,342,0
4780,342,1
4781,342,2
4782,342,3
4783,342,4
4784,342,5
4785,342,6
4786,342,7
4787,342,13
4788,342,14
4789,342,15
4790,342,16
4791,342,17
4792,342,18
4793,342,19
4794,342,20
4795,342,21
4796,342,22
4797,342,23
4798,343,0
4799,343,1
4800,343,2
4801,343,3
4802,343,4
4803,343,5
4804,343,6
4805,343,7
4806,343,13
4807,343,14
4808,343,15
4809,343,16
4810,343,17
4811,343,18
4812,343,19
4813,343,20
4814,343,21
4815,343,22
4816,343,23
4817,344,0
4818,344,1
4819,344,2
4820,344,3
4821,344,4
4822,344,5
4823,344,6
4824,344,7
4825,344,8
4826,344,12
4827,344,13
4828,344,14
4829,344,15
4830,344,16
4831,344,17
4832,344,18
4833,344,19
4834,344,20
4835,344,21
4836,344,22
4837,344,23
4838,345,0
4839,345,1
4840,345,2
4841,345,3
4842,345,4
4843,345,5
4844,345,6
4845,345,7
4846,345,8
4847,345,13
4848,345,14
4849,345,15
4850,345,16
4851,345,17
4852,345,18
4853,345,19
4854,345,20
4855,345,21
4856,345,22
4857,345,23
4858,346,0
4859,346,1
4860,346,2
4861,346,3
4862,346,4
4863,346,5
4864,346,6
4865,346,7
4866,346,8
4867,346,13
4868,346,14
4869,346,15
4870,346,16
4871,346,17
4872,346,18
4873,346,19
4874,346,20
4875,346,21
4876,346,22
4877,346,23
4878,347,0
4879,347,1
4880,347,2
4881,347,3
4882,347,4
4883,347,5
4884,347,6
4885,347,7
4886,347,13
4887,347,14
4888,347,15
4889,347,16
4890,347,17
4891,347,18
4892,347,19
4893,347,20
4894,347,21
4895,347,22
4896,347,23
4897,348,0
4898,348,1
4899,348,2
4900,348,3
4901,348,4
4902,348,5
4903,348,6
4904,348,7
4905,348,13
4906,348,14
4907,348,15
4908,348,16
4909,348,17
4910,348,18
4911,348,19
4912,348,20
4913,348,21
4914,348,22
4915,348,23
4916,349,0
4917,349,1
4918,349,2
4919,349,3
4920,349,4
4921,349,5
4922,349,6
4923,349,7
4924,349,13
4925,349,14
4926,349,15
4927,349,16
4928,349,17
4929,349,18
4930,349,19
4931,349,20
4932,349,21
4933,349,22
4934,349,23
4935,350,0
4936,350,1
4937,350,2
4938,350,3
4939,350,4
4940,350,5
4941,350,6
4942,350,7
4943,350,13
4944,350,14
4945,350,15
4946,350,16
4947,350,17
4948,350,18
4949,350,19
4950,350,20
4951,350,21
4952,350,22
4953,350,23
4954,351,0
4955,351,1
4956,351,2
4957,351,3
4958,351,4
4959,351,5
4960,351,6
4961,351,7
4962,351,13
4963,351,14
4964,351,15
4965,351,16
4966,351,17
4967,351,18
4968,351,19
4969,351,20
4970,351,21
4971,351,22
4972,351,23
4973,352,0
4974,352,1
4975,352,2
4976,352,3
4977,352,4
4978,352,5
4979,352,6
4980,352,7
4981,352,13
4982,352,14
4983,352,15
4984,352,16
4985,352,17
4986,352,18
4987,352,19
4988,352,20
4989,352,21
4990,352,22
4991,352,23
4992,353,0
4993,353,1
4994,353,2
4995,353,3
4996,353,4
4997,353,5
4998,353,6
4999,353,7
5000,353,8
5001,353,12
5002,353,13
5003,353,14
5004,353,15
5005,353,16
5006,353,17
5007,353,18
5008,353,19
5009,353,20
5010,353,21
5011,353,22
5012,353,23
5013,354,0
5014,354,1
5015,354,2
5016,354,3
5017,354,4
5018,354,5
5019,354,6
5020,354,7
5021,354,8
5022,354,12
5023,354,13
5024,354,14
5025,354,15
5026,354,16
5027,354,17
5028,354,18
5029,354,19
5030,354,20
5031,354,21
5032,354,22
5033,354,23
5034,355,0
5035,355,1
5036,355,2
5037,355,3
5038,355,4
5039,355,5
5040,355,6
5041,355,7
5042,355,8
5043,355,12
5044,355,13
5045,355,14
5046,355,15
5047,355,16
5048,355,17
5049,355,18
5050,355,19
5051,355,20
5052,355,21
5053,355,22
5054,355,23
5055,356,0
5056,356,1
5057,356,2
5058,356,3
5059,356,4
5060,356,5
5061,356,6
5062,356,7
5063,356,13
5064,356,14
5065,356,15
5066,356,16
5067,356,17
5068,356,18
5069,356,19
5070,356,20
5071,356,21
5072,356,22
5073,356,23
5074,357,0
5075,357,1
5076,357,2
5077,357,3
5078,357,4
5079,357,5
5080,357,6
5081,357,7
5082,357,13
5083,357,14
5084,357,15
5085,357,16
5086,357,17
5087,357,18
5088,357,19
5089,357,20
5090,357,21
5091,357,22
5092,357,23
5093,358,0
5094,358,1
5095,358,2
5096,358,3
5097,358,4
5098,358,5
5099,358,6
5100,358,7
5101,358,13
5102,358,14
5103,358,15
5104,358,16
5105,358,17
5106,358,18
5107,358,19
5108,358,20
5109,358,21
5110,358,22
5111,358,23
5112,359,0
5113,359,1
5114,359,2
5115,359,3
5116,359,4
5117,359,5
5118,359,6
5119,359,7
5120,359,13
5121,359,14
5122,359,15
5123,359,16
5124,359,17
5125,359,18
5126,359,19
5127,359,20
5128,359,21
5129,359,22
5130,359,23
5131,360,0
5132,360,1
5133,360,2
5134,360,3
5135,360,4
5136,360,5
5137,360,6
5138,360,7
5139,360,13
5140,360,14
5141,360,15
5142,360,16
5143,360,17
5144,360,18
5145,360,19
5146,360,20
5147,360,21
5148,360,22
5149,360,23
5150,361,0
5151,361,1
5152,361,2
5153,361,3
5154,361,4
5155,361,5
5156,361,6
5157,361,7
5158,361,12
5159,361,13
5160,361,14
5161,361,15
5162,361,16
5163,361,17
5164,361,18
5165,361,19
5166,361,20
5167,361,21
5168,361,22
5169,361,23
5170,362,0
5171,362,1
5172,362,2
5173,362,3
5174,362,4
5175,362,5
5176,362,6
5177,362,7
5178,362,8
5179,362,12
5180,362,13
5181,362,14
5182,362,15
5183,362,16
5184,362,17
5185,362,18
5186,362,19
5187,362,20
5188,362,21
5189,362,22
5190,362,23
5191,363,0
5192,363,1
5193,363,2
5194,363,3
5195,363,4
5196,363,5
5197,363,6
5198,363,7
5199,363,13
5200,363,14
5201,363,15
5202,363,16
5203,363,17
5204,363,18
5205,363,19
5206,363,20
5207,363,21
5208,363,22
5209,363,23
5210,364,0
5211,364,1
5212,364,2
5213,364,3
5214,364,4
5215,364,5
5216,364,6
5217,364,7
5218,364,8
5219,364,13
5220,364,14
5221,364,15
5222,364,16
5223,364,17
5224,364,18
5225,364,19
5226,364,20
5227,364,21
5228,364,22
5229,364,23
5230,365,0
5231,365,1
5232,365,2
5233,365,3
5234,365,4
5235,365,5
5236,365,6
5237,365,7
5238,365,13
5239,365,14
5240,365,15
5241,365,16
5242,365,17
5243,365,18
5244,365,19
5245,365,20
5246,365,21
5247,365,22
5248,365,23
