,day,hour
0,1,0
1,1,1
2,1,2
3,1,3
4,1,4
5,1,5
6,1,6
7,1,14
8,1,15
9,1,16
10,1,17
11,1,18
12,1,19
13,1,20
14,1,21
15,1,22
16,1,23
17,2,0
18,2,1
19,2,2
20,2,3
21,2,4
22,2,5
23,2,6
24,2,14
25,2,15
26,2,16
27,2,17
28,2,18
29,2,19
30,2,20
31,2,21
32,2,22
33,2,23
34,3,0
35,3,1
36,3,2
37,3,3
38,3,4
39,3,5
40,3,6
41,3,14
42,3,15
43,3,16
44,3,17
45,3,18
46,3,19
47,3,20
48,3,21
49,3,22
50,3,23
51,4,0
52,4,1
53,4,2
54,4,3
55,4,4
56,4,5
57,4,6
58,4,14
59,4,15
60,4,16
61,4,17
62,4,18
63,4,19
64,4,20
65,4,21
66,4,22
67,4,23
68,5,0
69,5,1
70,5,2
71,5,3
72,5,4
73,5,5
74,5,6
75,5,14
76,5,15
77,5,16
78,5,17
79,5,18
80,5,19
81,5,20
82,5,21
83,5,22
84,5,23
85,6,0
86,6,1
87,6,2
88,6,3
89,6,4
90,6,5
91,6,6
92,6,14
93,6,15
94,6,16
95,6,17
96,6,18
97,6,19
98,6,20
99,6,21
100,6,22
101,6,23
102,7,0
103,7,1
104,7,2
105,7,3
106,7,4
107,7,5
108,7,6
109,7,14
110,7,15
111,7,16
112,7,17
113,7,18
114,7,19
115,7,20
116,7,21
117,7,22
118,7,23
119,8,0
120,8,1
121,8,2
122,8,3
123,8,4
124,8,5
125,8,6
126,8,14
127,8,15
128,8,16
129,8,17
130,8,18
131,8,19
132,8,20
133,8,21
134,8,22
135,8,23
136,9,0
137,9,1
138,9,2
139,9,3
140,9,4
141,9,5
142,9,6
143,9,14
144,9,15
145,9,16
146,9,17
147,9,18
148,9,19
149,9,20
150,9,21
151,9,22
152,9,23
153,10,0
154,10,1
155,10,2
156,10,3
157,10,4
158,10,5
159,10,6
160,10,14
161,10,15
162,10,16
163,10,17
164,10,18
165,10,19
166,10,20
167,10,21
168,10,22
169,10,23
170,11,0
171,11,1
172,11,2
173,11,3
174,11,4
175,11,5
176,11,6
177,11,14
178,11,15
179,11,16
180,11,17
181,11,18
182,11,19
183,11,20
184,11,21
185,11,22
186,11,23
187,12,0
188,12,1
189,12,2
190,12,3
191,12,4
192,12,5
193,12,6
194,12,14
195,12,15
196,12,16
197,12,17
198,12,18
199,12,19
200,12,20
201,12,21
202,12,22
203,12,23
204,13,0
205,13,1
206,13,2
207,13,3
208,13,4
209,13,5
210,13,14
211,13,15
212,13,16
213,13,17
214,13,18
215,13,19
216,13,20
217,13,21
218,13,22
219,13,23
220,14,0
221,14,1
222,14,2
223,14,3
224,14,4
225,14,5
226,14,6
227,14,14
228,14,15
229,14,16
230,14,17
231,14,18
232,14,19
233,14,20
234,14,21
235,14,22
236,14,23
237,15,0
238,15,1
239,15,2
240,15,3
241,15,4
242,15,5
243,15,6
244,15,14
245,15,15
246,15,16
247,15,17
248,15,18
249,15,19
250,15,20
251,15,21
252,15,22
253,15,23
254,16,0
255,16,1
256,16,2
257,16,3
258,16,4
259,16,5
260,16,14
261,16,15
262,16,16
263,16,17
264,16,18
265,16,19
266,16,20
267,16,21
268,16,22
269,16,23
270,17,0
271,17,1
272,17,2
273,17,3
274,17,4
275,17,5
276,17,14
277,17,15
278,17,16
279,17,17
280,17,18
281,17,19
282,17,20
283,17,21
284,17,22
285,17,23
286,18,0
287,18,1
288,18,2
289,18,3
290,18,4
291,18,5
292,18,6
293,18,14
294,18,15
295,18,16
296,18,17
297,18,18
298,18,19
299,18,20
300,18,21
301,18,22
302,18,23
303,19,0
304,19,1
305,19,2
306,19,3
307,19,4
308,19,5
309,19,6
310,19,14
311,19,15
312,19,16
313,19,17
314,19,18
315,19,19
316,19,20
317,19,21
318,19,22
319,19,23
320,20,0
321,20,1
322,20,2
323,20,3
324,20,4
325,20,5
326,20,14
327,20,15
328,20,16
329,20,17
330,20,18
331,20,19
332,20,20
333,20,21
334,20,22
335,20,23
336,21,0
337,21,1
338,21,2
339,21,3
340,21,4
341,21,5
342,21,14
343,21,15
344,21,16
345,21,17
346,21,18
347,21,19
348,21,20
349,21,21
350,21,22
351,21,23
352,22,0
353,22,1
354,22,2
355,22,3
356,22,4
357,22,5
358,22,14
359,22,15
360,22,16
361,22,17
362,22,18
363,22,19
364,22,20
365,22,21
366,22,22
367,22,23
368,23,0
369,23,1
370,23,2
371,23,3
372,23,4
373,23,5
374,23,14
375,23,15
376,23,16
377,23,17
378,23,18
379,23,19
380,23,20
381,23,21
382,23,22
383,23,23
384,24,0
385,24,1
386,24,2
387,24,3
388,24,4
389,24,5
390,24,14
391,24,15
392,24,16
393,24,17
394,24,18
395,24,19
396,24,20
397,24,21
398,24,22
399,24,23
400,25,0
401,25,1
402,25,2
403,25,3
404,25,4
405,25,5
406,25,14
407,25,15
408,25,16
409,25,17
410,25,18
411,25,19
412,25,20
413,25,21
414,25,22
415,25,23
416,26,0
417,26,1
418,26,2
419,26,3
420,26,4
421,26,5
422,26,14
423,26,15
424,26,16
425,26,17
426,26,18
427,26,19
428,26,20
429,26,21
430,26,22
431,26,23
432,27,0
433,27,1
434,27,2
435,27,3
436,27,4
437,27,5
438,27,14
439,27,15
440,27,16
441,27,17
442,27,18
443,27,19
444,27,20
445,27,21
446,27,22
447,27,23
448,28,0
449,28,1
450,28,2
451,28,3
452,28,4
453,28,5
454,28,14
455,28,15
456,28,16
457,28,17
458,28,18
459,28,19
460,28,20
461,28,21
462,28,22
463,28,23
464,29,0
465,29,1
466,29,2
467,29,3
468,29,4
469,29,5
470,29,14
471,29,15
472,29,16
473,29,17
474,29,18
475,29,19
476,29,20
477,29,21
478,29,22
479,29,23
480,30,0
481,30,1
482,30,2
483,30,3
484,30,4
485,30,5
486,30,14
487,30,15
488,30,16
489,30,17
490,30,18
491,30,19
492,30,20
493,30,21
494,30,22
495,30,23
496,31,0
497,31,1
498,31,2
499,31,3
500,31,4
501,31,5
502,31,14
503,31,15
504,31,16
505,31,17
506,31,18
507,31,19
508,31,20
509,31,21
510,31,22
511,31,23
512,32,0
513,32,1
514,32,2
515,32,3
516,32,4
517,32,5
518,32,15
519,32,16
520,32,17
521,32,18
522,32,19
523,32,20
524,32,21
525,32,22
526,32,23
527,33,0
528,33,1
529,33,2
530,33,3
531,33,4
532,33,5
533,33,15
534,33,16
535,33,17
536,33,18
537,33,19
538,33,20
539,33,21
540,33,22
541,33,23
542,34,0
543,34,1
544,34,2
545,34,3
546,34,4
547,34,5
548,34,15
549,34,16
550,34,17
551,34,18
552,34,19
553,34,20
554,34,21
555,34,22
556,34,23
557,35,0
558,35,1
559,35,2
560,35,3
561,35,4
562,35,5
563,35,15
564,35,16
565,35,17
566,35,18
567,35,19
568,35,20
569,35,21
570,35,22
571,35,23
572,36,0
573,36,1
574,36,2
575,36,3
576,36,4
577,36,5
578,36,15
579,36,16
580,36,17
581,36,18
582,36,19
583,36,20
584,36,21
585,36,22
586,36,23
587,37,0
588,37,1
589,37,2
590,37,3
591,37,4
592,37,5
593,37,15
594,37,16
595,37,17
596,37,18
597,37,19
598,37,20
599,37,21
600,37,22
601,37,23
602,38,0
603,38,1
604,38,2
605,38,3
606,38,4
607,38,5
608,38,15
609,38,16
610,38,17
611,38,18
612,38,19
613,38,20
614,38,21
615,38,22
616,38,23
617,39,0
618,39,1
619,39,2
620,39,3
621,39,4
622,39,5
623,39,15
624,39,16
625,39,17
626,39,18
627,39,19
628,39,20
629,39,21
630,39,22
631,39,23
632,40,0
633,40,1
634,40,2
635,40,3
636,40,4
637,40,5
638,40,15
639,40,16
640,40,17
641,40,18
642,40,19
643,40,20
644,40,21
645,40,22
646,40,23
647,41,0
648,41,1
649,41,2
650,41,3
651,41,4
652,41,5
653,41,15
654,41,16
655,41,17
656,41,18
657,41,19
658,41,20
659,41,21
660,41,22
661,41,23
662,42,0
663,42,1
664,42,2
665,42,3
666,42,4
667,42,5
668,42,15
669,42,16
670,42,17
671,42,18
672,42,19
673,42,20
674,42,21
675,42,22
676,42,23
677,43,0
678,43,1
679,43,2
680,43,3
681,43,4
682,43,5
683,43,15
684,43,16
685,43,17
686,43,18
687,43,19
688,43,20
689,43,21
690,43,22
691,43,23
692,44,0
693,44,1
694,44,2
695,44,3
696,44,4
697,44,5
698,44,15
699,44,16
700,44,17
701,44,18
702,44,19
703,44,20
704,44,21
705,44,22
706,44,23
707,45,0
708,45,1
709,45,2
710,45,3
711,45,4
712,45,5
713,45,15
714,45,16
715,45,17
716,45,18
717,45,19
718,45,20
719,45,21
720,45,22
721,45,23
722,46,0
723,46,1
724,46,2
725,46,3
726,46,4
727,46,5
728,46,15
729,46,16
730,46,17
731,46,18
732,46,19
733,46,20
734,46,21
735,46,22
736,46,23
737,47,0
738,47,1
739,47,2
740,47,3
741,47,4
742,47,5
743,47,15
744,47,16
745,47,17
746,47,18
747,47,19
748,47,20
749,47,21
750,47,22
751,47,23
752,48,0
753,48,1
754,48,2
755,48,3
756,48,4
757,48,5
758,48,15
759,48,16
760,48,17
761,48,18
762,48,19
763,48,20
764,48,21
765,48,22
766,48,23
767,49,0
768,49,1
769,49,2
770,49,3
771,49,4
772,49,5
773,49,15
774,49,16
775,49,17
776,49,18
777,49,19
778,49,20
779,49,21
780,49,22
781,49,23
782,50,0
783,50,1
784,50,2
785,50,3
786,50,4
787,50,5
788,50,15
789,50,16
790,50,17
791,50,18
792,50,19
793,50,20
794,50,21
795,50,22
796,50,23
797,51,0
798,51,1
799,51,2
800,51,3
801,51,4
802,51,5
803,51,15
804,51,16
805,51,17
806,51,18
807,51,19
808,51,20
809,51,21
810,51,22
811,51,23
812,52,0
813,52,1
814,52,2
815,52,3
816,52,4
817,52,5
818,52,15
819,52,16
820,52,17
821,52,18
822,52,19
823,52,20
824,52,21
825,52,22
826,52,23
827,53,0
828,53,1
829,53,2
830,53,3
831,53,4
832,53,5
833,53,15
834,53,16
835,53,17
836,53,18
837,53,19
838,53,20
839,53,21
840,53,22
841,53,23
842,54,0
843,54,1
844,54,2
845,54,3
846,54,4
847,54,5
848,54,15
849,54,16
850,54,17
851,54,18
852,54,19
853,54,20
854,54,21
855,54,22
856,54,23
857,55,0
858,55,1
859,55,2
860,55,3
861,55,4
862,55,5
863,55,15
864,55,16
865,55,17
866,55,18
867,55,19
868,55,20
869,55,21
870,55,22
871,55,23
872,56,0
873,56,1
874,56,2
875,56,3
876,56,4
877,56,5
878,56,15
879,56,16
880,56,17
881,56,18
882,56,19
883,56,20
884,56,21
885,56,22
886,56,23
887,57,0
888,57,1
889,57,2
890,57,3
891,57,4
892,57,5
893,57,15
894,57,16
895,57,17
896,57,18
897,57,19
898,57,20
899,57,21
900,57,22
901,57,23
902,58,0
903,58,1
904,58,2
905,58,3
906,58,4
907,58,5
908,58,15
909,58,16
910,58,17
911,58,18
912,58,19
913,58,20
914,58,21
915,58,22
916,58,23
917,59,0
918,59,1
919,59,2
920,59,3
921,59,4
922,59,15
923,59,16
924,59,17
925,59,18
926,59,19
927,59,20
928,59,21
929,59,22
930,59,23
931,60,0
932,60,1
933,60,2
934,60,3
935,60,4
936,60,15
937,60,16
938,60,17
939,60,18
940,60,19
941,60,20
942,60,21
943,60,22
944,60,23
945,61,0
946,61,1
947,61,2
948,61,3
949,61,4
950,61,15
951,61,16
952,61,17
953,61,18
954,61,19
955,61,20
956,61,21
957,61,22
958,61,23
959,62,0
960,62,1
961,62,2
962,62,3
963,62,4
964,62,5
965,62,15
966,62,16
967,62,17
968,62,18
969,62,19
970,62,20
971,62,21
972,62,22
973,62,23
974,63,0
975,63,1
976,63,2
977,63,3
978,63,4
979,63,15
980,63,16
981,63,17
982,63,18
983,63,19
984,63,20
985,63,21
986,63,22
987,63,23
988,64,0
989,64,1
990,64,2
991,64,3
992,64,4
993,64,15
994,64,16
995,64,17
996,64,18
997,64,19
998,64,20
999,64,21
1000,64,22
1001,64,23
1002,65,0
1003,65,1
1004,65,2
1005,65,3
1006,65,4
1007,65,15
1008,65,16
1009,65,17
1010,65,18
1011,65,19
1012,65,20
1013,65,21
1014,65,22
1015,65,23
1016,66,0
1017,66,1
1018,66,2
1019,66,3
1020,66,4
1021,66,15
1022,66,16
1023,66,17
1024,66,18
1025,66,19
1026,66,20
1027,66,21
1028,66,22
1029,66,23
1030,67,0
1031,67,1
1032,67,2
1033,67,3
1034,67,4
1035,67,15
1036,67,16
1037,67,17
1038,67,18
1039,67,19
1040,67,20
1041,67,21
1042,67,22
1043,67,23
1044,68,0
1045,68,1
1046,68,2
1047,68,3
1048,68,4
1049,68,15
1050,68,16
1051,68,17
1052,68,18
1053,68,19
1054,68,20
1055,68,21
1056,68,22
1057,68,23
1058,69,0
1059,69,1
1060,69,2
1061,69,3
1062,69,4
1063,69,15
1064,69,16
1065,69,17
1066,69,18
1067,69,19
1068,69,20
1069,69,21
1070,69,22
1071,69,23
1072,70,0
1073,70,1
1074,70,2
1075,70,3
1076,70,4
1077,70,15
1078,70,16
1079,70,17
1080,70,18
1081,70,19
1082,70,20
1083,70,21
1084,70,22
1085,70,23
1086,71,0
1087,71,1
1088,71,2
1089,71,3
1090,71,4
1091,71,15
1092,71,16
1093,71,17
1094,71,18
1095,71,19
1096,71,20
1097,71,21
1098,71,22
1099,71,23
1100,72,0
1101,72,1
1102,72,2
1103,72,3
1104,72,4
1105,72,15
1106,72,16
1107,72,17
1108,72,18
1109,72,19
1110,72,20
1111,72,21
1112,72,22
1113,72,23
1114,73,0
1115,73,1
1116,73,2
1117,73,3
1118,73,4
1119,73,16
1120,73,17
1121,73,18
1122,73,19
1123,73,20
1124,73,21
1125,73,22
1126,73,23
1127,74,0
1128,74,1
1129,74,2
1130,74,3
1131,74,4
1132,74,15
1133,74,16
1134,74,17
1135,74,18
1136,74,19
1137,74,20
1138,74,21
1139,74,22
1140,74,23
1141,75,0
1142,75,1
1143,75,2
1144,75,3
1145,75,4
1146,75,16
1147,75,17
1148,75,18
1149,75,19
1150,75,20
1151,75,21
1152,75,22
1153,75,23
1154,76,0
1155,76,1
1156,76,2
1157,76,3
1158,76,4
1159,76,16
1160,76,17
1161,76,18
1162,76,19
1163,76,20
1164,76,21
1165,76,22
1166,76,23
1167,77,0
1168,77,1
1169,77,2
1170,77,3
1171,77,4
1172,77,16
1173,77,17
1174,77,18
1175,77,19
1176,77,20
1177,77,21
1178,77,22
1179,77,23
1180,78,0
1181,78,1
1182,78,2
1183,78,3
1184,78,4
1185,78,16
1186,78,17
1187,78,18
1188,78,19
1189,78,20
1190,78,21
1191,78,22
1192,78,23
1193,79,0
1194,79,1
1195,79,2
1196,79,3
1197,79,4
1198,79,16
1199,79,17
1200,79,18
1201,79,19
1202,79,20
1203,79,21
1204,79,22
1205,79,23
1206,80,0
1207,80,1
1208,80,2
1209,80,3
1210,80,4
1211,80,16
1212,80,17
1213,80,18
1214,80,19
1215,80,20
1216,80,21
1217,80,22
1218,80,23
1219,81,0
1220,81,1
1221,81,2
1222,81,3
1223,81,4
1224,81,16
1225,81,17
1226,81,18
1227,81,19
1228,81,20
1229,81,21
1230,81,22
1231,81,23
1232,82,0
1233,82,1
1234,82,2
1235,82,3
1236,82,4
1237,82,16
1238,82,17
1239,82,18
1240,82,19
1241,82,20
1242,82,21
1243,82,22
1244,82,23
1245,83,0
1246,83,1
1247,83,2
1248,83,3
1249,83,4
1250,83,16
1251,83,17
1252,83,18
1253,83,19
1254,83,20
1255,83,21
1256,83,22
1257,83,23
1258,84,0
1259,84,1
1260,84,2
1261,84,3
1262,84,4
1263,84,16
1264,84,17
1265,84,18
1266,84,19
1267,84,20
1268,84,21
1269,84,22
1270,84,23
1271,85,0
1272,85,1
1273,85,2
1274,85,3
1275,85,4
1276,85,16
1277,85,17
1278,85,18
1279,85,19
1280,85,20
1281,85,21
1282,85,22
1283,85,23
1284,86,0
1285,86,1
1286,86,2
1287,86,3
1288,86,4
1289,86,16
1290,86,17
1291,86,18
1292,86,19
1293,86,20
1294,86,21
1295,86,22
1296,86,23
1297,87,0
1298,87,1
1299,87,2
1300,87,3
1301,87,4
1302,87,16
1303,87,17
1304,87,18
1305,87,19
1306,87,20
1307,87,21
1308,87,22
1309,87,23
1310,88,0
1311,88,1
1312,88,2
1313,88,3
1314,88,4
1315,88,16
1316,88,17
1317,88,18
1318,88,19
1319,88,20
1320,88,21
1321,88,22
1322,88,23
1323,89,0
1324,89,1
1325,89,2
1326,89,3
1327,89,4
1328,89,16
1329,89,17
1330,89,18
1331,89,19
1332,89,20
1333,89,21
1334,89,22
1335,89,23
1336,90,0
1337,90,1
1338,90,2
1339,90,3
1340,90,4
1341,90,16
1342,90,17
1343,90,18
1344,90,19
1345,90,20
1346,90,21
1347,90,22
1348,90,23
1349,91,0
1350,91,1
1351,91,2
1352,91,3
1353,91,4
1354,91,16
1355,91,17
1356,91,18
1357,91,19
1358,91,20
1359,91,21
1360,91,22
1361,91,23
1362,92,0
1363,92,1
1364,92,2
1365,92,3
1366,92,4
1367,92,16
1368,92,17
1369,92,18
1370,92,19
1371,92,20
1372,92,21
1373,92,22
1374,92,23
1375,93,0
1376,93,1
1377,93,2
1378,93,3
1379,93,4
1380,93,16
1381,93,17
1382,93,18
1383,93,19
1384,93,20
1385,93,21
1386,93,22
1387,93,23
1388,94,0
1389,94,1
1390,94,2
1391,94,3
1392,94,4
1393,94,16
1394,94,17
1395,94,18
1396,94,19
1397,94,20
1398,94,21
1399,94,22
1400,94,23
1401,95,0
1402,95,1
1403,95,2
1404,95,3
1405,95,4
1406,95,16
1407,95,17
1408,95,18
1409,95,19
1410,95,20
1411,95,21
1412,95,22
1413,95,23
1414,96,0
1415,96,1
1416,96,2
1417,96,3
1418,96,4
1419,96,16
1420,96,17
1421,96,18
1422,96,19
1423,96,20
1424,96,21
1425,96,22
1426,96,23
1427,97,0
1428,97,1
1429,97,2
1430,97,3
1431,97,4
1432,97,16
1433,97,17
1434,97,18
1435,97,19
1436,97,20
1437,97,21
1438,97,22
1439,97,23
1440,98,0
1441,98,1
1442,98,2
1443,98,3
1444,98,4
1445,98,16
1446,98,17
1447,98,18
1448,98,19
1449,98,20
1450,98,21
1451,98,22
1452,98,23
1453,99,0
1454,99,1
1455,99,2
1456,99,3
1457,99,4
1458,99,16
1459,99,17
1460,99,18
1461,99,19
1462,99,20
1463,99,21
1464,99,22
1465,99,23
1466,100,0
1467,100,1
1468,100,2
1469,100,3
1470,100,4
1471,100,16
1472,100,17
1473,100,18
1474,100,19
1475,100,20
1476,100,21
1477,100,22
1478,100,23
1479,101,0
1480,101,1
1481,101,2
1482,101,3
1483,101,4
1484,101,16
1485,101,17
1486,101,18
1487,101,19
1488,101,20
1489,101,21
1490,101,22
1491,101,23
1492,102,0
1493,102,1
1494,102,2
1495,102,3
1496,102,4
1497,102,16
1498,102,17
1499,102,18
1500,102,19
1501,102,20
1502,102,21
1503,102,22
1504,102,23
1505,103,0
1506,103,1
1507,103,2
1508,103,3
1509,103,4
1510,103,16
1511,103,17
1512,103,18
1513,103,19
1514,103,20
1515,103,21
1516,103,22
1517,103,23
1518,104,0
1519,104,1
1520,104,2
1521,104,3
1522,104,4
1523,104,16
1524,104,17
1525,104,18
1526,104,19
1527,104,20
1528,104,21
1529,104,22
1530,104,23
1531,105,0
1532,105,1
1533,105,2
1534,105,3
1535,105,4
1536,105,16
1537,105,17
1538,105,18
1539,105,19
1540,105,20
1541,105,21
1542,105,22
1543,105,23
1544,106,0
1545,106,1
1546,106,2
1547,106,3
1548,106,4
1549,106,16
1550,106,17
1551,106,18
1552,106,19
1553,106,20
1554,106,21
1555,106,22
1556,106,23
1557,107,0
1558,107,1
1559,107,2
1560,107,3
1561,107,4
1562,107,16
1563,107,17
1564,107,18
1565,107,19
1566,107,20
1567,107,21
1568,107,22
1569,107,23
1570,108,0
1571,108,1
1572,108,2
1573,108,3
1574,108,4
1575,108,16
1576,108,17
1577,108,18
1578,108,19
1579,108,20
1580,108,21
1581,108,22
1582,108,23
1583,109,0
1584,109,1
1585,109,2
1586,109,3
1587,109,16
1588,109,17
1589,109,18
1590,109,19
1591,109,20
1592,109,21
1593,109,22
1594,109,23
1595,110,0
1596,110,1
1597,110,2
1598,110,3
1599,110,16
1600,110,17
1601,110,18
1602,110,19
1603,110,20
1604,110,21
1605,110,22
1606,110,23
1607,111,0
1608,111,1
1609,111,2
1610,111,3
1611,111,16
1612,111,17
1613,111,18
1614,111,19
1615,111,20
1616,111,21
1617,111,22
1618,111,23
1619,112,0
1620,112,1
1621,112,2
1622,112,3
1623,112,16
1624,112,17
1625,112,18
1626,112,19
1627,112,20
1628,112,21
1629,112,22
1630,112,23
1631,113,0
1632,113,1
1633,113,2
1634,113,3
1635,113,16
1636,113,17
1637,113,18
1638,113,19
1639,113,20
1640,113,21
1641,113,22
1642,113,23
1643,114,0
1644,114,1
1645,114,2
1646,114,3
1647,114,16
1648,114,17
1649,114,18
1650,114,19
1651,114,20
1652,114,21
1653,114,22
1654,114,23
1655,115,0
1656,115,1
1657,115,2
1658,115,3
1659,115,16
1660,115,17
1661,115,18
1662,115,19
1663,115,20
1664,115,21
1665,115,22
1666,115,23
1667,116,0
1668,116,1
1669,116,2
1670,116,3
1671,116,16
1672,116,17
1673,116,18
1674,116,19
1675,116,20
1676,116,21
1677,116,22
1678,116,23
1679,117,0
1680,117,1
1681,117,2
1682,117,3
1683,117,16
1684,117,17
1685,117,18
1686,117,19
1687,117,20
1688,117,21
1689,117,22
1690,117,23
1691,118,0
1692,118,1
1693,118,2
1694,118,3
1695,118,16
1696,118,17
1697,118,18
1698,118,19
1699,118,20
1700,118,21
1701,118,22
1702,118,23
1703,119,0
1704,119,1
1705,119,2
1706,119,3
1707,119,16
1708,119,17
1709,119,18
1710,119,19
1711,119,20
1712,119,21
1713,119,22
1714,119,23
1715,120,0
1716,120,1
1717,120,2
1718,120,3
1719,120,16
1720,120,17
1721,120,18
1722,120,19
1723,120,20
1724,120,21
1725,120,22
1726,120,23
1727,121,0
1728,121,1
1729,121,2
1730,121,3
1731,121,16
1732,121,17
1733,121,18
1734,121,19
1735,121,20
1736,121,21
1737,121,22
1738,121,23
1739,122,0
1740,122,1
1741,122,2
1742,122,3
1743,122,17
1744,122,18
1745,122,19
1746,122,20
1747,122,21
1748,122,22
1749,122,23
1750,123,0
1751,123,1
1752,123,2
1753,123,3
1754,123,17
1755,123,18
1756,123,19
1757,123,20
1758,123,21
1759,123,22
1760,123,23
1761,124,0
1762,124,1
1763,124,2
1764,124,3
1765,124,17
1766,124,18
1767,124,19
1768,124,20
1769,124,21
1770,124,22
1771,124,23
1772,125,0
1773,125,1
1774,125,2
1775,125,3
1776,125,17
1777,125,18
1778,125,19
1779,125,20
1780,125,21
1781,125,22
1782,125,23
1783,126,0
1784,126,1
1785,126,2
1786,126,3
1787,126,17
1788,126,18
1789,126,19
1790,126,20
1791,126,21
1792,126,22
1793,126,23
1794,127,0
1795,127,1
1796,127,2
1797,127,3
1798,127,17
1799,127,18
1800,127,19
1801,127,20
1802,127,21
1803,127,22
1804,127,23
1805,128,0
1806,128,1
1807,128,2
1808,128,3
1809,128,17
1810,128,18
1811,128,19
1812,128,20
1813,128,21
1814,128,22
1815,128,23
1816,129,0
1817,129,1
1818,129,2
1819,129,3
1820,129,17
1821,129,18
1822,129,19
1823,129,20
1824,129,21
1825,129,22
1826,129,23
1827,130,0
1828,130,1
1829,130,2
1830,130,3
1831,130,17
1832,130,18
1833,130,19
1834,130,20
1835,130,21
1836,130,22
1837,130,23
1838,131,0
1839,131,1
1840,131,2
1841,131,3
1842,131,17
1843,131,18
1844,131,19
1845,131,20
1846,131,21
1847,131,22
1848,131,23
1849,132,0
1850,132,1
1851,132,2
1852,132,3
1853,132,17
1854,132,18
1855,132,19
1856,132,20
1857,132,21
1858,132,22
1859,132,23
1860,133,0
1861,133,1
1862,133,2
1863,133,3
1864,133,17
1865,133,18
1866,133,19
1867,133,20
1868,133,21
1869,133,22
1870,133,23
1871,134,0
1872,134,1
1873,134,2
1874,134,3
1875,134,17
1876,134,18
1877,134,19
1878,134,20
1879,134,21
1880,134,22
1881,134,23
1882,135,0
1883,135,1
1884,135,2
1885,135,3
1886,135,17
1887,135,18
1888,135,19
1889,135,20
1890,135,21
1891,135,22
1892,135,23
1893,136,0
1894,136,1
1895,136,2
1896,136,3
1897,136,17
1898,136,18
1899,136,19
1900,136,20
1901,136,21
1902,136,22
1903,136,23
1904,137,0
1905,137,1
1906,137,2
1907,137,3
1908,137,17
1909,137,18
1910,137,19
1911,137,20
1912,137,21
1913,137,22
1914,137,23
1915,138,0
1916,138,1
1917,138,2
1918,138,3
1919,138,17
1920,138,18
1921,138,19
1922,138,20
1923,138,21
1924,138,22
1925,138,23
1926,139,0
1927,139,1
1928,139,2
1929,139,3
1930,139,17
1931,139,18
1932,139,19
1933,139,20
1934,139,21
1935,139,22
1936,139,23
1937,140,0
1938,140,1
1939,140,2
1940,140,3
1941,140,17
1942,140,18
1943,140,19
1944,140,20
1945,140,21
1946,140,22
1947,140,23
1948,141,0
1949,141,1
1950,141,2
1951,141,3
1952,141,17
1953,141,18
1954,141,19
1955,141,20
1956,141,21
1957,141,22
1958,141,23
1959,142,0
1960,142,1
1961,142,2
1962,142,3
1963,142,17
1964,142,18
1965,142,19
1966,142,20
1967,142,21
1968,142,22
1969,142,23
1970,143,0
1971,143,1
1972,143,2
1973,143,3
1974,143,17
1975,143,18
1976,143,19
1977,143,20
1978,143,21
1979,143,22
1980,143,23
1981,144,0
1982,144,1
1983,144,2
1984,144,3
1985,144,17
1986,144,18
1987,144,19
1988,144,20
1989,144,21
1990,144,22
1991,144,23
1992,145,0
1993,145,1
1994,145,2
1995,145,3
1996,145,17
1997,145,18
1998,145,19
1999,145,20
2000,145,21
2001,145,22
2002,145,23
2003,146,0
2004,146,1
2005,146,2
2006,146,3
2007,146,17
2008,146,18
2009,146,19
2010,146,20
2011,146,21
2012,146,22
2013,146,23
2014,147,0
2015,147,1
2016,147,2
2017,147,3
2018,147,17
2019,147,18
2020,147,19
2021,147,20
2022,147,21
2023,147,22
2024,147,23
2025,148,0
2026,148,1
2027,148,2
2028,148,3
2029,148,17
2030,148,18
2031,148,19
2032,148,20
2033,148,21
2034,148,22
2035,148,23
2036,149,0
2037,149,1
2038,149,2
2039,149,3
2040,149,17
2041,149,18
2042,149,19
2043,149,20
2044,149,21
2045,149,22
2046,149,23
2047,150,0
2048,150,1
2049,150,2
2050,150,3
2051,150,17
2052,150,18
2053,150,19
2054,150,20
2055,150,21
2056,150,22
2057,150,23
2058,151,0
2059,151,1
2060,151,2
2061,151,3
2062,151,17
2063,151,18
2064,151,19
2065,151,20
2066,151,21
2067,151,22
2068,151,23
2069,152,0
2070,152,1
2071,152,2
2072,152,3
2073,152,17
2074,152,18
2075,152,19
2076,152,20
2077,152,21
2078,152,22
2079,152,23
2080,153,0
2081,153,1
2082,153,2
2083,153,3
2084,153,17
2085,153,18
2086,153,19
2087,153,20
2088,153,21
2089,153,22
2090,153,23
2091,154,0
2092,154,1
2093,154,2
2094,154,3
2095,154,17
2096,154,18
2097,154,19
2098,154,20
2099,154,21
2100,154,22
2101,154,23
2102,155,0
2103,155,1
2104,155,2
2105,155,3
2106,155,17
2107,155,18
2108,155,19
2109,155,20
2110,155,21
2111,155,22
2112,155,23
2113,156,0
2114,156,1
2115,156,2
2116,156,3
2117,156,17
2118,156,18
2119,156,19
2120,156,20
2121,156,21
2122,156,22
2123,156,23
2124,157,0
2125,157,1
2126,157,2
2127,157,3
2128,157,17
2129,157,18
2130,157,19
2131,157,20
2132,157,21
2133,157,22
2134,157,23
2135,158,0
2136,158,1
2137,158,2
2138,158,3
2139,158,17
2140,158,18
2141,158,19
2142,158,20
2143,158,21
2144,158,22
2145,158,23
2146,159,0
2147,159,1
2148,159,2
2149,159,3
2150,159,17
2151,159,18
2152,159,19
2153,159,20
2154,159,21
2155,159,22
2156,159,23
2157,160,0
2158,160,1
2159,160,2
2160,160,3
2161,160,17
2162,160,18
2163,160,19
2164,160,20
2165,160,21
2166,160,22
2167,160,23
2168,161,0
2169,161,1
2170,161,2
2171,161,3
2172,161,17
2173,161,18
2174,161,19
2175,161,20
2176,161,21
2177,161,22
2178,161,23
2179,162,0
2180,162,1
2181,162,2
2182,162,3
2183,162,17
2184,162,18
2185,162,19
2186,162,20
2187,162,21
2188,162,22
2189,162,23
2190,163,0
2191,163,1
2192,163,2
2193,163,3
2194,163,17
2195,163,18
2196,163,19
2197,163,20
2198,163,21
2199,163,22
2200,163,23
2201,164,0
2202,164,1
2203,164,2
2204,164,3
2205,164,17
2206,164,18
2207,164,19
2208,164,20
2209,164,21
2210,164,22
2211,164,23
2212,165,0
2213,165,1
2214,165,2
2215,165,3
2216,165,17
2217,165,18
2218,165,19
2219,165,20
2220,165,21
2221,165,22
2222,165,23
2223,166,0
2224,166,1
2225,166,2
2226,166,3
2227,166,17
2228,166,18
2229,166,19
2230,166,20
2231,166,21
2232,166,22
2233,166,23
2234,167,0
2235,167,1
2236,167,2
2237,167,3
2238,167,17
2239,167,18
2240,167,19
2241,167,20
2242,167,21
2243,167,22
2244,167,23
2245,168,0
2246,168,1
2247,168,2
2248,168,3
2249,168,17
2250,168,18
2251,168,19
2252,168,20
2253,168,21
2254,168,22
2255,168,23
2256,169,0
2257,169,1
2258,169,2
2259,169,3
2260,169,17
2261,169,18
2262,169,19
2263,169,20
2264,169,21
2265,169,22
2266,169,23
2267,170,0
2268,170,1
2269,170,2
2270,170,3
2271,170,17
2272,170,18
2273,170,19
2274,170,20
2275,170,21
2276,170,22
2277,170,23
2278,171,0
2279,171,1
2280,171,2
2281,171,3
2282,171,17
2283,171,18
2284,171,19
2285,171,20
2286,171,21
2287,171,22
2288,171,23
2289,172,0
2290,172,1
2291,172,2
2292,172,3
2293,172,17
2294,172,18
2295,172,19
2296,172,20
2297,172,21
2298,172,22
2299,172,23
2300,173,0
2301,173,1
2302,173,2
2303,173,3
2304,173,17
2305,173,18
2306,173,19
2307,173,20
2308,173,21
2309,173,22
2310,173,23
2311,174,0
2312,174,1
2313,174,2
2314,174,3
2315,174,17
2316,174,18
2317,174,19
2318,174,20
2319,174,21
2320,174,22
2321,174,23
2322,175,0
2323,175,1
2324,175,2
2325,175,3
2326,175,17
2327,175,18
2328,175,19
2329,175,20
2330,175,21
2331,175,22
2332,175,23
2333,176,0
2334,176,1
2335,176,2
2336,176,3
2337,176,17
2338,176,18
2339,176,19
2340,176,20
2341,176,21
2342,176,22
2343,176,23
2344,177,0
2345,177,1
2346,177,2
2347,177,3
2348,177,17
2349,177,18
2350,177,19
2351,177,20
2352,177,21
2353,177,22
2354,177,23
2355,178,0
2356,178,1
2357,178,2
2358,178,3
2359,178,17
2360,178,18
2361,178,19
2362,178,20
2363,178,21
2364,178,22
2365,178,23
2366,179,0
2367,179,1
2368,179,2
2369,179,3
2370,179,17
2371,179,18
2372,179,19
2373,179,20
2374,179,21
2375,179,22
2376,179,23
2377,180,0
2378,180,1
2379,180,2
2380,180,3
2381,180,17
2382,180,18
2383,180,19
2384,180,20
2385,180,21
2386,180,22
2387,180,23
2388,181,0
2389,181,1
2390,181,2
2391,181,3
2392,181,17
2393,181,18
2394,181,19
2395,181,20
2396,181,21
2397,181,22
2398,181,23
2399,182,0
2400,182,1
2401,182,2
2402,182,3
2403,182,17
2404,182,18
2405,182,19
2406,182,20
2407,182,21
2408,182,22
2409,182,23
2410,183,0
2411,183,1
2412,183,2
2413,183,3
2414,183,17
2415,183,18
2416,183,19
2417,183,20
2418,183,21
2419,183,22
2420,183,23
2421,184,0
2422,184,1
2423,184,2
2424,184,3
2425,184,17
2426,184,18
2427,184,19
2428,184,20
2429,184,21
2430,184,22
2431,184,23
2432,185,0
2433,185,1
2434,185,2
2435,185,3
2436,185,17
2437,185,18
2438,185,19
2439,185,20
2440,185,21
2441,185,22
2442,185,23
2443,186,0
2444,186,1
2445,186,2
2446,186,3
2447,186,17
2448,186,18
2449,186,19
2450,186,20
2451,186,21
2452,186,22
2453,186,23
2454,187,0
2455,187,1
2456,187,2
2457,187,3
2458,187,17
2459,187,18
2460,187,19
2461,187,20
2462,187,21
2463,187,22
2464,187,23
2465,188,0
2466,188,1
2467,188,2
2468,188,3
2469,188,17
2470,188,18
2471,188,19
2472,188,20
2473,188,21
2474,188,22
2475,188,23
2476,189,0
2477,189,1
2478,189,2
2479,189,3
2480,189,17
2481,189,18
2482,189,19
2483,189,20
2484,189,21
2485,189,22
2486,189,23
2487,190,0
2488,190,1
2489,190,2
2490,190,3
2491,190,17
2492,190,18
2493,190,19
2494,190,20
2495,190,21
2496,190,22
2497,190,23
2498,191,0
2499,191,1
2500,191,2
2501,191,3
2502,191,17
2503,191,18
2504,191,19
2505,191,20
2506,191,21
2507,191,22
2508,191,23
2509,192,0
2510,192,1
2511,192,2
2512,192,3
2513,192,17
2514,192,18
2515,192,19
2516,192,20
2517,192,21
2518,192,22
2519,192,23
2520,193,0
2521,193,1
2522,193,2
2523,193,3
2524,193,17
2525,193,18
2526,193,19
2527,193,20
2528,193,21
2529,193,22
2530,193,23
2531,194,0
2532,194,1
2533,194,2
2534,194,3
2535,194,17
2536,194,18
2537,194,19
2538,194,20
2539,194,21
2540,194,22
2541,194,23
2542,195,0
2543,195,1
2544,195,2
2545,195,3
2546,195,17
2547,195,18
2548,195,19
2549,195,20
2550,195,21
2551,195,22
2552,195,23
2553,196,0
2554,196,1
2555,196,2
2556,196,3
2557,196,17
2558,196,18
2559,196,19
2560,196,20
2561,196,21
2562,196,22
2563,196,23
2564,197,0
2565,197,1
2566,197,2
2567,197,3
2568,197,17
2569,197,18
2570,197,19
2571,197,20
2572,197,21
2573,197,22
2574,197,23
2575,198,0
2576,198,1
2577,198,2
2578,198,3
2579,198,17
2580,198,18
2581,198,19
2582,198,20
2583,198,21
2584,198,22
2585,198,23
2586,199,0
2587,199,1
2588,199,2
2589,199,3
2590,199,17
2591,199,18
2592,199,19
2593,199,20
2594,199,21
2595,199,22
2596,199,23
2597,200,0
2598,200,1
2599,200,2
2600,200,3
2601,200,17
2602,200,18
2603,200,19
2604,200,20
2605,200,21
2606,200,22
2607,200,23
2608,201,0
2609,201,1
2610,201,2
2611,201,3
2612,201,17
2613,201,18
2614,201,19
2615,201,20
2616,201,21
2617,201,22
2618,201,23
2619,202,0
2620,202,1
2621,202,2
2622,202,3
2623,202,17
2624,202,18
2625,202,19
2626,202,20
2627,202,21
2628,202,22
2629,202,23
2630,203,0
2631,203,1
2632,203,2
2633,203,3
2634,203,17
2635,203,18
2636,203,19
2637,203,20
2638,203,21
2639,203,22
2640,203,23
2641,204,0
2642,204,1
2643,204,2
2644,204,3
2645,204,17
2646,204,18
2647,204,19
2648,204,20
2649,204,21
2650,204,22
2651,204,23
2652,205,0
2653,205,1
2654,205,2
2655,205,3
2656,205,17
2657,205,18
2658,205,19
2659,205,20
2660,205,21
2661,205,22
2662,205,23
2663,206,0
2664,206,1
2665,206,2
2666,206,3
2667,206,17
2668,206,18
2669,206,19
2670,206,20
2671,206,21
2672,206,22
2673,206,23
2674,207,0
2675,207,1
2676,207,2
2677,207,3
2678,207,17
2679,207,18
2680,207,19
2681,207,20
2682,207,21
2683,207,22
2684,207,23
2685,208,0
2686,208,1
2687,208,2
2688,208,3
2689,208,17
2690,208,18
2691,208,19
2692,208,20
2693,208,21
2694,208,22
2695,208,23
2696,209,0
2697,209,1
2698,209,2
2699,209,3
2700,209,17
2701,209,18
2702,209,19
2703,209,20
2704,209,21
2705,209,22
2706,209,23
2707,210,0
2708,210,1
2709,210,2
2710,210,3
2711,210,17
2712,210,18
2713,210,19
2714,210,20
2715,210,21
2716,210,22
2717,210,23
2718,211,0
2719,211,1
2720,211,2
2721,211,3
2722,211,17
2723,211,18
2724,211,19
2725,211,20
2726,211,21
2727,211,22
2728,211,23
2729,212,0
2730,212,1
2731,212,2
2732,212,3
2733,212,17
2734,212,18
2735,212,19
2736,212,20
2737,212,21
2738,212,22
2739,212,23
2740,213,0
2741,213,1
2742,213,2
2743,213,3
2744,213,17
2745,213,18
2746,213,19
2747,213,20
2748,213,21
2749,213,22
2750,213,23
2751,214,0
2752,214,1
2753,214,2
2754,214,3
2755,214,17
2756,214,18
2757,214,19
2758,214,20
2759,214,21
2760,214,22
2761,214,23
2762,215,0
2763,215,1
2764,215,2
2765,215,3
2766,215,17
2767,215,18
2768,215,19
2769,215,20
2770,215,21
2771,215,22
2772,215,23
2773,216,0
2774,216,1
2775,216,2
2776,216,3
2777,216,17
2778,216,18
2779,216,19
2780,216,20
2781,216,21
2782,216,22
2783,216,23
2784,217,0
2785,217,1
2786,217,2
2787,217,3
2788,217,17
2789,217,18
2790,217,19
2791,217,20
2792,217,21
2793,217,22
2794,217,23
2795,218,0
2796,218,1
2797,218,2
2798,218,3
2799,218,17
2800,218,18
2801,218,19
2802,218,20
2803,218,21
2804,218,22
2805,218,23
2806,219,0
2807,219,1
2808,219,2
2809,219,3
2810,219,17
2811,219,18
2812,219,19
2813,219,20
2814,219,21
2815,219,22
2816,219,23
2817,220,0
2818,220,1
2819,220,2
2820,220,3
2821,220,17
2822,220,18
2823,220,19
2824,220,20
2825,220,21
2826,220,22
2827,220,23
2828,221,0
2829,221,1
2830,221,2
2831,221,3
2832,221,17
2833,221,18
2834,221,19
2835,221,20
2836,221,21
2837,221,22
2838,221,23
2839,222,0
2840,222,1
2841,222,2
2842,222,3
2843,222,17
2844,222,18
2845,222,19
2846,222,20
2847,222,21
2848,222,22
2849,222,23
2850,223,0
2851,223,1
2852,223,2
2853,223,3
2854,223,17
2855,223,18
2856,223,19
2857,223,20
2858,223,21
2859,223,22
2860,223,23
2861,224,0
2862,224,1
2863,224,2
2864,224,3
2865,224,17
2866,224,18
2867,224,19
2868,224,20
2869,224,21
2870,224,22
2871,224,23
2872,225,0
2873,225,1
2874,225,2
2875,225,3
2876,225,17
2877,225,18
2878,225,19
2879,225,20
2880,225,21
2881,225,22
2882,225,23
2883,226,0
2884,226,1
2885,226,2
2886,226,3
2887,226,17
2888,226,18
2889,226,19
2890,226,20
2891,226,21
2892,226,22
2893,226,23
2894,227,0
2895,227,1
2896,227,2
2897,227,3
2898,227,17
2899,227,18
2900,227,19
2901,227,20
2902,227,21
2903,227,22
2904,227,23
2905,228,0
2906,228,1
2907,228,2
2908,228,3
2909,228,16
2910,228,17
2911,228,18
2912,228,19
2913,228,20
2914,228,21
2915,228,22
2916,228,23
2917,229,0
2918,229,1
2919,229,2
2920,229,3
2921,229,16
2922,229,17
2923,229,18
2924,229,19
2925,229,20
2926,229,21
2927,229,22
2928,229,23
2929,230,0
2930,230,1
2931,230,2
2932,230,3
2933,230,16
2934,230,17
2935,230,18
2936,230,19
2937,230,20
2938,230,21
2939,230,22
2940,230,23
2941,231,0
2942,231,1
2943,231,2
2944,231,3
2945,231,16
2946,231,17
2947,231,18
2948,231,19
2949,231,20
2950,231,21
2951,231,22
2952,231,23
2953,232,0
2954,232,1
2955,232,2
2956,232,3
2957,232,16
2958,232,17
2959,232,18
2960,232,19
2961,232,20
2962,232,21
2963,232,22
2964,232,23
2965,233,0
2966,233,1
2967,233,2
2968,233,3
2969,233,16
2970,233,17
2971,233,18
2972,233,19
2973,233,20
2974,233,21
2975,233,22
2976,233,23
2977,234,0
2978,234,1
2979,234,2
2980,234,3
2981,234,16
2982,234,17
2983,234,18
2984,234,19
2985,234,20
2986,234,21
2987,234,22
2988,234,23
2989,235,0
2990,235,1
2991,235,2
2992,235,3
2993,235,16
2994,235,17
2995,235,18
2996,235,19
2997,235,20
2998,235,21
2999,235,22
3000,235,23
3001,236,0
3002,236,1
3003,236,2
3004,236,3
3005,236,16
3006,236,17
3007,236,18
3008,236,19
3009,236,20
3010,236,21
3011,236,22
3012,236,23
3013,237,0
3014,237,1
3015,237,2
3016,237,3
3017,237,16
3018,237,17
3019,237,18
3020,237,19
3021,237,20
3022,237,21
3023,237,22
3024,237,23
3025,238,0
3026,238,1
3027,238,2
3028,238,3
3029,238,16
3030,238,17
3031,238,18
3032,238,19
3033,238,20
3034,238,21
3035,238,22
3036,238,23
3037,239,0
3038,239,1
3039,239,2
3040,239,3
3041,239,16
3042,239,17
3043,239,18
3044,239,19
3045,239,20
3046,239,21
3047,239,22
3048,239,23
3049,240,0
3050,240,1
3051,240,2
3052,240,3
3053,240,16
3054,240,17
3055,240,18
3056,240,19
3057,240,20
3058,240,21
3059,240,22
3060,240,23
3061,241,0
3062,241,1
3063,241,2
3064,241,3
3065,241,16
3066,241,17
3067,241,18
3068,241,19
3069,241,20
3070,241,21
3071,241,22
3072,241,23
3073,242,0
3074,242,1
3075,242,2
3076,242,3
3077,242,4
3078,242,16
3079,242,17
3080,242,18
3081,242,19
3082,242,20
3083,242,21
3084,242,22
3085,242,23
3086,243,0
3087,243,1
3088,243,2
3089,243,3
3090,243,16
3091,243,17
3092,243,18
3093,243,19
3094,243,20
3095,243,21
3096,243,22
3097,243,23
3098,244,0
3099,244,1
3100,244,2
3101,244,3
3102,244,4
3103,244,16
3104,244,17
3105,244,18
3106,244,19
3107,244,20
3108,244,21
3109,244,22
3110,244,23
3111,245,0
3112,245,1
3113,245,2
3114,245,3
3115,245,4
3116,245,16
3117,245,17
3118,245,18
3119,245,19
3120,245,20
3121,245,21
3122,245,22
3123,245,23
3124,246,0
3125,246,1
3126,246,2
3127,246,3
3128,246,4
3129,246,16
3130,246,17
3131,246,18
3132,246,19
3133,246,20
3134,246,21
3135,246,22
3136,246,23
3137,247,0
3138,247,1
3139,247,2
3140,247,3
3141,247,4
3142,247,16
3143,247,17
3144,247,18
3145,247,19
3146,247,20
3147,247,21
3148,247,22
3149,247,23
3150,248,0
3151,248,1
3152,248,2
3153,248,3
3154,248,4
3155,248,16
3156,248,17
3157,248,18
3158,248,19
3159,248,20
3160,248,21
3161,248,22
3162,248,23
3163,249,0
3164,249,1
3165,249,2
3166,249,3
3167,249,4
3168,249,16
3169,249,17
3170,249,18
3171,249,19
3172,249,20
3173,249,21
3174,249,22
3175,249,23
3176,250,0
3177,250,1
3178,250,2
3179,250,3
3180,250,4
3181,250,16
3182,250,17
3183,250,18
3184,250,19
3185,250,20
3186,250,21
3187,250,22
3188,250,23
3189,251,0
3190,251,1
3191,251,2
3192,251,3
3193,251,4
3194,251,16
3195,251,17
3196,251,18
3197,251,19
3198,251,20
3199,251,21
3200,251,22
3201,251,23
3202,252,0
3203,252,1
3204,252,2
3205,252,3
3206,252,4
3207,252,16
3208,252,17
3209,252,18
3210,252,19
3211,252,20
3212,252,21
3213,252,22
3214,252,23
3215,253,0
3216,253,1
3217,253,2
3218,253,3
3219,253,4
3220,253,16
3221,253,17
3222,253,18
3223,253,19
3224,253,20
3225,253,21
3226,253,22
3227,253,23
3228,254,0
3229,254,1
3230,254,2
3231,254,3
3232,254,4
3233,254,16
3234,254,17
3235,254,18
3236,254,19
3237,254,20
3238,254,21
3239,254,22
3240,254,23
3241,255,0
3242,255,1
3243,255,2
3244,255,3
3245,255,4
3246,255,16
3247,255,17
3248,255,18
3249,255,19
3250,255,20
3251,255,21
3252,255,22
3253,255,23
3254,256,0
3255,256,1
3256,256,2
3257,256,3
3258,256,4
3259,256,16
3260,256,17
3261,256,18
3262,256,19
3263,256,20
3264,256,21
3265,256,22
3266,256,23
3267,257,0
3268,257,1
3269,257,2
3270,257,3
3271,257,4
3272,257,16
3273,257,17
3274,257,18
3275,257,19
3276,257,20
3277,257,21
3278,257,22
3279,257,23
3280,258,0
3281,258,1
3282,258,2
3283,258,3
3284,258,4
3285,258,16
3286,258,17
3287,258,18
3288,258,19
3289,258,20
3290,258,21
3291,258,22
3292,258,23
3293,259,0
3294,259,1
3295,259,2
3296,259,3
3297,259,4
3298,259,16
3299,259,17
3300,259,18
3301,259,19
3302,259,20
3303,259,21
3304,259,22
3305,259,23
3306,260,0
3307,260,1
3308,260,2
3309,260,3
3310,260,4
3311,260,16
3312,260,17
3313,260,18
3314,260,19
3315,260,20
3316,260,21
3317,260,22
3318,260,23
3319,261,0
3320,261,1
3321,261,2
3322,261,3
3323,261,4
3324,261,16
3325,261,17
3326,261,18
3327,261,19
3328,261,20
3329,261,21
3330,261,22
3331,261,23
3332,262,0
3333,262,1
3334,262,2
3335,262,3
3336,262,4
3337,262,16
3338,262,17
3339,262,18
3340,262,19
3341,262,20
3342,262,21
3343,262,22
3344,262,23
3345,263,0
3346,263,1
3347,263,2
3348,263,3
3349,263,4
3350,263,16
3351,263,17
3352,263,18
3353,263,19
3354,263,20
3355,263,21
3356,263,22
3357,263,23
3358,264,0
3359,264,1
3360,264,2
3361,264,3
3362,264,4
3363,264,16
3364,264,17
3365,264,18
3366,264,19
3367,264,20
3368,264,21
3369,264,22
3370,264,23
3371,265,0
3372,265,1
3373,265,2
3374,265,3
3375,265,4
3376,265,16
3377,265,17
3378,265,18
3379,265,19
3380,265,20
3381,265,21
3382,265,22
3383,265,23
3384,266,0
3385,266,1
3386,266,2
3387,266,3
3388,266,4
3389,266,16
3390,266,17
3391,266,18
3392,266,19
3393,266,20
3394,266,21
3395,266,22
3396,266,23
3397,267,0
3398,267,1
3399,267,2
3400,267,3
3401,267,4
3402,267,16
3403,267,17
3404,267,18
3405,267,19
3406,267,20
3407,267,21
3408,267,22
3409,267,23
3410,268,0
3411,268,1
3412,268,2
3413,268,3
3414,268,4
3415,268,16
3416,268,17
3417,268,18
3418,268,19
3419,268,20
3420,268,21
3421,268,22
3422,268,23
3423,269,0
3424,269,1
3425,269,2
3426,269,3
3427,269,4
3428,269,16
3429,269,17
3430,269,18
3431,269,19
3432,269,20
3433,269,21
3434,269,22
3435,269,23
3436,270,0
3437,270,1
3438,270,2
3439,270,3
3440,270,4
3441,270,16
3442,270,17
3443,270,18
3444,270,19
3445,270,20
3446,270,21
3447,270,22
3448,270,23
3449,271,0
3450,271,1
3451,271,2
3452,271,3
3453,271,4
3454,271,16
3455,271,17
3456,271,18
3457,271,19
3458,271,20
3459,271,21
3460,271,22
3461,271,23
3462,272,0
3463,272,1
3464,272,2
3465,272,3
3466,272,4
3467,272,16
3468,272,17
3469,272,18
3470,272,19
3471,272,20
3472,272,21
3473,272,22
3474,272,23
3475,273,0
3476,273,1
3477,273,2
3478,273,3
3479,273,4
3480,273,16
3481,273,17
3482,273,18
3483,273,19
3484,273,20
3485,273,21
3486,273,22
3487,273,23
3488,274,0
3489,274,1
3490,274,2
3491,274,3
3492,274,4
3493,274,16
3494,274,17
3495,274,18
3496,274,19
3497,274,20
3498,274,21
3499,274,22
3500,274,23
3501,275,0
3502,275,1
3503,275,2
3504,275,3
3505,275,4
3506,275,16
3507,275,17
3508,275,18
3509,275,19
3510,275,20
3511,275,21
3512,275,22
3513,275,23
3514,276,0
3515,276,1
3516,276,2
3517,276,3
3518,276,4
3519,276,16
3520,276,17
3521,276,18
3522,276,19
3523,276,20
3524,276,21
3525,276,22
3526,276,23
3527,277,0
3528,277,1
3529,277,2
3530,277,3
3531,277,4
3532,277,15
3533,277,16
3534,277,17
3535,277,18
3536,277,19
3537,277,20
3538,277,21
3539,277,22
3540,277,23
3541,278,0
3542,278,1
3543,278,2
3544,278,3
3545,278,4
3546,278,15
3547,278,16
3548,278,17
3549,278,18
3550,278,19
3551,278,20
3552,278,21
3553,278,22
3554,278,23
3555,279,0
3556,279,1
3557,279,2
3558,279,3
3559,279,4
3560,279,15
3561,279,16
3562,279,17
3563,279,18
3564,279,19
3565,279,20
3566,279,21
3567,279,22
3568,279,23
3569,280,0
3570,280,1
3571,280,2
3572,280,3
3573,280,4
3574,280,15
3575,280,16
3576,280,17
3577,280,18
3578,280,19
3579,280,20
3580,280,21
3581,280,22
3582,280,23
3583,281,0
3584,281,1
3585,281,2
3586,281,3
3587,281,4
3588,281,15
3589,281,16
3590,281,17
3591,281,18
3592,281,19
3593,281,20
3594,281,21
3595,281,22
3596,281,23
3597,282,0
3598,282,1
3599,282,2
3600,282,3
3601,282,4
3602,282,5
3603,282,15
3604,282,16
3605,282,17
3606,282,18
3607,282,19
3608,282,20
3609,282,21
3610,282,22
3611,282,23
3612,283,0
3613,283,1
3614,283,2
3615,283,3
3616,283,4
3617,283,15
3618,283,16
3619,283,17
3620,283,18
3621,283,19
3622,283,20
3623,283,21
3624,283,22
3625,283,23
3626,284,0
3627,284,1
3628,284,2
3629,284,3
3630,284,4
3631,284,15
3632,284,16
3633,284,17
3634,284,18
3635,284,19
3636,284,20
3637,284,21
3638,284,22
3639,284,23
3640,285,0
3641,285,1
3642,285,2
3643,285,3
3644,285,4
3645,285,5
3646,285,15
3647,285,16
3648,285,17
3649,285,18
3650,285,19
3651,285,20
3652,285,21
3653,285,22
3654,285,23
3655,286,0
3656,286,1
3657,286,2
3658,286,3
3659,286,4
3660,286,5
3661,286,15
3662,286,16
3663,286,17
3664,286,18
3665,286,19
3666,286,20
3667,286,21
3668,286,22
3669,286,23
3670,287,0
3671,287,1
3672,287,2
3673,287,3
3674,287,4
3675,287,5
3676,287,15
3677,287,16
3678,287,17
3679,287,18
3680,287,19
3681,287,20
3682,287,21
3683,287,22
3684,287,23
3685,288,0
3686,288,1
3687,288,2
3688,288,3
3689,288,4
3690,288,5
3691,288,15
3692,288,16
3693,288,17
3694,288,18
3695,288,19
3696,288,20
3697,288,21
3698,288,22
3699,288,23
3700,289,0
3701,289,1
3702,289,2
3703,289,3
3704,289,4
3705,289,5
3706,289,15
3707,289,16
3708,289,17
3709,289,18
3710,289,19
3711,289,20
3712,289,21
3713,289,22
3714,289,23
3715,290,0
3716,290,1
3717,290,2
3718,290,3
3719,290,4
3720,290,5
3721,290,15
3722,290,16
3723,290,17
3724,290,18
3725,290,19
3726,290,20
3727,290,21
3728,290,22
3729,290,23
3730,291,0
3731,291,1
3732,291,2
3733,291,3
3734,291,4
3735,291,5
3736,291,15
3737,291,16
3738,291,17
3739,291,18
3740,291,19
3741,291,20
3742,291,21
3743,291,22
3744,291,23
3745,292,0
3746,292,1
3747,292,2
3748,292,3
3749,292,4
3750,292,5
3751,292,15
3752,292,16
3753,292,17
3754,292,18
3755,292,19
3756,292,20
3757,292,21
3758,292,22
3759,292,23
3760,293,0
3761,293,1
3762,293,2
3763,293,3
3764,293,4
3765,293,5
3766,293,15
3767,293,16
3768,293,17
3769,293,18
3770,293,19
3771,293,20
3772,293,21
3773,293,22
3774,293,23
3775,294,0
3776,294,1
3777,294,2
3778,294,3
3779,294,4
3780,294,5
3781,294,15
3782,294,16
3783,294,17
3784,294,18
3785,294,19
3786,294,20
3787,294,21
3788,294,22
3789,294,23
3790,295,0
3791,295,1
3792,295,2
3793,295,3
3794,295,4
3795,295,5
3796,295,15
3797,295,16
3798,295,17
3799,295,18
3800,295,19
3801,295,20
3802,295,21
3803,295,22
3804,295,23
3805,296,0
3806,296,1
3807,296,2
3808,296,3
3809,296,4
3810,296,5
3811,296,15
3812,296,16
3813,296,17
3814,296,18
3815,296,19
3816,296,20
3817,296,21
3818,296,22
3819,296,23
3820,297,0
3821,297,1
3822,297,2
3823,297,3
3824,297,4
3825,297,5
3826,297,15
3827,297,16
3828,297,17
3829,297,18
3830,297,19
3831,297,20
3832,297,21
3833,297,22
3834,297,23
3835,298,0
3836,298,1
3837,298,2
3838,298,3
3839,298,4
3840,298,5
3841,298,15
3842,298,16
3843,298,17
3844,298,18
3845,298,19
3846,298,20
3847,298,21
3848,298,22
3849,298,23
3850,299,0
3851,299,1
3852,299,2
3853,299,3
3854,299,4
3855,299,5
3856,299,15
3857,299,16
3858,299,17
3859,299,18
3860,299,19
3861,299,20
3862,299,21
3863,299,22
3864,299,23
3865,300,0
3866,300,1
3867,300,2
3868,300,3
3869,300,4
3870,300,5
3871,300,15
3872,300,16
3873,300,17
3874,300,18
3875,300,19
3876,300,20
3877,300,21
3878,300,22
3879,300,23
3880,301,0
3881,301,1
3882,301,2
3883,301,3
3884,301,4
3885,301,5
3886,301,15
3887,301,16
3888,301,17
3889,301,18
3890,301,19
3891,301,20
3892,301,21
3893,301,22
3894,301,23
3895,302,0
3896,302,1
3897,302,2
3898,302,3
3899,302,4
3900,302,5
3901,302,15
3902,302,16
3903,302,17
3904,302,18
3905,302,19
3906,302,20
3907,302,21
3908,302,22
3909,302,23
3910,303,0
3911,303,1
3912,303,2
3913,303,3
3914,303,4
3915,303,5
3916,303,15
3917,303,16
3918,303,17
3919,303,18
3920,303,19
3921,303,20
3922,303,21
3923,303,22
3924,303,23
3925,304,0
3926,304,1
3927,304,2
3928,304,3
3929,304,4
3930,304,5
3931,304,15
3932,304,16
3933,304,17
3934,304,18
3935,304,19
3936,304,20
3937,304,21
3938,304,22
3939,304,23
3940,305,0
3941,305,1
3942,305,2
3943,305,3
3944,305,4
3945,305,5
3946,305,15
3947,305,16
3948,305,17
3949,305,18
3950,305,19
3951,305,20
3952,305,21
3953,305,22
3954,305,23
3955,306,0
3956,306,1
3957,306,2
3958,306,3
3959,306,4
3960,306,5
3961,306,15
3962,306,16
3963,306,17
3964,306,18
3965,306,19
3966,306,20
3967,306,21
3968,306,22
3969,306,23
3970,307,0
3971,307,1
3972,307,2
3973,307,3
3974,307,4
3975,307,5
3976,307,15
3977,307,16
3978,307,17
3979,307,18
3980,307,19
3981,307,20
3982,307,21
3983,307,22
3984,307,23
3985,308,0
3986,308,1
3987,308,2
3988,308,3
3989,308,4
3990,308,5
3991,308,15
3992,308,16
3993,308,17
3994,308,18
3995,308,19
3996,308,20
3997,308,21
3998,308,22
3999,308,23
4000,309,0
4001,309,1
4002,309,2
4003,309,3
4004,309,4
4005,309,5
4006,309,15
4007,309,16
4008,309,17
4009,309,18
4010,309,19
4011,309,20
4012,309,21
4013,309,22
4014,309,23
4015,310,0
4016,310,1
4017,310,2
4018,310,3
4019,310,4
4020,310,5
4021,310,15
4022,310,16
4023,310,17
4024,310,18
4025,310,19
4026,310,20
4027,310,21
4028,310,22
4029,310,23
4030,311,0
4031,311,1
4032,311,2
4033,311,3
4034,311,4
4035,311,5
4036,311,15
4037,311,16
4038,311,17
4039,311,18
4040,311,19
4041,311,20
4042,311,21
4043,311,22
4044,311,23
4045,312,0
4046,312,1
4047,312,2
4048,312,3
4049,312,4
4050,312,5
4051,312,15
4052,312,16
4053,312,17
4054,312,18
4055,312,19
4056,312,20
4057,312,21
4058,312,22
4059,312,23
4060,313,0
4061,313,1
4062,313,2
4063,313,3
4064,313,4
4065,313,5
4066,313,15
4067,313,16
4068,313,17
4069,313,18
4070,313,19
4071,313,20
4072,313,21
4073,313,22
4074,313,23
4075,314,0
4076,314,1
4077,314,2
4078,314,3
4079,314,4
4080,314,5
4081,314,15
4082,314,16
4083,314,17
4084,314,18
4085,314,19
4086,314,20
4087,314,21
4088,314,22
4089,314,23
4090,315,0
4091,315,1
4092,315,2
4093,315,3
4094,315,4
4095,315,5
4096,315,15
4097,315,16
4098,315,17
4099,315,18
4100,315,19
4101,315,20
4102,315,21
4103,315,22
4104,315,23
4105,316,0
4106,316,1
4107,316,2
4108,316,3
4109,316,4
4110,316,5
4111,316,15
4112,316,16
4113,316,17
4114,316,18
4115,316,19
4116,316,20
4117,316,21
4118,316,22
4119,316,23
4120,317,0
4121,317,1
4122,317,2
4123,317,3
4124,317,4
4125,317,5
4126,317,15
4127,317,16
4128,317,17
4129,317,18
4130,317,19
4131,317,20
4132,317,21
4133,317,22
4134,317,23
4135,318,0
4136,318,1
4137,318,2
4138,318,3
4139,318,4
4140,318,5
4141,318,15
4142,318,16
4143,318,17
4144,318,18
4145,318,19
4146,318,20
4147,318,21
4148,318,22
4149,318,23
4150,319,0
4151,319,1
4152,319,2
4153,319,3
4154,319,4
4155,319,5
4156,319,14
4157,319,15
4158,319,16
4159,319,17
4160,319,18
4161,319,19
4162,319,20
4163,319,21
4164,319,22
4165,319,23
4166,320,0
4167,320,1
4168,320,2
4169,320,3
4170,320,4
4171,320,5
4172,320,14
4173,320,15
4174,320,16
4175,320,17
4176,320,18
4177,320,19
4178,320,20
4179,320,21
4180,320,22
4181,320,23
4182,321,0
4183,321,1
4184,321,2
4185,321,3
4186,321,4
4187,321,5
4188,321,6
4189,321,14
4190,321,15
4191,321,16
4192,321,17
4193,321,18
4194,321,19
4195,321,20
4196,321,21
4197,321,22
4198,321,23
4199,322,0
4200,322,1
4201,322,2
4202,322,3
4203,322,4
4204,322,5
4205,322,6
4206,322,14
4207,322,15
4208,322,16
4209,322,17
4210,322,18
4211,322,19
4212,322,20
4213,322,21
4214,322,22
4215,322,23
4216,323,0
4217,323,1
4218,323,2
4219,323,3
4220,323,4
4221,323,5
4222,323,6
4223,323,14
4224,323,15
4225,323,16
4226,323,17
4227,323,18
4228,323,19
4229,323,20
4230,323,21
4231,323,22
4232,323,23
4233,324,0
4234,324,1
4235,324,2
4236,324,3
4237,324,4
4238,324,5
4239,324,6
4240,324,14
4241,324,15
4242,324,16
4243,324,17
4244,324,18
4245,324,19
4246,324,20
4247,324,21
4248,324,22
4249,324,23
4250,325,0
4251,325,1
4252,325,2
4253,325,3
4254,325,4
4255,325,5
4256,325,6
4257,325,14
4258,325,15
4259,325,16
4260,325,17
4261,325,18
4262,325,19
4263,325,20
4264,325,21
4265,325,22
4266,325,23
4267,326,0
4268,326,1
4269,326,2
4270,326,3
4271,326,4
4272,326,5
4273,326,6
4274,326,14
4275,326,15
4276,326,16
4277,326,17
4278,326,18
4279,326,19
4280,326,20
4281,326,21
4282,326,22
4283,326,23
4284,327,0
4285,327,1
4286,327,2
4287,327,3
4288,327,4
4289,327,5
4290,327,6
4291,327,14
4292,327,15
4293,327,16
4294,327,17
4295,327,18
4296,327,19
4297,327,20
4298,327,21
4299,327,22
4300,327,23
4301,328,0
4302,328,1
4303,328,2
4304,328,3
4305,328,4
4306,328,5
4307,328,6
4308,328,14
4309,328,15
4310,328,16
4311,328,17
4312,328,18
4313,328,19
4314,328,20
4315,328,21
4316,328,22
4317,328,23
4318,329,0
4319,329,1
4320,329,2
4321,329,3
4322,329,4
4323,329,5
4324,329,6
4325,329,14
4326,329,15
4327,329,16
4328,329,17
4329,329,18
4330,329,19
4331,329,20
4332,329,21
4333,329,22
4334,329,23
4335,330,0
4336,330,1
4337,330,2
4338,330,3
4339,330,4
4340,330,5
4341,330,6
4342,330,14
4343,330,15
4344,330,16
4345,330,17
4346,330,18
4347,330,19
4348,330,20
4349,330,21
4350,330,22
4351,330,23
4352,331,0
4353,331,1
4354,331,2
4355,331,3
4356,331,4
4357,331,5
4358,331,6
4359,331,14
4360,331,15
4361,331,16
4362,331,17
4363,331,18
4364,331,19
4365,331,20
4366,331,21
4367,331,22
4368,331,23
4369,332,0
4370,332,1
4371,332,2
4372,332,3
4373,332,4
4374,332,5
4375,332,6
4376,332,14
4377,332,15
4378,332,16
4379,332,17
4380,332,18
4381,332,19
4382,332,20
4383,332,21
4384,332,22
4385,332,23
4386,333,0
4387,333,1
4388,333,2
4389,333,3
4390,333,4
4391,333,5
4392,333,6
4393,333,14
4394,333,15
4395,333,16
4396,333,17
4397,333,18
4398,333,19
4399,333,20
4400,333,21
4401,333,22
4402,333,23
4403,334,0
4404,334,1
4405,334,2
4406,334,3
4407,334,4
4408,334,5
4409,334,6
4410,334,14
4411,334,15
4412,334,16
4413,334,17
4414,334,18
4415,334,19
4416,334,20
4417,334,21
4418,334,22
4419,334,23
4420,335,0
4421,335,1
4422,335,2
4423,335,3
4424,335,4
4425,335,5
4426,335,6
4427,335,14
4428,335,15
4429,335,16
4430,335,17
4431,335,18
4432,335,19
4433,335,20
4434,335,21
4435,335,22
4436,335,23
4437,336,0
4438,336,1
4439,336,2
4440,336,3
4441,336,4
4442,336,5
4443,336,6
4444,336,14
4445,336,15
4446,336,16
4447,336,17
4448,336,18
4449,336,19
4450,336,20
4451,336,21
4452,336,22
4453,336,23
4454,337,0
4455,337,1
4456,337,2
4457,337,3
4458,337,4
4459,337,5
4460,337,6
4461,337,14
4462,337,15
4463,337,16
4464,337,17
4465,337,18
4466,337,19
4467,337,20
4468,337,21
4469,337,22
4470,337,23
4471,338,0
4472,338,1
4473,338,2
4474,338,3
4475,338,4
4476,338,5
4477,338,6
4478,338,14
4479,338,15
4480,338,16
4481,338,17
4482,338,18
4483,338,19
4484,338,20
4485,338,21
4486,338,22
4487,338,23
4488,339,0
4489,339,1
4490,339,2
4491,339,3
4492,339,4
4493,339,5
4494,339,6
4495,339,14
4496,339,15
4497,339,16
4498,339,17
4499,339,18
4500,339,19
4501,339,20
4502,339,21
4503,339,22
4504,339,23
4505,340,0
4506,340,1
4507,340,2
4508,340,3
4509,340,4
4510,340,5
4511,340,6
4512,340,14
4513,340,15
4514,340,16
4515,340,17
4516,340,18
4517,340,19
4518,340,20
4519,340,21
4520,340,22
4521,340,23
4522,341,0
4523,341,1
4524,341,2
4525,341,3
4526,341,4
4527,341,5
4528,341,6
4529,341,14
4530,341,15
4531,341,16
4532,341,17
4533,341,18
4534,341,19
4535,341,20
4536,341,21
4537,341,22
4538,341,23
4539,342,0
4540,342,1
4541,342,2
4542,342,3
4543,342,4
4544,342,5
4545,342,6
4546,342,14
4547,342,15
4548,342,16
4549,342,17
4550,342,18
4551,342,19
4552,342,20
4553,342,21
4554,342,22
4555,342,23
4556,343,0
4557,343,1
4558,343,2
4559,343,3
4560,343,4
4561,343,5
4562,343,6
4563,343,14
4564,343,15
4565,343,16
4566,343,17
4567,343,18
4568,343,19
4569,343,20
4570,343,21
4571,343,22
4572,343,23
4573,344,0
4574,344,1
4575,344,2
4576,344,3
4577,344,4
4578,344,5
4579,344,6
4580,344,14
4581,344,15
4582,344,16
4583,344,17
4584,344,18
4585,344,19
4586,344,20
4587,344,21
4588,344,22
4589,344,23
4590,345,0
4591,345,1
4592,345,2
4593,345,3
4594,345,4
4595,345,5
4596,345,6
4597,345,14
4598,345,15
4599,345,16
4600,345,17
4601,345,18
4602,345,19
4603,345,20
4604,345,21
4605,345,22
4606,345,23
4607,346,0
4608,346,1
4609,346,2
4610,346,3
4611,346,4
4612,346,5
4613,346,6
4614,346,14
4615,346,15
4616,346,16
4617,346,17
4618,346,18
4619,346,19
4620,346,20
4621,346,21
4622,346,22
4623,346,23
4624,347,0
4625,347,1
4626,347,2
4627,347,3
4628,347,4
4629,347,5
4630,347,6
4631,347,14
4632,347,15
4633,347,16
4634,347,17
4635,347,18
4636,347,19
4637,347,20
4638,347,21
4639,347,22
4640,347,23
4641,348,0
4642,348,1
4643,348,2
4644,348,3
4645,348,4
4646,348,5
4647,348,6
4648,348,14
4649,348,15
4650,348,16
4651,348,17
4652,348,18
4653,348,19
4654,348,20
4655,348,21
4656,348,22
4657,348,23
4658,349,0
4659,349,1
4660,349,2
4661,349,3
4662,349,4
4663,349,5
4664,349,6
4665,349,14
4666,349,15
4667,349,16
4668,349,17
4669,349,18
4670,349,19
4671,349,20
4672,349,21
4673,349,22
4674,349,23
4675,350,0
4676,350,1
4677,350,2
4678,350,3
4679,350,4
4680,350,5
4681,350,6
4682,350,14
4683,350,15
4684,350,16
4685,350,17
4686,350,18
4687,350,19
4688,350,20
4689,350,21
4690,350,22
4691,350,23
4692,351,0
4693,351,1
4694,351,2
4695,351,3
4696,351,4
4697,351,5
4698,351,6
4699,351,14
4700,351,15
4701,351,16
4702,351,17
4703,351,18
4704,351,19
4705,351,20
4706,351,21
4707,351,22
4708,351,23
4709,352,0
4710,352,1
4711,352,2
4712,352,3
4713,352,4
4714,352,5
4715,352,6
4716,352,14
4717,352,15
4718,352,16
4719,352,17
4720,352,18
4721,352,19
4722,352,20
4723,352,21
4724,352,22
4725,352,23
4726,353,0
4727,353,1
4728,353,2
4729,353,3
4730,353,4
4731,353,5
4732,353,6
4733,353,14
4734,353,15
4735,353,16
4736,353,17
4737,353,18
4738,353,19
4739,353,20
4740,353,21
4741,353,22
4742,353,23
4743,354,0
4744,354,1
4745,354,2
4746,354,3
4747,354,4
4748,354,5
4749,354,6
4750,354,14
4751,354,15
4752,354,16
4753,354,17
4754,354,18
4755,354,19
4756,354,20
4757,354,21
4758,354,22
4759,354,23
4760,355,0
4761,355,1
4762,355,2
4763,355,3
4764,355,4
4765,355,5
4766,355,6
4767,355,14
4768,355,15
4769,355,16
4770,355,17
4771,355,18
4772,355,19
4773,355,20
4774,355,21
4775,355,22
4776,355,23
4777,356,0
4778,356,1
4779,356,2
4780,356,3
4781,356,4
4782,356,5
4783,356,6
4784,356,14
4785,356,15
4786,356,16
4787,356,17
4788,356,18
4789,356,19
4790,356,20
4791,356,21
4792,356,22
4793,356,23
4794,357,0
4795,357,1
4796,357,2
4797,357,3
4798,357,4
4799,357,5
4800,357,6
4801,357,14
4802,357,15
4803,357,16
4804,357,17
4805,357,18
4806,357,19
4807,357,20
4808,357,21
4809,357,22
4810,357,23
4811,358,0
4812,358,1
4813,358,2
4814,358,3
4815,358,4
4816,358,5
4817,358,6
4818,358,14
4819,358,15
4820,358,16
4821,358,17
4822,358,18
4823,358,19
4824,358,20
4825,358,21
4826,358,22
4827,358,23
4828,359,0
4829,359,1
4830,359,2
4831,359,3
4832,359,4
4833,359,5
4834,359,6
4835,359,14
4836,359,15
4837,359,16
4838,359,17
4839,359,18
4840,359,19
4841,359,20
4842,359,21
4843,359,22
4844,359,23
4845,360,0
4846,360,1
4847,360,2
4848,360,3
4849,360,4
4850,360,5
4851,360,6
4852,360,14
4853,360,15
4854,360,16
4855,360,17
4856,360,18
4857,360,19
4858,360,20
4859,360,21
4860,360,22
4861,360,23
4862,361,0
4863,361,1
4864,361,2
4865,361,3
4866,361,4
4867,361,5
4868,361,6
4869,361,14
4870,361,15
4871,361,16
4872,361,17
4873,361,18
4874,361,19
4875,361,20
4876,361,21
4877,361,22
4878,361,23
4879,362,0
4880,362,1
4881,362,2
4882,362,3
4883,362,4
4884,362,5
4885,362,6
4886,362,14
4887,362,15
4888,362,16
4889,362,17
4890,362,18
4891,362,19
4892,362,20
4893,362,21
4894,362,22
4895,362,23
4896,363,0
4897,363,1
4898,363,2
4899,363,3
4900,363,4
4901,363,5
4902,363,6
4903,363,14
4904,363,15
4905,363,16
4906,363,17
4907,363,18
4908,363,19
4909,363,20
4910,363,21
4911,363,22
4912,363,23
4913,364,0
4914,364,1
4915,364,2
4916,364,3
4917,364,4
4918,364,5
4919,364,6
4920,364,14
4921,364,15
4922,364,16
4923,364,17
4924,364,18
4925,364,19
4926,364,20
4927,364,21
4928,364,22
4929,364,23
4930,365,0
4931,365,1
4932,365,2
4933,365,3
4934,365,4
4935,365,5
4936,365,6
4937,365,14
4938,365,15
4939,365,16
4940,365,17
4941,365,18
4942,365,19
4943,365,20
4944,365,21
4945,365,22
4946,365,23
