,day,hour
0,1,0
1,1,1
2,1,2
3,1,3
4,1,4
5,1,5
6,1,6
7,1,7
8,1,14
9,1,15
10,1,16
11,1,17
12,1,18
13,1,19
14,1,20
15,1,21
16,1,22
17,1,23
18,2,0
19,2,1
20,2,2
21,2,3
22,2,4
23,2,5
24,2,6
25,2,7
26,2,13
27,2,14
28,2,15
29,2,16
30,2,17
31,2,18
32,2,19
33,2,20
34,2,21
35,2,22
36,2,23
37,3,0
38,3,1
39,3,2
40,3,3
41,3,4
42,3,5
43,3,6
44,3,7
45,3,14
46,3,15
47,3,16
48,3,17
49,3,18
50,3,19
51,3,20
52,3,21
53,3,22
54,3,23
55,4,0
56,4,1
57,4,2
58,4,3
59,4,4
60,4,5
61,4,6
62,4,7
63,4,14
64,4,15
65,4,16
66,4,17
67,4,18
68,4,19
69,4,20
70,4,21
71,4,22
72,4,23
73,5,0
74,5,1
75,5,2
76,5,3
77,5,4
78,5,5
79,5,6
80,5,7
81,5,14
82,5,15
83,5,16
84,5,17
85,5,18
86,5,19
87,5,20
88,5,21
89,5,22
90,5,23
91,6,0
92,6,1
93,6,2
94,6,3
95,6,4
96,6,5
97,6,6
98,6,7
99,6,14
100,6,15
101,6,16
102,6,17
103,6,18
104,6,19
105,6,20
106,6,21
107,6,22
108,6,23
109,7,0
110,7,1
111,7,2
112,7,3
113,7,4
114,7,5
115,7,6
116,7,7
117,7,14
118,7,15
119,7,16
120,7,17
121,7,18
122,7,19
123,7,20
124,7,21
125,7,22
126,7,23
127,8,0
128,8,1
129,8,2
130,8,3
131,8,4
132,8,5
133,8,6
134,8,7
135,8,14
136,8,15
137,8,16
138,8,17
139,8,18
140,8,19
141,8,20
142,8,21
143,8,22
144,8,23
145,9,0
146,9,1
147,9,2
148,9,3
149,9,4
150,9,5
151,9,6
152,9,7
153,9,14
154,9,15
155,9,16
156,9,17
157,9,18
158,9,19
159,9,20
160,9,21
161,9,22
162,9,23
163,10,0
164,10,1
165,10,2
166,10,3
167,10,4
168,10,5
169,10,6
170,10,7
171,10,14
172,10,15
173,10,16
174,10,17
175,10,18
176,10,19
177,10,20
178,10,21
179,10,22
180,10,23
181,11,0
182,11,1
183,11,2
184,11,3
185,11,4
186,11,5
187,11,6
188,11,7
189,11,14
190,11,15
191,11,16
192,11,17
193,11,18
194,11,19
195,11,20
196,11,21
197,11,22
198,11,23
199,12,0
200,12,1
201,12,2
202,12,3
203,12,4
204,12,5
205,12,6
206,12,7
207,12,14
208,12,15
209,12,16
210,12,17
211,12,18
212,12,19
213,12,20
214,12,21
215,12,22
216,12,23
217,13,0
218,13,1
219,13,2
220,13,3
221,13,4
222,13,5
223,13,6
224,13,7
225,13,14
226,13,15
227,13,16
228,13,17
229,13,18
230,13,19
231,13,20
232,13,21
233,13,22
234,13,23
235,14,0
236,14,1
237,14,2
238,14,3
239,14,4
240,14,5
241,14,6
242,14,7
243,14,14
244,14,15
245,14,16
246,14,17
247,14,18
248,14,19
249,14,20
250,14,21
251,14,22
252,14,23
253,15,0
254,15,1
255,15,2
256,15,3
257,15,4
258,15,5
259,15,6
260,15,7
261,15,14
262,15,15
263,15,16
264,15,17
265,15,18
266,15,19
267,15,20
268,15,21
269,15,22
270,15,23
271,16,0
272,16,1
273,16,2
274,16,3
275,16,4
276,16,5
277,16,6
278,16,7
279,16,14
280,16,15
281,16,16
282,16,17
283,16,18
284,16,19
285,16,20
286,16,21
287,16,22
288,16,23
289,17,0
290,17,1
291,17,2
292,17,3
293,17,4
294,17,5
295,17,6
296,17,7
297,17,14
298,17,15
299,17,16
300,17,17
301,17,18
302,17,19
303,17,20
304,17,21
305,17,22
306,17,23
307,18,0
308,18,1
309,18,2
310,18,3
311,18,4
312,18,5
313,18,6
314,18,14
315,18,15
316,18,16
317,18,17
318,18,18
319,18,19
320,18,20
321,18,21
322,18,22
323,18,23
324,19,0
325,19,1
326,19,2
327,19,3
328,19,4
329,19,5
330,19,6
331,19,7
332,19,14
333,19,15
334,19,16
335,19,17
336,19,18
337,19,19
338,19,20
339,19,21
340,19,22
341,19,23
342,20,0
343,20,1
344,20,2
345,20,3
346,20,4
347,20,5
348,20,6
349,20,7
350,20,14
351,20,15
352,20,16
353,20,17
354,20,18
355,20,19
356,20,20
357,20,21
358,20,22
359,20,23
360,21,0
361,21,1
362,21,2
363,21,3
364,21,4
365,21,5
366,21,6
367,21,7
368,21,14
369,21,15
370,21,16
371,21,17
372,21,18
373,21,19
374,21,20
375,21,21
376,21,22
377,21,23
378,22,0
379,22,1
380,22,2
381,22,3
382,22,4
383,22,5
384,22,6
385,22,14
386,22,15
387,22,16
388,22,17
389,22,18
390,22,19
391,22,20
392,22,21
393,22,22
394,22,23
395,23,0
396,23,1
397,23,2
398,23,3
399,23,4
400,23,5
401,23,6
402,23,14
403,23,15
404,23,16
405,23,17
406,23,18
407,23,19
408,23,20
409,23,21
410,23,22
411,23,23
412,24,0
413,24,1
414,24,2
415,24,3
416,24,4
417,24,5
418,24,6
419,24,14
420,24,15
421,24,16
422,24,17
423,24,18
424,24,19
425,24,20
426,24,21
427,24,22
428,24,23
429,25,0
430,25,1
431,25,2
432,25,3
433,25,4
434,25,5
435,25,6
436,25,14
437,25,15
438,25,16
439,25,17
440,25,18
441,25,19
442,25,20
443,25,21
444,25,22
445,25,23
446,26,0
447,26,1
448,26,2
449,26,3
450,26,4
451,26,5
452,26,6
453,26,14
454,26,15
455,26,16
456,26,17
457,26,18
458,26,19
459,26,20
460,26,21
461,26,22
462,26,23
463,27,0
464,27,1
465,27,2
466,27,3
467,27,4
468,27,5
469,27,6
470,27,14
471,27,15
472,27,16
473,27,17
474,27,18
475,27,19
476,27,20
477,27,21
478,27,22
479,27,23
480,28,0
481,28,1
482,28,2
483,28,3
484,28,4
485,28,5
486,28,6
487,28,14
488,28,15
489,28,16
490,28,17
491,28,18
492,28,19
493,28,20
494,28,21
495,28,22
496,28,23
497,29,0
498,29,1
499,29,2
500,29,3
501,29,4
502,29,5
503,29,6
504,29,14
505,29,15
506,29,16
507,29,17
508,29,18
509,29,19
510,29,20
511,29,21
512,29,22
513,29,23
514,30,0
515,30,1
516,30,2
517,30,3
518,30,4
519,30,5
520,30,6
521,30,14
522,30,15
523,30,16
524,30,17
525,30,18
526,30,19
527,30,20
528,30,21
529,30,22
530,30,23
531,31,0
532,31,1
533,31,2
534,31,3
535,31,4
536,31,5
537,31,6
538,31,14
539,31,15
540,31,16
541,31,17
542,31,18
543,31,19
544,31,20
545,31,21
546,31,22
547,31,23
548,32,0
549,32,1
550,32,2
551,32,3
552,32,4
553,32,5
554,32,6
555,32,14
556,32,15
557,32,16
558,32,17
559,32,18
560,32,19
561,32,20
562,32,21
563,32,22
564,32,23
565,33,0
566,33,1
567,33,2
568,33,3
569,33,4
570,33,5
571,33,6
572,33,14
573,33,15
574,33,16
575,33,17
576,33,18
577,33,19
578,33,20
579,33,21
580,33,22
581,33,23
582,34,0
583,34,1
584,34,2
585,34,3
586,34,4
587,34,5
588,34,6
589,34,14
590,34,15
591,34,16
592,34,17
593,34,18
594,34,19
595,34,20
596,34,21
597,34,22
598,34,23
599,35,0
600,35,1
601,35,2
602,35,3
603,35,4
604,35,5
605,35,6
606,35,14
607,35,15
608,35,16
609,35,17
610,35,18
611,35,19
612,35,20
613,35,21
614,35,22
615,35,23
616,36,0
617,36,1
618,36,2
619,36,3
620,36,4
621,36,5
622,36,6
623,36,14
624,36,15
625,36,16
626,36,17
627,36,18
628,36,19
629,36,20
630,36,21
631,36,22
632,36,23
633,37,0
634,37,1
635,37,2
636,37,3
637,37,4
638,37,5
639,37,6
640,37,14
641,37,15
642,37,16
643,37,17
644,37,18
645,37,19
646,37,20
647,37,21
648,37,22
649,37,23
650,38,0
651,38,1
652,38,2
653,38,3
654,38,4
655,38,5
656,38,6
657,38,14
658,38,15
659,38,16
660,38,17
661,38,18
662,38,19
663,38,20
664,38,21
665,38,22
666,38,23
667,39,0
668,39,1
669,39,2
670,39,3
671,39,4
672,39,5
673,39,6
674,39,14
675,39,15
676,39,16
677,39,17
678,39,18
679,39,19
680,39,20
681,39,21
682,39,22
683,39,23
684,40,0
685,40,1
686,40,2
687,40,3
688,40,4
689,40,5
690,40,6
691,40,15
692,40,16
693,40,17
694,40,18
695,40,19
696,40,20
697,40,21
698,40,22
699,40,23
700,41,0
701,41,1
702,41,2
703,41,3
704,41,4
705,41,5
706,41,6
707,41,15
708,41,16
709,41,17
710,41,18
711,41,19
712,41,20
713,41,21
714,41,22
715,41,23
716,42,0
717,42,1
718,42,2
719,42,3
720,42,4
721,42,5
722,42,6
723,42,15
724,42,16
725,42,17
726,42,18
727,42,19
728,42,20
729,42,21
730,42,22
731,42,23
732,43,0
733,43,1
734,43,2
735,43,3
736,43,4
737,43,5
738,43,6
739,43,15
740,43,16
741,43,17
742,43,18
743,43,19
744,43,20
745,43,21
746,43,22
747,43,23
748,44,0
749,44,1
750,44,2
751,44,3
752,44,4
753,44,5
754,44,6
755,44,15
756,44,16
757,44,17
758,44,18
759,44,19
760,44,20
761,44,21
762,44,22
763,44,23
764,45,0
765,45,1
766,45,2
767,45,3
768,45,4
769,45,5
770,45,6
771,45,15
772,45,16
773,45,17
774,45,18
775,45,19
776,45,20
777,45,21
778,45,22
779,45,23
780,46,0
781,46,1
782,46,2
783,46,3
784,46,4
785,46,5
786,46,6
787,46,15
788,46,16
789,46,17
790,46,18
791,46,19
792,46,20
793,46,21
794,46,22
795,46,23
796,47,0
797,47,1
798,47,2
799,47,3
800,47,4
801,47,5
802,47,6
803,47,15
804,47,16
805,47,17
806,47,18
807,47,19
808,47,20
809,47,21
810,47,22
811,47,23
812,48,0
813,48,1
814,48,2
815,48,3
816,48,4
817,48,5
818,48,15
819,48,16
820,48,17
821,48,18
822,48,19
823,48,20
824,48,21
825,48,22
826,48,23
827,49,0
828,49,1
829,49,2
830,49,3
831,49,4
832,49,5
833,49,6
834,49,15
835,49,16
836,49,17
837,49,18
838,49,19
839,49,20
840,49,21
841,49,22
842,49,23
843,50,0
844,50,1
845,50,2
846,50,3
847,50,4
848,50,5
849,50,6
850,50,15
851,50,16
852,50,17
853,50,18
854,50,19
855,50,20
856,50,21
857,50,22
858,50,23
859,51,0
860,51,1
861,51,2
862,51,3
863,51,4
864,51,5
865,51,6
866,51,15
867,51,16
868,51,17
869,51,18
870,51,19
871,51,20
872,51,21
873,51,22
874,51,23
875,52,0
876,52,1
877,52,2
878,52,3
879,52,4
880,52,5
881,52,6
882,52,15
883,52,16
884,52,17
885,52,18
886,52,19
887,52,20
888,52,21
889,52,22
890,52,23
891,53,0
892,53,1
893,53,2
894,53,3
895,53,4
896,53,5
897,53,6
898,53,15
899,53,16
900,53,17
901,53,18
902,53,19
903,53,20
904,53,21
905,53,22
906,53,23
907,54,0
908,54,1
909,54,2
910,54,3
911,54,4
912,54,5
913,54,15
914,54,16
915,54,17
916,54,18
917,54,19
918,54,20
919,54,21
920,54,22
921,54,23
922,55,0
923,55,1
924,55,2
925,55,3
926,55,4
927,55,5
928,55,15
929,55,16
930,55,17
931,55,18
932,55,19
933,55,20
934,55,21
935,55,22
936,55,23
937,56,0
938,56,1
939,56,2
940,56,3
941,56,4
942,56,5
943,56,15
944,56,16
945,56,17
946,56,18
947,56,19
948,56,20
949,56,21
950,56,22
951,56,23
952,57,0
953,57,1
954,57,2
955,57,3
956,57,4
957,57,5
958,57,15
959,57,16
960,57,17
961,57,18
962,57,19
963,57,20
964,57,21
965,57,22
966,57,23
967,58,0
968,58,1
969,58,2
970,58,3
971,58,4
972,58,5
973,58,15
974,58,16
975,58,17
976,58,18
977,58,19
978,58,20
979,58,21
980,58,22
981,58,23
982,59,0
983,59,1
984,59,2
985,59,3
986,59,4
987,59,5
988,59,15
989,59,16
990,59,17
991,59,18
992,59,19
993,59,20
994,59,21
995,59,22
996,59,23
997,60,0
998,60,1
999,60,2
1000,60,3
1001,60,4
1002,60,5
1003,60,15
1004,60,16
1005,60,17
1006,60,18
1007,60,19
1008,60,20
1009,60,21
1010,60,22
1011,60,23
1012,61,0
1013,61,1
1014,61,2
1015,61,3
1016,61,4
1017,61,5
1018,61,15
1019,61,16
1020,61,17
1021,61,18
1022,61,19
1023,61,20
1024,61,21
1025,61,22
1026,61,23
1027,62,0
1028,62,1
1029,62,2
1030,62,3
1031,62,4
1032,62,5
1033,62,15
1034,62,16
1035,62,17
1036,62,18
1037,62,19
1038,62,20
1039,62,21
1040,62,22
1041,62,23
1042,63,0
1043,63,1
1044,63,2
1045,63,3
1046,63,4
1047,63,5
1048,63,15
1049,63,16
1050,63,17
1051,63,18
1052,63,19
1053,63,20
1054,63,21
1055,63,22
1056,63,23
1057,64,0
1058,64,1
1059,64,2
1060,64,3
1061,64,4
1062,64,5
1063,64,15
1064,64,16
1065,64,17
1066,64,18
1067,64,19
1068,64,20
1069,64,21
1070,64,22
1071,64,23
1072,65,0
1073,65,1
1074,65,2
1075,65,3
1076,65,4
1077,65,5
1078,65,15
1079,65,16
1080,65,17
1081,65,18
1082,65,19
1083,65,20
1084,65,21
1085,65,22
1086,65,23
1087,66,0
1088,66,1
1089,66,2
1090,66,3
1091,66,4
1092,66,5
1093,66,15
1094,66,16
1095,66,17
1096,66,18
1097,66,19
1098,66,20
1099,66,21
1100,66,22
1101,66,23
1102,67,0
1103,67,1
1104,67,2
1105,67,3
1106,67,4
1107,67,5
1108,67,15
1109,67,16
1110,67,17
1111,67,18
1112,67,19
1113,67,20
1114,67,21
1115,67,22
1116,67,23
1117,68,0
1118,68,1
1119,68,2
1120,68,3
1121,68,4
1122,68,5
1123,68,15
1124,68,16
1125,68,17
1126,68,18
1127,68,19
1128,68,20
1129,68,21
1130,68,22
1131,68,23
1132,69,0
1133,69,1
1134,69,2
1135,69,3
1136,69,4
1137,69,5
1138,69,16
1139,69,17
1140,69,18
1141,69,19
1142,69,20
1143,69,21
1144,69,22
1145,69,23
1146,70,0
1147,70,1
1148,70,2
1149,70,3
1150,70,4
1151,70,5
1152,70,16
1153,70,17
1154,70,18
1155,70,19
1156,70,20
1157,70,21
1158,70,22
1159,70,23
1160,71,0
1161,71,1
1162,71,2
1163,71,3
1164,71,4
1165,71,5
1166,71,16
1167,71,17
1168,71,18
1169,71,19
1170,71,20
1171,71,21
1172,71,22
1173,71,23
1174,72,0
1175,72,1
1176,72,2
1177,72,3
1178,72,4
1179,72,5
1180,72,16
1181,72,17
1182,72,18
1183,72,19
1184,72,20
1185,72,21
1186,72,22
1187,72,23
1188,73,0
1189,73,1
1190,73,2
1191,73,3
1192,73,4
1193,73,5
1194,73,16
1195,73,17
1196,73,18
1197,73,19
1198,73,20
1199,73,21
1200,73,22
1201,73,23
1202,74,0
1203,74,1
1204,74,2
1205,74,3
1206,74,4
1207,74,5
1208,74,16
1209,74,17
1210,74,18
1211,74,19
1212,74,20
1213,74,21
1214,74,22
1215,74,23
1216,75,0
1217,75,1
1218,75,2
1219,75,3
1220,75,4
1221,75,5
1222,75,16
1223,75,17
1224,75,18
1225,75,19
1226,75,20
1227,75,21
1228,75,22
1229,75,23
1230,76,0
1231,76,1
1232,76,2
1233,76,3
1234,76,4
1235,76,5
1236,76,16
1237,76,17
1238,76,18
1239,76,19
1240,76,20
1241,76,21
1242,76,22
1243,76,23
1244,77,0
1245,77,1
1246,77,2
1247,77,3
1248,77,4
1249,77,5
1250,77,16
1251,77,17
1252,77,18
1253,77,19
1254,77,20
1255,77,21
1256,77,22
1257,77,23
1258,78,0
1259,78,1
1260,78,2
1261,78,3
1262,78,4
1263,78,5
1264,78,16
1265,78,17
1266,78,18
1267,78,19
1268,78,20
1269,78,21
1270,78,22
1271,78,23
1272,79,0
1273,79,1
1274,79,2
1275,79,3
1276,79,4
1277,79,5
1278,79,16
1279,79,17
1280,79,18
1281,79,19
1282,79,20
1283,79,21
1284,79,22
1285,79,23
1286,80,0
1287,80,1
1288,80,2
1289,80,3
1290,80,4
1291,80,5
1292,80,16
1293,80,17
1294,80,18
1295,80,19
1296,80,20
1297,80,21
1298,80,22
1299,80,23
1300,81,0
1301,81,1
1302,81,2
1303,81,3
1304,81,4
1305,81,5
1306,81,16
1307,81,17
1308,81,18
1309,81,19
1310,81,20
1311,81,21
1312,81,22
1313,81,23
1314,82,0
1315,82,1
1316,82,2
1317,82,3
1318,82,4
1319,82,5
1320,82,16
1321,82,17
1322,82,18
1323,82,19
1324,82,20
1325,82,21
1326,82,22
1327,82,23
1328,83,0
1329,83,1
1330,83,2
1331,83,3
1332,83,4
1333,83,5
1334,83,16
1335,83,17
1336,83,18
1337,83,19
1338,83,20
1339,83,21
1340,83,22
1341,83,23
1342,84,0
1343,84,1
1344,84,2
1345,84,3
1346,84,4
1347,84,5
1348,84,16
1349,84,17
1350,84,18
1351,84,19
1352,84,20
1353,84,21
1354,84,22
1355,84,23
1356,85,0
1357,85,1
1358,85,2
1359,85,3
1360,85,4
1361,85,16
1362,85,17
1363,85,18
1364,85,19
1365,85,20
1366,85,21
1367,85,22
1368,85,23
1369,86,0
1370,86,1
1371,86,2
1372,86,3
1373,86,4
1374,86,16
1375,86,17
1376,86,18
1377,86,19
1378,86,20
1379,86,21
1380,86,22
1381,86,23
1382,87,0
1383,87,1
1384,87,2
1385,87,3
1386,87,4
1387,87,5
1388,87,16
1389,87,17
1390,87,18
1391,87,19
1392,87,20
1393,87,21
1394,87,22
1395,87,23
1396,88,0
1397,88,1
1398,88,2
1399,88,3
1400,88,4
1401,88,16
1402,88,17
1403,88,18
1404,88,19
1405,88,20
1406,88,21
1407,88,22
1408,88,23
1409,89,0
1410,89,1
1411,89,2
1412,89,3
1413,89,4
1414,89,16
1415,89,17
1416,89,18
1417,89,19
1418,89,20
1419,89,21
1420,89,22
1421,89,23
1422,90,0
1423,90,1
1424,90,2
1425,90,3
1426,90,4
1427,90,16
1428,90,17
1429,90,18
1430,90,19
1431,90,20
1432,90,21
1433,90,22
1434,90,23
1435,91,0
1436,91,1
1437,91,2
1438,91,3
1439,91,4
1440,91,16
1441,91,17
1442,91,18
1443,91,19
1444,91,20
1445,91,21
1446,91,22
1447,91,23
1448,92,0
1449,92,1
1450,92,2
1451,92,3
1452,92,4
1453,92,16
1454,92,17
1455,92,18
1456,92,19
1457,92,20
1458,92,21
1459,92,22
1460,92,23
1461,93,0
1462,93,1
1463,93,2
1464,93,3
1465,93,4
1466,93,16
1467,93,17
1468,93,18
1469,93,19
1470,93,20
1471,93,21
1472,93,22
1473,93,23
1474,94,0
1475,94,1
1476,94,2
1477,94,3
1478,94,4
1479,94,16
1480,94,17
1481,94,18
1482,94,19
1483,94,20
1484,94,21
1485,94,22
1486,94,23
1487,95,0
1488,95,1
1489,95,2
1490,95,3
1491,95,4
1492,95,16
1493,95,17
1494,95,18
1495,95,19
1496,95,20
1497,95,21
1498,95,22
1499,95,23
1500,96,0
1501,96,1
1502,96,2
1503,96,3
1504,96,4
1505,96,16
1506,96,17
1507,96,18
1508,96,19
1509,96,20
1510,96,21
1511,96,22
1512,96,23
1513,97,0
1514,97,1
1515,97,2
1516,97,3
1517,97,4
1518,97,16
1519,97,17
1520,97,18
1521,97,19
1522,97,20
1523,97,21
1524,97,22
1525,97,23
1526,98,0
1527,98,1
1528,98,2
1529,98,3
1530,98,4
1531,98,16
1532,98,17
1533,98,18
1534,98,19
1535,98,20
1536,98,21
1537,98,22
1538,98,23
1539,99,0
1540,99,1
1541,99,2
1542,99,3
1543,99,4
1544,99,16
1545,99,17
1546,99,18
1547,99,19
1548,99,20
1549,99,21
1550,99,22
1551,99,23
1552,100,0
1553,100,1
1554,100,2
1555,100,3
1556,100,4
1557,100,16
1558,100,17
1559,100,18
1560,100,19
1561,100,20
1562,100,21
1563,100,22
1564,100,23
1565,101,0
1566,101,1
1567,101,2
1568,101,3
1569,101,4
1570,101,16
1571,101,17
1572,101,18
1573,101,19
1574,101,20
1575,101,21
1576,101,22
1577,101,23
1578,102,0
1579,102,1
1580,102,2
1581,102,3
1582,102,4
1583,102,16
1584,102,17
1585,102,18
1586,102,19
1587,102,20
1588,102,21
1589,102,22
1590,102,23
1591,103,0
1592,103,1
1593,103,2
1594,103,3
1595,103,4
1596,103,16
1597,103,17
1598,103,18
1599,103,19
1600,103,20
1601,103,21
1602,103,22
1603,103,23
1604,104,0
1605,104,1
1606,104,2
1607,104,3
1608,104,4
1609,104,16
1610,104,17
1611,104,18
1612,104,19
1613,104,20
1614,104,21
1615,104,22
1616,104,23
1617,105,0
1618,105,1
1619,105,2
1620,105,3
1621,105,4
1622,105,17
1623,105,18
1624,105,19
1625,105,20
1626,105,21
1627,105,22
1628,105,23
1629,106,0
1630,106,1
1631,106,2
1632,106,3
1633,106,4
1634,106,17
1635,106,18
1636,106,19
1637,106,20
1638,106,21
1639,106,22
1640,106,23
1641,107,0
1642,107,1
1643,107,2
1644,107,3
1645,107,4
1646,107,17
1647,107,18
1648,107,19
1649,107,20
1650,107,21
1651,107,22
1652,107,23
1653,108,0
1654,108,1
1655,108,2
1656,108,3
1657,108,4
1658,108,17
1659,108,18
1660,108,19
1661,108,20
1662,108,21
1663,108,22
1664,108,23
1665,109,0
1666,109,1
1667,109,2
1668,109,3
1669,109,4
1670,109,17
1671,109,18
1672,109,19
1673,109,20
1674,109,21
1675,109,22
1676,109,23
1677,110,0
1678,110,1
1679,110,2
1680,110,3
1681,110,4
1682,110,17
1683,110,18
1684,110,19
1685,110,20
1686,110,21
1687,110,22
1688,110,23
1689,111,0
1690,111,1
1691,111,2
1692,111,3
1693,111,4
1694,111,17
1695,111,18
1696,111,19
1697,111,20
1698,111,21
1699,111,22
1700,111,23
1701,112,0
1702,112,1
1703,112,2
1704,112,3
1705,112,4
1706,112,17
1707,112,18
1708,112,19
1709,112,20
1710,112,21
1711,112,22
1712,112,23
1713,113,0
1714,113,1
1715,113,2
1716,113,3
1717,113,4
1718,113,17
1719,113,18
1720,113,19
1721,113,20
1722,113,21
1723,113,22
1724,113,23
1725,114,0
1726,114,1
1727,114,2
1728,114,3
1729,114,4
1730,114,17
1731,114,18
1732,114,19
1733,114,20
1734,114,21
1735,114,22
1736,114,23
1737,115,0
1738,115,1
1739,115,2
1740,115,3
1741,115,4
1742,115,17
1743,115,18
1744,115,19
1745,115,20
1746,115,21
1747,115,22
1748,115,23
1749,116,0
1750,116,1
1751,116,2
1752,116,3
1753,116,4
1754,116,17
1755,116,18
1756,116,19
1757,116,20
1758,116,21
1759,116,22
1760,116,23
1761,117,0
1762,117,1
1763,117,2
1764,117,3
1765,117,4
1766,117,17
1767,117,18
1768,117,19
1769,117,20
1770,117,21
1771,117,22
1772,117,23
1773,118,0
1774,118,1
1775,118,2
1776,118,3
1777,118,4
1778,118,17
1779,118,18
1780,118,19
1781,118,20
1782,118,21
1783,118,22
1784,118,23
1785,119,0
1786,119,1
1787,119,2
1788,119,3
1789,119,4
1790,119,17
1791,119,18
1792,119,19
1793,119,20
1794,119,21
1795,119,22
1796,119,23
1797,120,0
1798,120,1
1799,120,2
1800,120,3
1801,120,17
1802,120,18
1803,120,19
1804,120,20
1805,120,21
1806,120,22
1807,120,23
1808,121,0
1809,121,1
1810,121,2
1811,121,3
1812,121,4
1813,121,17
1814,121,18
1815,121,19
1816,121,20
1817,121,21
1818,121,22
1819,121,23
1820,122,0
1821,122,1
1822,122,2
1823,122,3
1824,122,17
1825,122,18
1826,122,19
1827,122,20
1828,122,21
1829,122,22
1830,122,23
1831,123,0
1832,123,1
1833,123,2
1834,123,3
1835,123,17
1836,123,18
1837,123,19
1838,123,20
1839,123,21
1840,123,22
1841,123,23
1842,124,0
1843,124,1
1844,124,2
1845,124,3
1846,124,17
1847,124,18
1848,124,19
1849,124,20
1850,124,21
1851,124,22
1852,124,23
1853,125,0
1854,125,1
1855,125,2
1856,125,3
1857,125,17
1858,125,18
1859,125,19
1860,125,20
1861,125,21
1862,125,22
1863,125,23
1864,126,0
1865,126,1
1866,126,2
1867,126,3
1868,126,17
1869,126,18
1870,126,19
1871,126,20
1872,126,21
1873,126,22
1874,126,23
1875,127,0
1876,127,1
1877,127,2
1878,127,3
1879,127,17
1880,127,18
1881,127,19
1882,127,20
1883,127,21
1884,127,22
1885,127,23
1886,128,0
1887,128,1
1888,128,2
1889,128,3
1890,128,17
1891,128,18
1892,128,19
1893,128,20
1894,128,21
1895,128,22
1896,128,23
1897,129,0
1898,129,1
1899,129,2
1900,129,3
1901,129,17
1902,129,18
1903,129,19
1904,129,20
1905,129,21
1906,129,22
1907,129,23
1908,130,0
1909,130,1
1910,130,2
1911,130,3
1912,130,17
1913,130,18
1914,130,19
1915,130,20
1916,130,21
1917,130,22
1918,130,23
1919,131,0
1920,131,1
1921,131,2
1922,131,3
1923,131,17
1924,131,18
1925,131,19
1926,131,20
1927,131,21
1928,131,22
1929,131,23
1930,132,0
1931,132,1
1932,132,2
1933,132,3
1934,132,17
1935,132,18
1936,132,19
1937,132,20
1938,132,21
1939,132,22
1940,132,23
1941,133,0
1942,133,1
1943,133,2
1944,133,3
1945,133,17
1946,133,18
1947,133,19
1948,133,20
1949,133,21
1950,133,22
1951,133,23
1952,134,0
1953,134,1
1954,134,2
1955,134,3
1956,134,17
1957,134,18
1958,134,19
1959,134,20
1960,134,21
1961,134,22
1962,134,23
1963,135,0
1964,135,1
1965,135,2
1966,135,3
1967,135,17
1968,135,18
1969,135,19
1970,135,20
1971,135,21
1972,135,22
1973,135,23
1974,136,0
1975,136,1
1976,136,2
1977,136,3
1978,136,17
1979,136,18
1980,136,19
1981,136,20
1982,136,21
1983,136,22
1984,136,23
1985,137,0
1986,137,1
1987,137,2
1988,137,3
1989,137,17
1990,137,18
1991,137,19
1992,137,20
1993,137,21
1994,137,22
1995,137,23
1996,138,0
1997,138,1
1998,138,2
1999,138,3
2000,138,17
2001,138,18
2002,138,19
2003,138,20
2004,138,21
2005,138,22
2006,138,23
2007,139,0
2008,139,1
2009,139,2
2010,139,3
2011,139,17
2012,139,18
2013,139,19
2014,139,20
2015,139,21
2016,139,22
2017,139,23
2018,140,0
2019,140,1
2020,140,2
2021,140,3
2022,140,17
2023,140,18
2024,140,19
2025,140,20
2026,140,21
2027,140,22
2028,140,23
2029,141,0
2030,141,1
2031,141,2
2032,141,3
2033,141,17
2034,141,18
2035,141,19
2036,141,20
2037,141,21
2038,141,22
2039,141,23
2040,142,0
2041,142,1
2042,142,2
2043,142,3
2044,142,17
2045,142,18
2046,142,19
2047,142,20
2048,142,21
2049,142,22
2050,142,23
2051,143,0
2052,143,1
2053,143,2
2054,143,3
2055,143,17
2056,143,18
2057,143,19
2058,143,20
2059,143,21
2060,143,22
2061,143,23
2062,144,0
2063,144,1
2064,144,2
2065,144,3
2066,144,17
2067,144,18
2068,144,19
2069,144,20
2070,144,21
2071,144,22
2072,144,23
2073,145,0
2074,145,1
2075,145,2
2076,145,3
2077,145,17
2078,145,18
2079,145,19
2080,145,20
2081,145,21
2082,145,22
2083,145,23
2084,146,0
2085,146,1
2086,146,2
2087,146,3
2088,146,17
2089,146,18
2090,146,19
2091,146,20
2092,146,21
2093,146,22
2094,146,23
2095,147,0
2096,147,1
2097,147,2
2098,147,3
2099,147,17
2100,147,18
2101,147,19
2102,147,20
2103,147,21
2104,147,22
2105,147,23
2106,148,0
2107,148,1
2108,148,2
2109,148,3
2110,148,17
2111,148,18
2112,148,19
2113,148,20
2114,148,21
2115,148,22
2116,148,23
2117,149,0
2118,149,1
2119,149,2
2120,149,3
2121,149,17
2122,149,18
2123,149,19
2124,149,20
2125,149,21
2126,149,22
2127,149,23
2128,150,0
2129,150,1
2130,150,2
2131,150,3
2132,150,17
2133,150,18
2134,150,19
2135,150,20
2136,150,21
2137,150,22
2138,150,23
2139,151,0
2140,151,1
2141,151,2
2142,151,3
2143,151,17
2144,151,18
2145,151,19
2146,151,20
2147,151,21
2148,151,22
2149,151,23
2150,152,0
2151,152,1
2152,152,2
2153,152,3
2154,152,17
2155,152,18
2156,152,19
2157,152,20
2158,152,21
2159,152,22
2160,152,23
2161,153,0
2162,153,1
2163,153,2
2164,153,3
2165,153,17
2166,153,18
2167,153,19
2168,153,20
2169,153,21
2170,153,22
2171,153,23
2172,154,0
2173,154,1
2174,154,2
2175,154,3
2176,154,17
2177,154,18
2178,154,19
2179,154,20
2180,154,21
2181,154,22
2182,154,23
2183,155,0
2184,155,1
2185,155,2
2186,155,3
2187,155,17
2188,155,18
2189,155,19
2190,155,20
2191,155,21
2192,155,22
2193,155,23
2194,156,0
2195,156,1
2196,156,2
2197,156,3
2198,156,17
2199,156,18
2200,156,19
2201,156,20
2202,156,21
2203,156,22
2204,156,23
2205,157,0
2206,157,1
2207,157,2
2208,157,3
2209,157,17
2210,157,18
2211,157,19
2212,157,20
2213,157,21
2214,157,22
2215,157,23
2216,158,0
2217,158,1
2218,158,2
2219,158,3
2220,158,17
2221,158,18
2222,158,19
2223,158,20
2224,158,21
2225,158,22
2226,158,23
2227,159,0
2228,159,1
2229,159,2
2230,159,3
2231,159,17
2232,159,18
2233,159,19
2234,159,20
2235,159,21
2236,159,22
2237,159,23
2238,160,0
2239,160,1
2240,160,2
2241,160,3
2242,160,17
2243,160,18
2244,160,19
2245,160,20
2246,160,21
2247,160,22
2248,160,23
2249,161,0
2250,161,1
2251,161,2
2252,161,3
2253,161,17
2254,161,18
2255,161,19
2256,161,20
2257,161,21
2258,161,22
2259,161,23
2260,162,0
2261,162,1
2262,162,2
2263,162,3
2264,162,17
2265,162,18
2266,162,19
2267,162,20
2268,162,21
2269,162,22
2270,162,23
2271,163,0
2272,163,1
2273,163,2
2274,163,3
2275,163,17
2276,163,18
2277,163,19
2278,163,20
2279,163,21
2280,163,22
2281,163,23
2282,164,0
2283,164,1
2284,164,2
2285,164,3
2286,164,17
2287,164,18
2288,164,19
2289,164,20
2290,164,21
2291,164,22
2292,164,23
2293,165,0
2294,165,1
2295,165,2
2296,165,3
2297,165,17
2298,165,18
2299,165,19
2300,165,20
2301,165,21
2302,165,22
2303,165,23
2304,166,0
2305,166,1
2306,166,2
2307,166,3
2308,166,17
2309,166,18
2310,166,19
2311,166,20
2312,166,21
2313,166,22
2314,166,23
2315,167,0
2316,167,1
2317,167,2
2318,167,3
2319,167,17
2320,167,18
2321,167,19
2322,167,20
2323,167,21
2324,167,22
2325,167,23
2326,168,0
2327,168,1
2328,168,2
2329,168,3
2330,168,17
2331,168,18
2332,168,19
2333,168,20
2334,168,21
2335,168,22
2336,168,23
2337,169,0
2338,169,1
2339,169,2
2340,169,3
2341,169,17
2342,169,18
2343,169,19
2344,169,20
2345,169,21
2346,169,22
2347,169,23
2348,170,0
2349,170,1
2350,170,2
2351,170,3
2352,170,17
2353,170,18
2354,170,19
2355,170,20
2356,170,21
2357,170,22
2358,170,23
2359,171,0
2360,171,1
2361,171,2
2362,171,3
2363,171,17
2364,171,18
2365,171,19
2366,171,20
2367,171,21
2368,171,22
2369,171,23
2370,172,0
2371,172,1
2372,172,2
2373,172,3
2374,172,17
2375,172,18
2376,172,19
2377,172,20
2378,172,21
2379,172,22
2380,172,23
2381,173,0
2382,173,1
2383,173,2
2384,173,3
2385,173,17
2386,173,18
2387,173,19
2388,173,20
2389,173,21
2390,173,22
2391,173,23
2392,174,0
2393,174,1
2394,174,2
2395,174,3
2396,174,17
2397,174,18
2398,174,19
2399,174,20
2400,174,21
2401,174,22
2402,174,23
2403,175,0
2404,175,1
2405,175,2
2406,175,3
2407,175,17
2408,175,18
2409,175,19
2410,175,20
2411,175,21
2412,175,22
2413,175,23
2414,176,0
2415,176,1
2416,176,2
2417,176,3
2418,176,17
2419,176,18
2420,176,19
2421,176,20
2422,176,21
2423,176,22
2424,176,23
2425,177,0
2426,177,1
2427,177,2
2428,177,3
2429,177,17
2430,177,18
2431,177,19
2432,177,20
2433,177,21
2434,177,22
2435,177,23
2436,178,0
2437,178,1
2438,178,2
2439,178,3
2440,178,17
2441,178,18
2442,178,19
2443,178,20
2444,178,21
2445,178,22
2446,178,23
2447,179,0
2448,179,1
2449,179,2
2450,179,3
2451,179,17
2452,179,18
2453,179,19
2454,179,20
2455,179,21
2456,179,22
2457,179,23
2458,180,0
2459,180,1
2460,180,2
2461,180,3
2462,180,17
2463,180,18
2464,180,19
2465,180,20
2466,180,21
2467,180,22
2468,180,23
2469,181,0
2470,181,1
2471,181,2
2472,181,3
2473,181,17
2474,181,18
2475,181,19
2476,181,20
2477,181,21
2478,181,22
2479,181,23
2480,182,0
2481,182,1
2482,182,2
2483,182,3
2484,182,17
2485,182,18
2486,182,19
2487,182,20
2488,182,21
2489,182,22
2490,182,23
2491,183,0
2492,183,1
2493,183,2
2494,183,3
2495,183,17
2496,183,18
2497,183,19
2498,183,20
2499,183,21
2500,183,22
2501,183,23
2502,184,0
2503,184,1
2504,184,2
2505,184,3
2506,184,17
2507,184,18
2508,184,19
2509,184,20
2510,184,21
2511,184,22
2512,184,23
2513,185,0
2514,185,1
2515,185,2
2516,185,3
2517,185,17
2518,185,18
2519,185,19
2520,185,20
2521,185,21
2522,185,22
2523,185,23
2524,186,0
2525,186,1
2526,186,2
2527,186,3
2528,186,17
2529,186,18
2530,186,19
2531,186,20
2532,186,21
2533,186,22
2534,186,23
2535,187,0
2536,187,1
2537,187,2
2538,187,3
2539,187,17
2540,187,18
2541,187,19
2542,187,20
2543,187,21
2544,187,22
2545,187,23
2546,188,0
2547,188,1
2548,188,2
2549,188,3
2550,188,17
2551,188,18
2552,188,19
2553,188,20
2554,188,21
2555,188,22
2556,188,23
2557,189,0
2558,189,1
2559,189,2
2560,189,3
2561,189,17
2562,189,18
2563,189,19
2564,189,20
2565,189,21
2566,189,22
2567,189,23
2568,190,0
2569,190,1
2570,190,2
2571,190,3
2572,190,17
2573,190,18
2574,190,19
2575,190,20
2576,190,21
2577,190,22
2578,190,23
2579,191,0
2580,191,1
2581,191,2
2582,191,3
2583,191,17
2584,191,18
2585,191,19
2586,191,20
2587,191,21
2588,191,22
2589,191,23
2590,192,0
2591,192,1
2592,192,2
2593,192,3
2594,192,17
2595,192,18
2596,192,19
2597,192,20
2598,192,21
2599,192,22
2600,192,23
2601,193,0
2602,193,1
2603,193,2
2604,193,3
2605,193,17
2606,193,18
2607,193,19
2608,193,20
2609,193,21
2610,193,22
2611,193,23
2612,194,0
2613,194,1
2614,194,2
2615,194,3
2616,194,17
2617,194,18
2618,194,19
2619,194,20
2620,194,21
2621,194,22
2622,194,23
2623,195,0
2624,195,1
2625,195,2
2626,195,3
2627,195,17
2628,195,18
2629,195,19
2630,195,20
2631,195,21
2632,195,22
2633,195,23
2634,196,0
2635,196,1
2636,196,2
2637,196,3
2638,196,17
2639,196,18
2640,196,19
2641,196,20
2642,196,21
2643,196,22
2644,196,23
2645,197,0
2646,197,1
2647,197,2
2648,197,3
2649,197,17
2650,197,18
2651,197,19
2652,197,20
2653,197,21
2654,197,22
2655,197,23
2656,198,0
2657,198,1
2658,198,2
2659,198,3
2660,198,17
2661,198,18
2662,198,19
2663,198,20
2664,198,21
2665,198,22
2666,198,23
2667,199,0
2668,199,1
2669,199,2
2670,199,3
2671,199,17
2672,199,18
2673,199,19
2674,199,20
2675,199,21
2676,199,22
2677,199,23
2678,200,0
2679,200,1
2680,200,2
2681,200,3
2682,200,17
2683,200,18
2684,200,19
2685,200,20
2686,200,21
2687,200,22
2688,200,23
2689,201,0
2690,201,1
2691,201,2
2692,201,3
2693,201,17
2694,201,18
2695,201,19
2696,201,20
2697,201,21
2698,201,22
2699,201,23
2700,202,0
2701,202,1
2702,202,2
2703,202,3
2704,202,17
2705,202,18
2706,202,19
2707,202,20
2708,202,21
2709,202,22
2710,202,23
2711,203,0
2712,203,1
2713,203,2
2714,203,3
2715,203,17
2716,203,18
2717,203,19
2718,203,20
2719,203,21
2720,203,22
2721,203,23
2722,204,0
2723,204,1
2724,204,2
2725,204,3
2726,204,17
2727,204,18
2728,204,19
2729,204,20
2730,204,21
2731,204,22
2732,204,23
2733,205,0
2734,205,1
2735,205,2
2736,205,3
2737,205,17
2738,205,18
2739,205,19
2740,205,20
2741,205,21
2742,205,22
2743,205,23
2744,206,0
2745,206,1
2746,206,2
2747,206,3
2748,206,17
2749,206,18
2750,206,19
2751,206,20
2752,206,21
2753,206,22
2754,206,23
2755,207,0
2756,207,1
2757,207,2
2758,207,3
2759,207,17
2760,207,18
2761,207,19
2762,207,20
2763,207,21
2764,207,22
2765,207,23
2766,208,0
2767,208,1
2768,208,2
2769,208,3
2770,208,17
2771,208,18
2772,208,19
2773,208,20
2774,208,21
2775,208,22
2776,208,23
2777,209,0
2778,209,1
2779,209,2
2780,209,3
2781,209,17
2782,209,18
2783,209,19
2784,209,20
2785,209,21
2786,209,22
2787,209,23
2788,210,0
2789,210,1
2790,210,2
2791,210,3
2792,210,17
2793,210,18
2794,210,19
2795,210,20
2796,210,21
2797,210,22
2798,210,23
2799,211,0
2800,211,1
2801,211,2
2802,211,3
2803,211,17
2804,211,18
2805,211,19
2806,211,20
2807,211,21
2808,211,22
2809,211,23
2810,212,0
2811,212,1
2812,212,2
2813,212,3
2814,212,17
2815,212,18
2816,212,19
2817,212,20
2818,212,21
2819,212,22
2820,212,23
2821,213,0
2822,213,1
2823,213,2
2824,213,3
2825,213,17
2826,213,18
2827,213,19
2828,213,20
2829,213,21
2830,213,22
2831,213,23
2832,214,0
2833,214,1
2834,214,2
2835,214,3
2836,214,17
2837,214,18
2838,214,19
2839,214,20
2840,214,21
2841,214,22
2842,214,23
2843,215,0
2844,215,1
2845,215,2
2846,215,3
2847,215,17
2848,215,18
2849,215,19
2850,215,20
2851,215,21
2852,215,22
2853,215,23
2854,216,0
2855,216,1
2856,216,2
2857,216,3
2858,216,17
2859,216,18
2860,216,19
2861,216,20
2862,216,21
2863,216,22
2864,216,23
2865,217,0
2866,217,1
2867,217,2
2868,217,3
2869,217,17
2870,217,18
2871,217,19
2872,217,20
2873,217,21
2874,217,22
2875,217,23
2876,218,0
2877,218,1
2878,218,2
2879,218,3
2880,218,17
2881,218,18
2882,218,19
2883,218,20
2884,218,21
2885,218,22
2886,218,23
2887,219,0
2888,219,1
2889,219,2
2890,219,3
2891,219,17
2892,219,18
2893,219,19
2894,219,20
2895,219,21
2896,219,22
2897,219,23
2898,220,0
2899,220,1
2900,220,2
2901,220,3
2902,220,17
2903,220,18
2904,220,19
2905,220,20
2906,220,21
2907,220,22
2908,220,23
2909,221,0
2910,221,1
2911,221,2
2912,221,3
2913,221,17
2914,221,18
2915,221,19
2916,221,20
2917,221,21
2918,221,22
2919,221,23
2920,222,0
2921,222,1
2922,222,2
2923,222,3
2924,222,17
2925,222,18
2926,222,19
2927,222,20
2928,222,21
2929,222,22
2930,222,23
2931,223,0
2932,223,1
2933,223,2
2934,223,3
2935,223,17
2936,223,18
2937,223,19
2938,223,20
2939,223,21
2940,223,22
2941,223,23
2942,224,0
2943,224,1
2944,224,2
2945,224,3
2946,224,17
2947,224,18
2948,224,19
2949,224,20
2950,224,21
2951,224,22
2952,224,23
2953,225,0
2954,225,1
2955,225,2
2956,225,3
2957,225,17
2958,225,18
2959,225,19
2960,225,20
2961,225,21
2962,225,22
2963,225,23
2964,226,0
2965,226,1
2966,226,2
2967,226,3
2968,226,4
2969,226,17
2970,226,18
2971,226,19
2972,226,20
2973,226,21
2974,226,22
2975,226,23
2976,227,0
2977,227,1
2978,227,2
2979,227,3
2980,227,4
2981,227,17
2982,227,18
2983,227,19
2984,227,20
2985,227,21
2986,227,22
2987,227,23
2988,228,0
2989,228,1
2990,228,2
2991,228,3
2992,228,17
2993,228,18
2994,228,19
2995,228,20
2996,228,21
2997,228,22
2998,228,23
2999,229,0
3000,229,1
3001,229,2
3002,229,3
3003,229,4
3004,229,17
3005,229,18
3006,229,19
3007,229,20
3008,229,21
3009,229,22
3010,229,23
3011,230,0
3012,230,1
3013,230,2
3014,230,3
3015,230,4
3016,230,17
3017,230,18
3018,230,19
3019,230,20
3020,230,21
3021,230,22
3022,230,23
3023,231,0
3024,231,1
3025,231,2
3026,231,3
3027,231,4
3028,231,17
3029,231,18
3030,231,19
3031,231,20
3032,231,21
3033,231,22
3034,231,23
3035,232,0
3036,232,1
3037,232,2
3038,232,3
3039,232,4
3040,232,17
3041,232,18
3042,232,19
3043,232,20
3044,232,21
3045,232,22
3046,232,23
3047,233,0
3048,233,1
3049,233,2
3050,233,3
3051,233,4
3052,233,17
3053,233,18
3054,233,19
3055,233,20
3056,233,21
3057,233,22
3058,233,23
3059,234,0
3060,234,1
3061,234,2
3062,234,3
3063,234,4
3064,234,17
3065,234,18
3066,234,19
3067,234,20
3068,234,21
3069,234,22
3070,234,23
3071,235,0
3072,235,1
3073,235,2
3074,235,3
3075,235,4
3076,235,17
3077,235,18
3078,235,19
3079,235,20
3080,235,21
3081,235,22
3082,235,23
3083,236,0
3084,236,1
3085,236,2
3086,236,3
3087,236,4
3088,236,17
3089,236,18
3090,236,19
3091,236,20
3092,236,21
3093,236,22
3094,236,23
3095,237,0
3096,237,1
3097,237,2
3098,237,3
3099,237,4
3100,237,17
3101,237,18
3102,237,19
3103,237,20
3104,237,21
3105,237,22
3106,237,23
3107,238,0
3108,238,1
3109,238,2
3110,238,3
3111,238,4
3112,238,17
3113,238,18
3114,238,19
3115,238,20
3116,238,21
3117,238,22
3118,238,23
3119,239,0
3120,239,1
3121,239,2
3122,239,3
3123,239,4
3124,239,17
3125,239,18
3126,239,19
3127,239,20
3128,239,21
3129,239,22
3130,239,23
3131,240,0
3132,240,1
3133,240,2
3134,240,3
3135,240,4
3136,240,17
3137,240,18
3138,240,19
3139,240,20
3140,240,21
3141,240,22
3142,240,23
3143,241,0
3144,241,1
3145,241,2
3146,241,3
3147,241,4
3148,241,16
3149,241,17
3150,241,18
3151,241,19
3152,241,20
3153,241,21
3154,241,22
3155,241,23
3156,242,0
3157,242,1
3158,242,2
3159,242,3
3160,242,4
3161,242,16
3162,242,17
3163,242,18
3164,242,19
3165,242,20
3166,242,21
3167,242,22
3168,242,23
3169,243,0
3170,243,1
3171,243,2
3172,243,3
3173,243,4
3174,243,16
3175,243,17
3176,243,18
3177,243,19
3178,243,20
3179,243,21
3180,243,22
3181,243,23
3182,244,0
3183,244,1
3184,244,2
3185,244,3
3186,244,4
3187,244,16
3188,244,17
3189,244,18
3190,244,19
3191,244,20
3192,244,21
3193,244,22
3194,244,23
3195,245,0
3196,245,1
3197,245,2
3198,245,3
3199,245,4
3200,245,16
3201,245,17
3202,245,18
3203,245,19
3204,245,20
3205,245,21
3206,245,22
3207,245,23
3208,246,0
3209,246,1
3210,246,2
3211,246,3
3212,246,4
3213,246,16
3214,246,17
3215,246,18
3216,246,19
3217,246,20
3218,246,21
3219,246,22
3220,246,23
3221,247,0
3222,247,1
3223,247,2
3224,247,3
3225,247,4
3226,247,16
3227,247,17
3228,247,18
3229,247,19
3230,247,20
3231,247,21
3232,247,22
3233,247,23
3234,248,0
3235,248,1
3236,248,2
3237,248,3
3238,248,4
3239,248,16
3240,248,17
3241,248,18
3242,248,19
3243,248,20
3244,248,21
3245,248,22
3246,248,23
3247,249,0
3248,249,1
3249,249,2
3250,249,3
3251,249,4
3252,249,16
3253,249,17
3254,249,18
3255,249,19
3256,249,20
3257,249,21
3258,249,22
3259,249,23
3260,250,0
3261,250,1
3262,250,2
3263,250,3
3264,250,4
3265,250,16
3266,250,17
3267,250,18
3268,250,19
3269,250,20
3270,250,21
3271,250,22
3272,250,23
3273,251,0
3274,251,1
3275,251,2
3276,251,3
3277,251,4
3278,251,16
3279,251,17
3280,251,18
3281,251,19
3282,251,20
3283,251,21
3284,251,22
3285,251,23
3286,252,0
3287,252,1
3288,252,2
3289,252,3
3290,252,4
3291,252,16
3292,252,17
3293,252,18
3294,252,19
3295,252,20
3296,252,21
3297,252,22
3298,252,23
3299,253,0
3300,253,1
3301,253,2
3302,253,3
3303,253,4
3304,253,16
3305,253,17
3306,253,18
3307,253,19
3308,253,20
3309,253,21
3310,253,22
3311,253,23
3312,254,0
3313,254,1
3314,254,2
3315,254,3
3316,254,4
3317,254,16
3318,254,17
3319,254,18
3320,254,19
3321,254,20
3322,254,21
3323,254,22
3324,254,23
3325,255,0
3326,255,1
3327,255,2
3328,255,3
3329,255,4
3330,255,16
3331,255,17
3332,255,18
3333,255,19
3334,255,20
3335,255,21
3336,255,22
3337,255,23
3338,256,0
3339,256,1
3340,256,2
3341,256,3
3342,256,4
3343,256,16
3344,256,17
3345,256,18
3346,256,19
3347,256,20
3348,256,21
3349,256,22
3350,256,23
3351,257,0
3352,257,1
3353,257,2
3354,257,3
3355,257,4
3356,257,16
3357,257,17
3358,257,18
3359,257,19
3360,257,20
3361,257,21
3362,257,22
3363,257,23
3364,258,0
3365,258,1
3366,258,2
3367,258,3
3368,258,4
3369,258,16
3370,258,17
3371,258,18
3372,258,19
3373,258,20
3374,258,21
3375,258,22
3376,258,23
3377,259,0
3378,259,1
3379,259,2
3380,259,3
3381,259,4
3382,259,16
3383,259,17
3384,259,18
3385,259,19
3386,259,20
3387,259,21
3388,259,22
3389,259,23
3390,260,0
3391,260,1
3392,260,2
3393,260,3
3394,260,4
3395,260,16
3396,260,17
3397,260,18
3398,260,19
3399,260,20
3400,260,21
3401,260,22
3402,260,23
3403,261,0
3404,261,1
3405,261,2
3406,261,3
3407,261,4
3408,261,16
3409,261,17
3410,261,18
3411,261,19
3412,261,20
3413,261,21
3414,261,22
3415,261,23
3416,262,0
3417,262,1
3418,262,2
3419,262,3
3420,262,4
3421,262,16
3422,262,17
3423,262,18
3424,262,19
3425,262,20
3426,262,21
3427,262,22
3428,262,23
3429,263,0
3430,263,1
3431,263,2
3432,263,3
3433,263,4
3434,263,16
3435,263,17
3436,263,18
3437,263,19
3438,263,20
3439,263,21
3440,263,22
3441,263,23
3442,264,0
3443,264,1
3444,264,2
3445,264,3
3446,264,4
3447,264,16
3448,264,17
3449,264,18
3450,264,19
3451,264,20
3452,264,21
3453,264,22
3454,264,23
3455,265,0
3456,265,1
3457,265,2
3458,265,3
3459,265,4
3460,265,5
3461,265,16
3462,265,17
3463,265,18
3464,265,19
3465,265,20
3466,265,21
3467,265,22
3468,265,23
3469,266,0
3470,266,1
3471,266,2
3472,266,3
3473,266,4
3474,266,5
3475,266,16
3476,266,17
3477,266,18
3478,266,19
3479,266,20
3480,266,21
3481,266,22
3482,266,23
3483,267,0
3484,267,1
3485,267,2
3486,267,3
3487,267,4
3488,267,16
3489,267,17
3490,267,18
3491,267,19
3492,267,20
3493,267,21
3494,267,22
3495,267,23
3496,268,0
3497,268,1
3498,268,2
3499,268,3
3500,268,4
3501,268,5
3502,268,16
3503,268,17
3504,268,18
3505,268,19
3506,268,20
3507,268,21
3508,268,22
3509,268,23
3510,269,0
3511,269,1
3512,269,2
3513,269,3
3514,269,4
3515,269,5
3516,269,16
3517,269,17
3518,269,18
3519,269,19
3520,269,20
3521,269,21
3522,269,22
3523,269,23
3524,270,0
3525,270,1
3526,270,2
3527,270,3
3528,270,4
3529,270,5
3530,270,16
3531,270,17
3532,270,18
3533,270,19
3534,270,20
3535,270,21
3536,270,22
3537,270,23
3538,271,0
3539,271,1
3540,271,2
3541,271,3
3542,271,4
3543,271,5
3544,271,16
3545,271,17
3546,271,18
3547,271,19
3548,271,20
3549,271,21
3550,271,22
3551,271,23
3552,272,0
3553,272,1
3554,272,2
3555,272,3
3556,272,4
3557,272,5
3558,272,16
3559,272,17
3560,272,18
3561,272,19
3562,272,20
3563,272,21
3564,272,22
3565,272,23
3566,273,0
3567,273,1
3568,273,2
3569,273,3
3570,273,4
3571,273,5
3572,273,16
3573,273,17
3574,273,18
3575,273,19
3576,273,20
3577,273,21
3578,273,22
3579,273,23
3580,274,0
3581,274,1
3582,274,2
3583,274,3
3584,274,4
3585,274,5
3586,274,16
3587,274,17
3588,274,18
3589,274,19
3590,274,20
3591,274,21
3592,274,22
3593,274,23
3594,275,0
3595,275,1
3596,275,2
3597,275,3
3598,275,4
3599,275,5
3600,275,16
3601,275,17
3602,275,18
3603,275,19
3604,275,20
3605,275,21
3606,275,22
3607,275,23
3608,276,0
3609,276,1
3610,276,2
3611,276,3
3612,276,4
3613,276,5
3614,276,16
3615,276,17
3616,276,18
3617,276,19
3618,276,20
3619,276,21
3620,276,22
3621,276,23
3622,277,0
3623,277,1
3624,277,2
3625,277,3
3626,277,4
3627,277,5
3628,277,16
3629,277,17
3630,277,18
3631,277,19
3632,277,20
3633,277,21
3634,277,22
3635,277,23
3636,278,0
3637,278,1
3638,278,2
3639,278,3
3640,278,4
3641,278,5
3642,278,16
3643,278,17
3644,278,18
3645,278,19
3646,278,20
3647,278,21
3648,278,22
3649,278,23
3650,279,0
3651,279,1
3652,279,2
3653,279,3
3654,279,4
3655,279,5
3656,279,16
3657,279,17
3658,279,18
3659,279,19
3660,279,20
3661,279,21
3662,279,22
3663,279,23
3664,280,0
3665,280,1
3666,280,2
3667,280,3
3668,280,4
3669,280,5
3670,280,15
3671,280,16
3672,280,17
3673,280,18
3674,280,19
3675,280,20
3676,280,21
3677,280,22
3678,280,23
3679,281,0
3680,281,1
3681,281,2
3682,281,3
3683,281,4
3684,281,5
3685,281,15
3686,281,16
3687,281,17
3688,281,18
3689,281,19
3690,281,20
3691,281,21
3692,281,22
3693,281,23
3694,282,0
3695,282,1
3696,282,2
3697,282,3
3698,282,4
3699,282,5
3700,282,15
3701,282,16
3702,282,17
3703,282,18
3704,282,19
3705,282,20
3706,282,21
3707,282,22
3708,282,23
3709,283,0
3710,283,1
3711,283,2
3712,283,3
3713,283,4
3714,283,5
3715,283,15
3716,283,16
3717,283,17
3718,283,18
3719,283,19
3720,283,20
3721,283,21
3722,283,22
3723,283,23
3724,284,0
3725,284,1
3726,284,2
3727,284,3
3728,284,4
3729,284,5
3730,284,15
3731,284,16
3732,284,17
3733,284,18
3734,284,19
3735,284,20
3736,284,21
3737,284,22
3738,284,23
3739,285,0
3740,285,1
3741,285,2
3742,285,3
3743,285,4
3744,285,5
3745,285,15
3746,285,16
3747,285,17
3748,285,18
3749,285,19
3750,285,20
3751,285,21
3752,285,22
3753,285,23
3754,286,0
3755,286,1
3756,286,2
3757,286,3
3758,286,4
3759,286,5
3760,286,15
3761,286,16
3762,286,17
3763,286,18
3764,286,19
3765,286,20
3766,286,21
3767,286,22
3768,286,23
3769,287,0
3770,287,1
3771,287,2
3772,287,3
3773,287,4
3774,287,5
3775,287,15
3776,287,16
3777,287,17
3778,287,18
3779,287,19
3780,287,20
3781,287,21
3782,287,22
3783,287,23
3784,288,0
3785,288,1
3786,288,2
3787,288,3
3788,288,4
3789,288,5
3790,288,15
3791,288,16
3792,288,17
3793,288,18
3794,288,19
3795,288,20
3796,288,21
3797,288,22
3798,288,23
3799,289,0
3800,289,1
3801,289,2
3802,289,3
3803,289,4
3804,289,5
3805,289,15
3806,289,16
3807,289,17
3808,289,18
3809,289,19
3810,289,20
3811,289,21
3812,289,22
3813,289,23
3814,290,0
3815,290,1
3816,290,2
3817,290,3
3818,290,4
3819,290,5
3820,290,15
3821,290,16
3822,290,17
3823,290,18
3824,290,19
3825,290,20
3826,290,21
3827,290,22
3828,290,23
3829,291,0
3830,291,1
3831,291,2
3832,291,3
3833,291,4
3834,291,5
3835,291,15
3836,291,16
3837,291,17
3838,291,18
3839,291,19
3840,291,20
3841,291,21
3842,291,22
3843,291,23
3844,292,0
3845,292,1
3846,292,2
3847,292,3
3848,292,4
3849,292,5
3850,292,15
3851,292,16
3852,292,17
3853,292,18
3854,292,19
3855,292,20
3856,292,21
3857,292,22
3858,292,23
3859,293,0
3860,293,1
3861,293,2
3862,293,3
3863,293,4
3864,293,5
3865,293,6
3866,293,15
3867,293,16
3868,293,17
3869,293,18
3870,293,19
3871,293,20
3872,293,21
3873,293,22
3874,293,23
3875,294,0
3876,294,1
3877,294,2
3878,294,3
3879,294,4
3880,294,5
3881,294,6
3882,294,15
3883,294,16
3884,294,17
3885,294,18
3886,294,19
3887,294,20
3888,294,21
3889,294,22
3890,294,23
3891,295,0
3892,295,1
3893,295,2
3894,295,3
3895,295,4
3896,295,5
3897,295,6
3898,295,15
3899,295,16
3900,295,17
3901,295,18
3902,295,19
3903,295,20
3904,295,21
3905,295,22
3906,295,23
3907,296,0
3908,296,1
3909,296,2
3910,296,3
3911,296,4
3912,296,5
3913,296,6
3914,296,15
3915,296,16
3916,296,17
3917,296,18
3918,296,19
3919,296,20
3920,296,21
3921,296,22
3922,296,23
3923,297,0
3924,297,1
3925,297,2
3926,297,3
3927,297,4
3928,297,5
3929,297,6
3930,297,15
3931,297,16
3932,297,17
3933,297,18
3934,297,19
3935,297,20
3936,297,21
3937,297,22
3938,297,23
3939,298,0
3940,298,1
3941,298,2
3942,298,3
3943,298,4
3944,298,5
3945,298,6
3946,298,15
3947,298,16
3948,298,17
3949,298,18
3950,298,19
3951,298,20
3952,298,21
3953,298,22
3954,298,23
3955,299,0
3956,299,1
3957,299,2
3958,299,3
3959,299,4
3960,299,5
3961,299,6
3962,299,15
3963,299,16
3964,299,17
3965,299,18
3966,299,19
3967,299,20
3968,299,21
3969,299,22
3970,299,23
3971,300,0
3972,300,1
3973,300,2
3974,300,3
3975,300,4
3976,300,5
3977,300,6
3978,300,15
3979,300,16
3980,300,17
3981,300,18
3982,300,19
3983,300,20
3984,300,21
3985,300,22
3986,300,23
3987,301,0
3988,301,1
3989,301,2
3990,301,3
3991,301,4
3992,301,5
3993,301,6
3994,301,15
3995,301,16
3996,301,17
3997,301,18
3998,301,19
3999,301,20
4000,301,21
4001,301,22
4002,301,23
4003,302,0
4004,302,1
4005,302,2
4006,302,3
4007,302,4
4008,302,5
4009,302,6
4010,302,15
4011,302,16
4012,302,17
4013,302,18
4014,302,19
4015,302,20
4016,302,21
4017,302,22
4018,302,23
4019,303,0
4020,303,1
4021,303,2
4022,303,3
4023,303,4
4024,303,5
4025,303,6
4026,303,15
4027,303,16
4028,303,17
4029,303,18
4030,303,19
4031,303,20
4032,303,21
4033,303,22
4034,303,23
4035,304,0
4036,304,1
4037,304,2
4038,304,3
4039,304,4
4040,304,5
4041,304,6
4042,304,15
4043,304,16
4044,304,17
4045,304,18
4046,304,19
4047,304,20
4048,304,21
4049,304,22
4050,304,23
4051,305,0
4052,305,1
4053,305,2
4054,305,3
4055,305,4
4056,305,5
4057,305,6
4058,305,15
4059,305,16
4060,305,17
4061,305,18
4062,305,19
4063,305,20
4064,305,21
4065,305,22
4066,305,23
4067,306,0
4068,306,1
4069,306,2
4070,306,3
4071,306,4
4072,306,5
4073,306,6
4074,306,15
4075,306,16
4076,306,17
4077,306,18
4078,306,19
4079,306,20
4080,306,21
4081,306,22
4082,306,23
4083,307,0
4084,307,1
4085,307,2
4086,307,3
4087,307,4
4088,307,5
4089,307,6
4090,307,15
4091,307,16
4092,307,17
4093,307,18
4094,307,19
4095,307,20
4096,307,21
4097,307,22
4098,307,23
4099,308,0
4100,308,1
4101,308,2
4102,308,3
4103,308,4
4104,308,5
4105,308,6
4106,308,15
4107,308,16
4108,308,17
4109,308,18
4110,308,19
4111,308,20
4112,308,21
4113,308,22
4114,308,23
4115,309,0
4116,309,1
4117,309,2
4118,309,3
4119,309,4
4120,309,5
4121,309,6
4122,309,15
4123,309,16
4124,309,17
4125,309,18
4126,309,19
4127,309,20
4128,309,21
4129,309,22
4130,309,23
4131,310,0
4132,310,1
4133,310,2
4134,310,3
4135,310,4
4136,310,5
4137,310,6
4138,310,14
4139,310,15
4140,310,16
4141,310,17
4142,310,18
4143,310,19
4144,310,20
4145,310,21
4146,310,22
4147,310,23
4148,311,0
4149,311,1
4150,311,2
4151,311,3
4152,311,4
4153,311,5
4154,311,6
4155,311,14
4156,311,15
4157,311,16
4158,311,17
4159,311,18
4160,311,19
4161,311,20
4162,311,21
4163,311,22
4164,311,23
4165,312,0
4166,312,1
4167,312,2
4168,312,3
4169,312,4
4170,312,5
4171,312,6
4172,312,7
4173,312,14
4174,312,15
4175,312,16
4176,312,17
4177,312,18
4178,312,19
4179,312,20
4180,312,21
4181,312,22
4182,312,23
4183,313,0
4184,313,1
4185,313,2
4186,313,3
4187,313,4
4188,313,5
4189,313,6
4190,313,7
4191,313,14
4192,313,15
4193,313,16
4194,313,17
4195,313,18
4196,313,19
4197,313,20
4198,313,21
4199,313,22
4200,313,23
4201,314,0
4202,314,1
4203,314,2
4204,314,3
4205,314,4
4206,314,5
4207,314,6
4208,314,15
4209,314,16
4210,314,17
4211,314,18
4212,314,19
4213,314,20
4214,314,21
4215,314,22
4216,314,23
4217,315,0
4218,315,1
4219,315,2
4220,315,3
4221,315,4
4222,315,5
4223,315,6
4224,315,14
4225,315,15
4226,315,16
4227,315,17
4228,315,18
4229,315,19
4230,315,20
4231,315,21
4232,315,22
4233,315,23
4234,316,0
4235,316,1
4236,316,2
4237,316,3
4238,316,4
4239,316,5
4240,316,6
4241,316,14
4242,316,15
4243,316,16
4244,316,17
4245,316,18
4246,316,19
4247,316,20
4248,316,21
4249,316,22
4250,316,23
4251,317,0
4252,317,1
4253,317,2
4254,317,3
4255,317,4
4256,317,5
4257,317,6
4258,317,14
4259,317,15
4260,317,16
4261,317,17
4262,317,18
4263,317,19
4264,317,20
4265,317,21
4266,317,22
4267,317,23
4268,318,0
4269,318,1
4270,318,2
4271,318,3
4272,318,4
4273,318,5
4274,318,6
4275,318,7
4276,318,14
4277,318,15
4278,318,16
4279,318,17
4280,318,18
4281,318,19
4282,318,20
4283,318,21
4284,318,22
4285,318,23
4286,319,0
4287,319,1
4288,319,2
4289,319,3
4290,319,4
4291,319,5
4292,319,6
4293,319,7
4294,319,14
4295,319,15
4296,319,16
4297,319,17
4298,319,18
4299,319,19
4300,319,20
4301,319,21
4302,319,22
4303,319,23
4304,320,0
4305,320,1
4306,320,2
4307,320,3
4308,320,4
4309,320,5
4310,320,6
4311,320,7
4312,320,14
4313,320,15
4314,320,16
4315,320,17
4316,320,18
4317,320,19
4318,320,20
4319,320,21
4320,320,22
4321,320,23
4322,321,0
4323,321,1
4324,321,2
4325,321,3
4326,321,4
4327,321,5
4328,321,6
4329,321,7
4330,321,14
4331,321,15
4332,321,16
4333,321,17
4334,321,18
4335,321,19
4336,321,20
4337,321,21
4338,321,22
4339,321,23
4340,322,0
4341,322,1
4342,322,2
4343,322,3
4344,322,4
4345,322,5
4346,322,6
4347,322,7
4348,322,14
4349,322,15
4350,322,16
4351,322,17
4352,322,18
4353,322,19
4354,322,20
4355,322,21
4356,322,22
4357,322,23
4358,323,0
4359,323,1
4360,323,2
4361,323,3
4362,323,4
4363,323,5
4364,323,6
4365,323,7
4366,323,14
4367,323,15
4368,323,16
4369,323,17
4370,323,18
4371,323,19
4372,323,20
4373,323,21
4374,323,22
4375,323,23
4376,324,0
4377,324,1
4378,324,2
4379,324,3
4380,324,4
4381,324,5
4382,324,6
4383,324,7
4384,324,14
4385,324,15
4386,324,16
4387,324,17
4388,324,18
4389,324,19
4390,324,20
4391,324,21
4392,324,22
4393,324,23
4394,325,0
4395,325,1
4396,325,2
4397,325,3
4398,325,4
4399,325,5
4400,325,6
4401,325,7
4402,325,14
4403,325,15
4404,325,16
4405,325,17
4406,325,18
4407,325,19
4408,325,20
4409,325,21
4410,325,22
4411,325,23
4412,326,0
4413,326,1
4414,326,2
4415,326,3
4416,326,4
4417,326,5
4418,326,6
4419,326,7
4420,326,14
4421,326,15
4422,326,16
4423,326,17
4424,326,18
4425,326,19
4426,326,20
4427,326,21
4428,326,22
4429,326,23
4430,327,0
4431,327,1
4432,327,2
4433,327,3
4434,327,4
4435,327,5
4436,327,6
4437,327,7
4438,327,14
4439,327,15
4440,327,16
4441,327,17
4442,327,18
4443,327,19
4444,327,20
4445,327,21
4446,327,22
4447,327,23
4448,328,0
4449,328,1
4450,328,2
4451,328,3
4452,328,4
4453,328,5
4454,328,6
4455,328,7
4456,328,14
4457,328,15
4458,328,16
4459,328,17
4460,328,18
4461,328,19
4462,328,20
4463,328,21
4464,328,22
4465,328,23
4466,329,0
4467,329,1
4468,329,2
4469,329,3
4470,329,4
4471,329,5
4472,329,6
4473,329,7
4474,329,14
4475,329,15
4476,329,16
4477,329,17
4478,329,18
4479,329,19
4480,329,20
4481,329,21
4482,329,22
4483,329,23
4484,330,0
4485,330,1
4486,330,2
4487,330,3
4488,330,4
4489,330,5
4490,330,6
4491,330,7
4492,330,14
4493,330,15
4494,330,16
4495,330,17
4496,330,18
4497,330,19
4498,330,20
4499,330,21
4500,330,22
4501,330,23
4502,331,0
4503,331,1
4504,331,2
4505,331,3
4506,331,4
4507,331,5
4508,331,6
4509,331,7
4510,331,14
4511,331,15
4512,331,16
4513,331,17
4514,331,18
4515,331,19
4516,331,20
4517,331,21
4518,331,22
4519,331,23
4520,332,0
4521,332,1
4522,332,2
4523,332,3
4524,332,4
4525,332,5
4526,332,6
4527,332,7
4528,332,14
4529,332,15
4530,332,16
4531,332,17
4532,332,18
4533,332,19
4534,332,20
4535,332,21
4536,332,22
4537,332,23
4538,333,0
4539,333,1
4540,333,2
4541,333,3
4542,333,4
4543,333,5
4544,333,6
4545,333,7
4546,333,14
4547,333,15
4548,333,16
4549,333,17
4550,333,18
4551,333,19
4552,333,20
4553,333,21
4554,333,22
4555,333,23
4556,334,0
4557,334,1
4558,334,2
4559,334,3
4560,334,4
4561,334,5
4562,334,6
4563,334,7
4564,334,14
4565,334,15
4566,334,16
4567,334,17
4568,334,18
4569,334,19
4570,334,20
4571,334,21
4572,334,22
4573,334,23
4574,335,0
4575,335,1
4576,335,2
4577,335,3
4578,335,4
4579,335,5
4580,335,6
4581,335,7
4582,335,14
4583,335,15
4584,335,16
4585,335,17
4586,335,18
4587,335,19
4588,335,20
4589,335,21
4590,335,22
4591,335,23
4592,336,0
4593,336,1
4594,336,2
4595,336,3
4596,336,4
4597,336,5
4598,336,6
4599,336,7
4600,336,14
4601,336,15
4602,336,16
4603,336,17
4604,336,18
4605,336,19
4606,336,20
4607,336,21
4608,336,22
4609,336,23
4610,337,0
4611,337,1
4612,337,2
4613,337,3
4614,337,4
4615,337,5
4616,337,6
4617,337,7
4618,337,14
4619,337,15
4620,337,16
4621,337,17
4622,337,18
4623,337,19
4624,337,20
4625,337,21
4626,337,22
4627,337,23
4628,338,0
4629,338,1
4630,338,2
4631,338,3
4632,338,4
4633,338,5
4634,338,6
4635,338,7
4636,338,14
4637,338,15
4638,338,16
4639,338,17
4640,338,18
4641,338,19
4642,338,20
4643,338,21
4644,338,22
4645,338,23
4646,339,0
4647,339,1
4648,339,2
4649,339,3
4650,339,4
4651,339,5
4652,339,6
4653,339,7
4654,339,14
4655,339,15
4656,339,16
4657,339,17
4658,339,18
4659,339,19
4660,339,20
4661,339,21
4662,339,22
4663,339,23
4664,340,0
4665,340,1
4666,340,2
4667,340,3
4668,340,4
4669,340,5
4670,340,6
4671,340,7
4672,340,14
4673,340,15
4674,340,16
4675,340,17
4676,340,18
4677,340,19
4678,340,20
4679,340,21
4680,340,22
4681,340,23
4682,341,0
4683,341,1
4684,341,2
4685,341,3
4686,341,4
4687,341,5
4688,341,6
4689,341,7
4690,341,14
4691,341,15
4692,341,16
4693,341,17
4694,341,18
4695,341,19
4696,341,20
4697,341,21
4698,341,22
4699,341,23
4700,342,0
4701,342,1
4702,342,2
4703,342,3
4704,342,4
4705,342,5
4706,342,6
4707,342,7
4708,342,14
4709,342,15
4710,342,16
4711,342,17
4712,342,18
4713,342,19
4714,342,20
4715,342,21
4716,342,22
4717,342,23
4718,343,0
4719,343,1
4720,343,2
4721,343,3
4722,343,4
4723,343,5
4724,343,6
4725,343,7
4726,343,14
4727,343,15
4728,343,16
4729,343,17
4730,343,18
4731,343,19
4732,343,20
4733,343,21
4734,343,22
4735,343,23
4736,344,0
4737,344,1
4738,344,2
4739,344,3
4740,344,4
4741,344,5
4742,344,6
4743,344,7
4744,344,14
4745,344,15
4746,344,16
4747,344,17
4748,344,18
4749,344,19
4750,344,20
4751,344,21
4752,344,22
4753,344,23
4754,345,0
4755,345,1
4756,345,2
4757,345,3
4758,345,4
4759,345,5
4760,345,6
4761,345,7
4762,345,14
4763,345,15
4764,345,16
4765,345,17
4766,345,18
4767,345,19
4768,345,20
4769,345,21
4770,345,22
4771,345,23
4772,346,0
4773,346,1
4774,346,2
4775,346,3
4776,346,4
4777,346,5
4778,346,6
4779,346,7
4780,346,14
4781,346,15
4782,346,16
4783,346,17
4784,346,18
4785,346,19
4786,346,20
4787,346,21
4788,346,22
4789,346,23
4790,347,0
4791,347,1
4792,347,2
4793,347,3
4794,347,4
4795,347,5
4796,347,6
4797,347,7
4798,347,13
4799,347,14
4800,347,15
4801,347,16
4802,347,17
4803,347,18
4804,347,19
4805,347,20
4806,347,21
4807,347,22
4808,347,23
4809,348,0
4810,348,1
4811,348,2
4812,348,3
4813,348,4
4814,348,5
4815,348,6
4816,348,7
4817,348,13
4818,348,14
4819,348,15
4820,348,16
4821,348,17
4822,348,18
4823,348,19
4824,348,20
4825,348,21
4826,348,22
4827,348,23
4828,349,0
4829,349,1
4830,349,2
4831,349,3
4832,349,4
4833,349,5
4834,349,6
4835,349,7
4836,349,14
4837,349,15
4838,349,16
4839,349,17
4840,349,18
4841,349,19
4842,349,20
4843,349,21
4844,349,22
4845,349,23
4846,350,0
4847,350,1
4848,350,2
4849,350,3
4850,350,4
4851,350,5
4852,350,6
4853,350,7
4854,350,14
4855,350,15
4856,350,16
4857,350,17
4858,350,18
4859,350,19
4860,350,20
4861,350,21
4862,350,22
4863,350,23
4864,351,0
4865,351,1
4866,351,2
4867,351,3
4868,351,4
4869,351,5
4870,351,6
4871,351,7
4872,351,14
4873,351,15
4874,351,16
4875,351,17
4876,351,18
4877,351,19
4878,351,20
4879,351,21
4880,351,22
4881,351,23
4882,352,0
4883,352,1
4884,352,2
4885,352,3
4886,352,4
4887,352,5
4888,352,6
4889,352,7
4890,352,14
4891,352,15
4892,352,16
4893,352,17
4894,352,18
4895,352,19
4896,352,20
4897,352,21
4898,352,22
4899,352,23
4900,353,0
4901,353,1
4902,353,2
4903,353,3
4904,353,4
4905,353,5
4906,353,6
4907,353,7
4908,353,13
4909,353,14
4910,353,15
4911,353,16
4912,353,17
4913,353,18
4914,353,19
4915,353,20
4916,353,21
4917,353,22
4918,353,23
4919,354,0
4920,354,1
4921,354,2
4922,354,3
4923,354,4
4924,354,5
4925,354,6
4926,354,7
4927,354,13
4928,354,14
4929,354,15
4930,354,16
4931,354,17
4932,354,18
4933,354,19
4934,354,20
4935,354,21
4936,354,22
4937,354,23
4938,355,0
4939,355,1
4940,355,2
4941,355,3
4942,355,4
4943,355,5
4944,355,6
4945,355,7
4946,355,13
4947,355,14
4948,355,15
4949,355,16
4950,355,17
4951,355,18
4952,355,19
4953,355,20
4954,355,21
4955,355,22
4956,355,23
4957,356,0
4958,356,1
4959,356,2
4960,356,3
4961,356,4
4962,356,5
4963,356,6
4964,356,7
4965,356,14
4966,356,15
4967,356,16
4968,356,17
4969,356,18
4970,356,19
4971,356,20
4972,356,21
4973,356,22
4974,356,23
4975,357,0
4976,357,1
4977,357,2
4978,357,3
4979,357,4
4980,357,5
4981,357,6
4982,357,7
4983,357,14
4984,357,15
4985,357,16
4986,357,17
4987,357,18
4988,357,19
4989,357,20
4990,357,21
4991,357,22
4992,357,23
4993,358,0
4994,358,1
4995,358,2
4996,358,3
4997,358,4
4998,358,5
4999,358,6
5000,358,7
5001,358,14
5002,358,15
5003,358,16
5004,358,17
5005,358,18
5006,358,19
5007,358,20
5008,358,21
5009,358,22
5010,358,23
5011,359,0
5012,359,1
5013,359,2
5014,359,3
5015,359,4
5016,359,5
5017,359,6
5018,359,7
5019,359,14
5020,359,15
5021,359,16
5022,359,17
5023,359,18
5024,359,19
5025,359,20
5026,359,21
5027,359,22
5028,359,23
5029,360,0
5030,360,1
5031,360,2
5032,360,3
5033,360,4
5034,360,5
5035,360,6
5036,360,7
5037,360,14
5038,360,15
5039,360,16
5040,360,17
5041,360,18
5042,360,19
5043,360,20
5044,360,21
5045,360,22
5046,360,23
5047,361,0
5048,361,1
5049,361,2
5050,361,3
5051,361,4
5052,361,5
5053,361,6
5054,361,7
5055,361,13
5056,361,14
5057,361,15
5058,361,16
5059,361,17
5060,361,18
5061,361,19
5062,361,20
5063,361,21
5064,361,22
5065,361,23
5066,362,0
5067,362,1
5068,362,2
5069,362,3
5070,362,4
5071,362,5
5072,362,6
5073,362,7
5074,362,13
5075,362,14
5076,362,15
5077,362,16
5078,362,17
5079,362,18
5080,362,19
5081,362,20
5082,362,21
5083,362,22
5084,362,23
5085,363,0
5086,363,1
5087,363,2
5088,363,3
5089,363,4
5090,363,5
5091,363,6
5092,363,7
5093,363,14
5094,363,15
5095,363,16
5096,363,17
5097,363,18
5098,363,19
5099,363,20
5100,363,21
5101,363,22
5102,363,23
5103,364,0
5104,364,1
5105,364,2
5106,364,3
5107,364,4
5108,364,5
5109,364,6
5110,364,7
5111,364,14
5112,364,15
5113,364,16
5114,364,17
5115,364,18
5116,364,19
5117,364,20
5118,364,21
5119,364,22
5120,364,23
5121,365,0
5122,365,1
5123,365,2
5124,365,3
5125,365,4
5126,365,5
5127,365,6
5128,365,7
5129,365,14
5130,365,15
5131,365,16
5132,365,17
5133,365,18
5134,365,19
5135,365,20
5136,365,21
5137,365,22
5138,365,23
