,day,hour
0,1,0
1,1,1
2,1,2
3,1,3
4,1,4
5,1,5
6,1,6
7,1,7
8,1,12
9,1,13
10,1,14
11,1,15
12,1,16
13,1,17
14,1,18
15,1,19
16,1,20
17,1,21
18,1,22
19,1,23
20,2,0
21,2,1
22,2,2
23,2,3
24,2,4
25,2,5
26,2,6
27,2,7
28,2,12
29,2,13
30,2,14
31,2,15
32,2,16
33,2,17
34,2,18
35,2,19
36,2,20
37,2,21
38,2,22
39,2,23
40,3,0
41,3,1
42,3,2
43,3,3
44,3,4
45,3,5
46,3,6
47,3,7
48,3,12
49,3,13
50,3,14
51,3,15
52,3,16
53,3,17
54,3,18
55,3,19
56,3,20
57,3,21
58,3,22
59,3,23
60,4,0
61,4,1
62,4,2
63,4,3
64,4,4
65,4,5
66,4,6
67,4,7
68,4,12
69,4,13
70,4,14
71,4,15
72,4,16
73,4,17
74,4,18
75,4,19
76,4,20
77,4,21
78,4,22
79,4,23
80,5,0
81,5,1
82,5,2
83,5,3
84,5,4
85,5,5
86,5,6
87,5,7
88,5,12
89,5,13
90,5,14
91,5,15
92,5,16
93,5,17
94,5,18
95,5,19
96,5,20
97,5,21
98,5,22
99,5,23
100,6,0
101,6,1
102,6,2
103,6,3
104,6,4
105,6,5
106,6,6
107,6,7
108,6,12
109,6,13
110,6,14
111,6,15
112,6,16
113,6,17
114,6,18
115,6,19
116,6,20
117,6,21
118,6,22
119,6,23
120,7,0
121,7,1
122,7,2
123,7,3
124,7,4
125,7,5
126,7,6
127,7,7
128,7,12
129,7,13
130,7,14
131,7,15
132,7,16
133,7,17
134,7,18
135,7,19
136,7,20
137,7,21
138,7,22
139,7,23
140,8,0
141,8,1
142,8,2
143,8,3
144,8,4
145,8,5
146,8,6
147,8,7
148,8,12
149,8,13
150,8,14
151,8,15
152,8,16
153,8,17
154,8,18
155,8,19
156,8,20
157,8,21
158,8,22
159,8,23
160,9,0
161,9,1
162,9,2
163,9,3
164,9,4
165,9,5
166,9,6
167,9,7
168,9,8
169,9,12
170,9,13
171,9,14
172,9,15
173,9,16
174,9,17
175,9,18
176,9,19
177,9,20
178,9,21
179,9,22
180,9,23
181,10,0
182,10,1
183,10,2
184,10,3
185,10,4
186,10,5
187,10,6
188,10,7
189,10,12
190,10,13
191,10,14
192,10,15
193,10,16
194,10,17
195,10,18
196,10,19
197,10,20
198,10,21
199,10,22
200,10,23
201,11,0
202,11,1
203,11,2
204,11,3
205,11,4
206,11,5
207,11,6
208,11,7
209,11,12
210,11,13
211,11,14
212,11,15
213,11,16
214,11,17
215,11,18
216,11,19
217,11,20
218,11,21
219,11,22
220,11,23
221,12,0
222,12,1
223,12,2
224,12,3
225,12,4
226,12,5
227,12,6
228,12,7
229,12,12
230,12,13
231,12,14
232,12,15
233,12,16
234,12,17
235,12,18
236,12,19
237,12,20
238,12,21
239,12,22
240,12,23
241,13,0
242,13,1
243,13,2
244,13,3
245,13,4
246,13,5
247,13,6
248,13,7
249,13,8
250,13,12
251,13,13
252,13,14
253,13,15
254,13,16
255,13,17
256,13,18
257,13,19
258,13,20
259,13,21
260,13,22
261,13,23
262,14,0
263,14,1
264,14,2
265,14,3
266,14,4
267,14,5
268,14,6
269,14,7
270,14,12
271,14,13
272,14,14
273,14,15
274,14,16
275,14,17
276,14,18
277,14,19
278,14,20
279,14,21
280,14,22
281,14,23
282,15,0
283,15,1
284,15,2
285,15,3
286,15,4
287,15,5
288,15,6
289,15,7
290,15,13
291,15,14
292,15,15
293,15,16
294,15,17
295,15,18
296,15,19
297,15,20
298,15,21
299,15,22
300,15,23
301,16,0
302,16,1
303,16,2
304,16,3
305,16,4
306,16,5
307,16,6
308,16,7
309,16,13
310,16,14
311,16,15
312,16,16
313,16,17
314,16,18
315,16,19
316,16,20
317,16,21
318,16,22
319,16,23
320,17,0
321,17,1
322,17,2
323,17,3
324,17,4
325,17,5
326,17,6
327,17,7
328,17,12
329,17,13
330,17,14
331,17,15
332,17,16
333,17,17
334,17,18
335,17,19
336,17,20
337,17,21
338,17,22
339,17,23
340,18,0
341,18,1
342,18,2
343,18,3
344,18,4
345,18,5
346,18,6
347,18,7
348,18,13
349,18,14
350,18,15
351,18,16
352,18,17
353,18,18
354,18,19
355,18,20
356,18,21
357,18,22
358,18,23
359,19,0
360,19,1
361,19,2
362,19,3
363,19,4
364,19,5
365,19,6
366,19,7
367,19,13
368,19,14
369,19,15
370,19,16
371,19,17
372,19,18
373,19,19
374,19,20
375,19,21
376,19,22
377,19,23
378,20,0
379,20,1
380,20,2
381,20,3
382,20,4
383,20,5
384,20,6
385,20,7
386,20,13
387,20,14
388,20,15
389,20,16
390,20,17
391,20,18
392,20,19
393,20,20
394,20,21
395,20,22
396,20,23
397,21,0
398,21,1
399,21,2
400,21,3
401,21,4
402,21,5
403,21,6
404,21,7
405,21,13
406,21,14
407,21,15
408,21,16
409,21,17
410,21,18
411,21,19
412,21,20
413,21,21
414,21,22
415,21,23
416,22,0
417,22,1
418,22,2
419,22,3
420,22,4
421,22,5
422,22,6
423,22,7
424,22,13
425,22,14
426,22,15
427,22,16
428,22,17
429,22,18
430,22,19
431,22,20
432,22,21
433,22,22
434,22,23
435,23,0
436,23,1
437,23,2
438,23,3
439,23,4
440,23,5
441,23,6
442,23,7
443,23,13
444,23,14
445,23,15
446,23,16
447,23,17
448,23,18
449,23,19
450,23,20
451,23,21
452,23,22
453,23,23
454,24,0
455,24,1
456,24,2
457,24,3
458,24,4
459,24,5
460,24,6
461,24,7
462,24,13
463,24,14
464,24,15
465,24,16
466,24,17
467,24,18
468,24,19
469,24,20
470,24,21
471,24,22
472,24,23
473,25,0
474,25,1
475,25,2
476,25,3
477,25,4
478,25,5
479,25,6
480,25,13
481,25,14
482,25,15
483,25,16
484,25,17
485,25,18
486,25,19
487,25,20
488,25,21
489,25,22
490,25,23
491,26,0
492,26,1
493,26,2
494,26,3
495,26,4
496,26,5
497,26,6
498,26,13
499,26,14
500,26,15
501,26,16
502,26,17
503,26,18
504,26,19
505,26,20
506,26,21
507,26,22
508,26,23
509,27,0
510,27,1
511,27,2
512,27,3
513,27,4
514,27,5
515,27,6
516,27,7
517,27,13
518,27,14
519,27,15
520,27,16
521,27,17
522,27,18
523,27,19
524,27,20
525,27,21
526,27,22
527,27,23
528,28,0
529,28,1
530,28,2
531,28,3
532,28,4
533,28,5
534,28,6
535,28,13
536,28,14
537,28,15
538,28,16
539,28,17
540,28,18
541,28,19
542,28,20
543,28,21
544,28,22
545,28,23
546,29,0
547,29,1
548,29,2
549,29,3
550,29,4
551,29,5
552,29,6
553,29,13
554,29,14
555,29,15
556,29,16
557,29,17
558,29,18
559,29,19
560,29,20
561,29,21
562,29,22
563,29,23
564,30,0
565,30,1
566,30,2
567,30,3
568,30,4
569,30,5
570,30,6
571,30,13
572,30,14
573,30,15
574,30,16
575,30,17
576,30,18
577,30,19
578,30,20
579,30,21
580,30,22
581,30,23
582,31,0
583,31,1
584,31,2
585,31,3
586,31,4
587,31,5
588,31,6
589,31,13
590,31,14
591,31,15
592,31,16
593,31,17
594,31,18
595,31,19
596,31,20
597,31,21
598,31,22
599,31,23
600,32,0
601,32,1
602,32,2
603,32,3
604,32,4
605,32,5
606,32,6
607,32,13
608,32,14
609,32,15
610,32,16
611,32,17
612,32,18
613,32,19
614,32,20
615,32,21
616,32,22
617,32,23
618,33,0
619,33,1
620,33,2
621,33,3
622,33,4
623,33,5
624,33,6
625,33,13
626,33,14
627,33,15
628,33,16
629,33,17
630,33,18
631,33,19
632,33,20
633,33,21
634,33,22
635,33,23
636,34,0
637,34,1
638,34,2
639,34,3
640,34,4
641,34,5
642,34,6
643,34,13
644,34,14
645,34,15
646,34,16
647,34,17
648,34,18
649,34,19
650,34,20
651,34,21
652,34,22
653,34,23
654,35,0
655,35,1
656,35,2
657,35,3
658,35,4
659,35,5
660,35,6
661,35,13
662,35,14
663,35,15
664,35,16
665,35,17
666,35,18
667,35,19
668,35,20
669,35,21
670,35,22
671,35,23
672,36,0
673,36,1
674,36,2
675,36,3
676,36,4
677,36,5
678,36,6
679,36,13
680,36,14
681,36,15
682,36,16
683,36,17
684,36,18
685,36,19
686,36,20
687,36,21
688,36,22
689,36,23
690,37,0
691,37,1
692,37,2
693,37,3
694,37,4
695,37,5
696,37,6
697,37,13
698,37,14
699,37,15
700,37,16
701,37,17
702,37,18
703,37,19
704,37,20
705,37,21
706,37,22
707,37,23
708,38,0
709,38,1
710,38,2
711,38,3
712,38,4
713,38,5
714,38,6
715,38,14
716,38,15
717,38,16
718,38,17
719,38,18
720,38,19
721,38,20
722,38,21
723,38,22
724,38,23
725,39,0
726,39,1
727,39,2
728,39,3
729,39,4
730,39,5
731,39,6
732,39,14
733,39,15
734,39,16
735,39,17
736,39,18
737,39,19
738,39,20
739,39,21
740,39,22
741,39,23
742,40,0
743,40,1
744,40,2
745,40,3
746,40,4
747,40,5
748,40,6
749,40,14
750,40,15
751,40,16
752,40,17
753,40,18
754,40,19
755,40,20
756,40,21
757,40,22
758,40,23
759,41,0
760,41,1
761,41,2
762,41,3
763,41,4
764,41,5
765,41,6
766,41,14
767,41,15
768,41,16
769,41,17
770,41,18
771,41,19
772,41,20
773,41,21
774,41,22
775,41,23
776,42,0
777,42,1
778,42,2
779,42,3
780,42,4
781,42,5
782,42,6
783,42,14
784,42,15
785,42,16
786,42,17
787,42,18
788,42,19
789,42,20
790,42,21
791,42,22
792,42,23
793,43,0
794,43,1
795,43,2
796,43,3
797,43,4
798,43,5
799,43,6
800,43,14
801,43,15
802,43,16
803,43,17
804,43,18
805,43,19
806,43,20
807,43,21
808,43,22
809,43,23
810,44,0
811,44,1
812,44,2
813,44,3
814,44,4
815,44,5
816,44,6
817,44,14
818,44,15
819,44,16
820,44,17
821,44,18
822,44,19
823,44,20
824,44,21
825,44,22
826,44,23
827,45,0
828,45,1
829,45,2
830,45,3
831,45,4
832,45,5
833,45,6
834,45,14
835,45,15
836,45,16
837,45,17
838,45,18
839,45,19
840,45,20
841,45,21
842,45,22
843,45,23
844,46,0
845,46,1
846,46,2
847,46,3
848,46,4
849,46,5
850,46,14
851,46,15
852,46,16
853,46,17
854,46,18
855,46,19
856,46,20
857,46,21
858,46,22
859,46,23
860,47,0
861,47,1
862,47,2
863,47,3
864,47,4
865,47,5
866,47,14
867,47,15
868,47,16
869,47,17
870,47,18
871,47,19
872,47,20
873,47,21
874,47,22
875,47,23
876,48,0
877,48,1
878,48,2
879,48,3
880,48,4
881,48,5
882,48,14
883,48,15
884,48,16
885,48,17
886,48,18
887,48,19
888,48,20
889,48,21
890,48,22
891,48,23
892,49,0
893,49,1
894,49,2
895,49,3
896,49,4
897,49,5
898,49,14
899,49,15
900,49,16
901,49,17
902,49,18
903,49,19
904,49,20
905,49,21
906,49,22
907,49,23
908,50,0
909,50,1
910,50,2
911,50,3
912,50,4
913,50,5
914,50,14
915,50,15
916,50,16
917,50,17
918,50,18
919,50,19
920,50,20
921,50,21
922,50,22
923,50,23
924,51,0
925,51,1
926,51,2
927,51,3
928,51,4
929,51,5
930,51,14
931,51,15
932,51,16
933,51,17
934,51,18
935,51,19
936,51,20
937,51,21
938,51,22
939,51,23
940,52,0
941,52,1
942,52,2
943,52,3
944,52,4
945,52,5
946,52,14
947,52,15
948,52,16
949,52,17
950,52,18
951,52,19
952,52,20
953,52,21
954,52,22
955,52,23
956,53,0
957,53,1
958,53,2
959,53,3
960,53,4
961,53,5
962,53,14
963,53,15
964,53,16
965,53,17
966,53,18
967,53,19
968,53,20
969,53,21
970,53,22
971,53,23
972,54,0
973,54,1
974,54,2
975,54,3
976,54,4
977,54,5
978,54,14
979,54,15
980,54,16
981,54,17
982,54,18
983,54,19
984,54,20
985,54,21
986,54,22
987,54,23
988,55,0
989,55,1
990,55,2
991,55,3
992,55,4
993,55,5
994,55,14
995,55,15
996,55,16
997,55,17
998,55,18
999,55,19
1000,55,20
1001,55,21
1002,55,22
1003,55,23
1004,56,0
1005,56,1
1006,56,2
1007,56,3
1008,56,4
1009,56,5
1010,56,14
1011,56,15
1012,56,16
1013,56,17
1014,56,18
1015,56,19
1016,56,20
1017,56,21
1018,56,22
1019,56,23
1020,57,0
1021,57,1
1022,57,2
1023,57,3
1024,57,4
1025,57,5
1026,57,14
1027,57,15
1028,57,16
1029,57,17
1030,57,18
1031,57,19
1032,57,20
1033,57,21
1034,57,22
1035,57,23
1036,58,0
1037,58,1
1038,58,2
1039,58,3
1040,58,4
1041,58,5
1042,58,14
1043,58,15
1044,58,16
1045,58,17
1046,58,18
1047,58,19
1048,58,20
1049,58,21
1050,58,22
1051,58,23
1052,59,0
1053,59,1
1054,59,2
1055,59,3
1056,59,4
1057,59,5
1058,59,14
1059,59,15
1060,59,16
1061,59,17
1062,59,18
1063,59,19
1064,59,20
1065,59,21
1066,59,22
1067,59,23
1068,60,0
1069,60,1
1070,60,2
1071,60,3
1072,60,4
1073,60,5
1074,60,14
1075,60,15
1076,60,16
1077,60,17
1078,60,18
1079,60,19
1080,60,20
1081,60,21
1082,60,22
1083,60,23
1084,61,0
1085,61,1
1086,61,2
1087,61,3
1088,61,4
1089,61,5
1090,61,14
1091,61,15
1092,61,16
1093,61,17
1094,61,18
1095,61,19
1096,61,20
1097,61,21
1098,61,22
1099,61,23
1100,62,0
1101,62,1
1102,62,2
1103,62,3
1104,62,4
1105,62,5
1106,62,14
1107,62,15
1108,62,16
1109,62,17
1110,62,18
1111,62,19
1112,62,20
1113,62,21
1114,62,22
1115,62,23
1116,63,0
1117,63,1
1118,63,2
1119,63,3
1120,63,4
1121,63,5
1122,63,14
1123,63,15
1124,63,16
1125,63,17
1126,63,18
1127,63,19
1128,63,20
1129,63,21
1130,63,22
1131,63,23
1132,64,0
1133,64,1
1134,64,2
1135,64,3
1136,64,4
1137,64,5
1138,64,15
1139,64,16
1140,64,17
1141,64,18
1142,64,19
1143,64,20
1144,64,21
1145,64,22
1146,64,23
1147,65,0
1148,65,1
1149,65,2
1150,65,3
1151,65,4
1152,65,5
1153,65,15
1154,65,16
1155,65,17
1156,65,18
1157,65,19
1158,65,20
1159,65,21
1160,65,22
1161,65,23
1162,66,0
1163,66,1
1164,66,2
1165,66,3
1166,66,4
1167,66,5
1168,66,15
1169,66,16
1170,66,17
1171,66,18
1172,66,19
1173,66,20
1174,66,21
1175,66,22
1176,66,23
1177,67,0
1178,67,1
1179,67,2
1180,67,3
1181,67,4
1182,67,5
1183,67,15
1184,67,16
1185,67,17
1186,67,18
1187,67,19
1188,67,20
1189,67,21
1190,67,22
1191,67,23
1192,68,0
1193,68,1
1194,68,2
1195,68,3
1196,68,4
1197,68,5
1198,68,15
1199,68,16
1200,68,17
1201,68,18
1202,68,19
1203,68,20
1204,68,21
1205,68,22
1206,68,23
1207,69,0
1208,69,1
1209,69,2
1210,69,3
1211,69,4
1212,69,5
1213,69,15
1214,69,16
1215,69,17
1216,69,18
1217,69,19
1218,69,20
1219,69,21
1220,69,22
1221,69,23
1222,70,0
1223,70,1
1224,70,2
1225,70,3
1226,70,4
1227,70,5
1228,70,15
1229,70,16
1230,70,17
1231,70,18
1232,70,19
1233,70,20
1234,70,21
1235,70,22
1236,70,23
1237,71,0
1238,71,1
1239,71,2
1240,71,3
1241,71,4
1242,71,5
1243,71,15
1244,71,16
1245,71,17
1246,71,18
1247,71,19
1248,71,20
1249,71,21
1250,71,22
1251,71,23
1252,72,0
1253,72,1
1254,72,2
1255,72,3
1256,72,4
1257,72,5
1258,72,15
1259,72,16
1260,72,17
1261,72,18
1262,72,19
1263,72,20
1264,72,21
1265,72,22
1266,72,23
1267,73,0
1268,73,1
1269,73,2
1270,73,3
1271,73,4
1272,73,15
1273,73,16
1274,73,17
1275,73,18
1276,73,19
1277,73,20
1278,73,21
1279,73,22
1280,73,23
1281,74,0
1282,74,1
1283,74,2
1284,74,3
1285,74,4
1286,74,15
1287,74,16
1288,74,17
1289,74,18
1290,74,19
1291,74,20
1292,74,21
1293,74,22
1294,74,23
1295,75,0
1296,75,1
1297,75,2
1298,75,3
1299,75,4
1300,75,15
1301,75,16
1302,75,17
1303,75,18
1304,75,19
1305,75,20
1306,75,21
1307,75,22
1308,75,23
1309,76,0
1310,76,1
1311,76,2
1312,76,3
1313,76,4
1314,76,15
1315,76,16
1316,76,17
1317,76,18
1318,76,19
1319,76,20
1320,76,21
1321,76,22
1322,76,23
1323,77,0
1324,77,1
1325,77,2
1326,77,3
1327,77,4
1328,77,15
1329,77,16
1330,77,17
1331,77,18
1332,77,19
1333,77,20
1334,77,21
1335,77,22
1336,77,23
1337,78,0
1338,78,1
1339,78,2
1340,78,3
1341,78,4
1342,78,15
1343,78,16
1344,78,17
1345,78,18
1346,78,19
1347,78,20
1348,78,21
1349,78,22
1350,78,23
1351,79,0
1352,79,1
1353,79,2
1354,79,3
1355,79,4
1356,79,15
1357,79,16
1358,79,17
1359,79,18
1360,79,19
1361,79,20
1362,79,21
1363,79,22
1364,79,23
1365,80,0
1366,80,1
1367,80,2
1368,80,3
1369,80,4
1370,80,15
1371,80,16
1372,80,17
1373,80,18
1374,80,19
1375,80,20
1376,80,21
1377,80,22
1378,80,23
1379,81,0
1380,81,1
1381,81,2
1382,81,3
1383,81,4
1384,81,15
1385,81,16
1386,81,17
1387,81,18
1388,81,19
1389,81,20
1390,81,21
1391,81,22
1392,81,23
1393,82,0
1394,82,1
1395,82,2
1396,82,3
1397,82,4
1398,82,15
1399,82,16
1400,82,17
1401,82,18
1402,82,19
1403,82,20
1404,82,21
1405,82,22
1406,82,23
1407,83,0
1408,83,1
1409,83,2
1410,83,3
1411,83,4
1412,83,15
1413,83,16
1414,83,17
1415,83,18
1416,83,19
1417,83,20
1418,83,21
1419,83,22
1420,83,23
1421,84,0
1422,84,1
1423,84,2
1424,84,3
1425,84,4
1426,84,15
1427,84,16
1428,84,17
1429,84,18
1430,84,19
1431,84,20
1432,84,21
1433,84,22
1434,84,23
1435,85,0
1436,85,1
1437,85,2
1438,85,3
1439,85,4
1440,85,15
1441,85,16
1442,85,17
1443,85,18
1444,85,19
1445,85,20
1446,85,21
1447,85,22
1448,85,23
1449,86,0
1450,86,1
1451,86,2
1452,86,3
1453,86,4
1454,86,15
1455,86,16
1456,86,17
1457,86,18
1458,86,19
1459,86,20
1460,86,21
1461,86,22
1462,86,23
1463,87,0
1464,87,1
1465,87,2
1466,87,3
1467,87,4
1468,87,15
1469,87,16
1470,87,17
1471,87,18
1472,87,19
1473,87,20
1474,87,21
1475,87,22
1476,87,23
1477,88,0
1478,88,1
1479,88,2
1480,88,3
1481,88,4
1482,88,16
1483,88,17
1484,88,18
1485,88,19
1486,88,20
1487,88,21
1488,88,22
1489,88,23
1490,89,0
1491,89,1
1492,89,2
1493,89,3
1494,89,4
1495,89,16
1496,89,17
1497,89,18
1498,89,19
1499,89,20
1500,89,21
1501,89,22
1502,89,23
1503,90,0
1504,90,1
1505,90,2
1506,90,3
1507,90,4
1508,90,16
1509,90,17
1510,90,18
1511,90,19
1512,90,20
1513,90,21
1514,90,22
1515,90,23
1516,91,0
1517,91,1
1518,91,2
1519,91,3
1520,91,4
1521,91,16
1522,91,17
1523,91,18
1524,91,19
1525,91,20
1526,91,21
1527,91,22
1528,91,23
1529,92,0
1530,92,1
1531,92,2
1532,92,3
1533,92,4
1534,92,16
1535,92,17
1536,92,18
1537,92,19
1538,92,20
1539,92,21
1540,92,22
1541,92,23
1542,93,0
1543,93,1
1544,93,2
1545,93,3
1546,93,4
1547,93,16
1548,93,17
1549,93,18
1550,93,19
1551,93,20
1552,93,21
1553,93,22
1554,93,23
1555,94,0
1556,94,1
1557,94,2
1558,94,3
1559,94,4
1560,94,16
1561,94,17
1562,94,18
1563,94,19
1564,94,20
1565,94,21
1566,94,22
1567,94,23
1568,95,0
1569,95,1
1570,95,2
1571,95,3
1572,95,4
1573,95,16
1574,95,17
1575,95,18
1576,95,19
1577,95,20
1578,95,21
1579,95,22
1580,95,23
1581,96,0
1582,96,1
1583,96,2
1584,96,3
1585,96,4
1586,96,16
1587,96,17
1588,96,18
1589,96,19
1590,96,20
1591,96,21
1592,96,22
1593,96,23
1594,97,0
1595,97,1
1596,97,2
1597,97,3
1598,97,4
1599,97,16
1600,97,17
1601,97,18
1602,97,19
1603,97,20
1604,97,21
1605,97,22
1606,97,23
1607,98,0
1608,98,1
1609,98,2
1610,98,3
1611,98,4
1612,98,16
1613,98,17
1614,98,18
1615,98,19
1616,98,20
1617,98,21
1618,98,22
1619,98,23
1620,99,0
1621,99,1
1622,99,2
1623,99,3
1624,99,4
1625,99,16
1626,99,17
1627,99,18
1628,99,19
1629,99,20
1630,99,21
1631,99,22
1632,99,23
1633,100,0
1634,100,1
1635,100,2
1636,100,3
1637,100,4
1638,100,16
1639,100,17
1640,100,18
1641,100,19
1642,100,20
1643,100,21
1644,100,22
1645,100,23
1646,101,0
1647,101,1
1648,101,2
1649,101,3
1650,101,16
1651,101,17
1652,101,18
1653,101,19
1654,101,20
1655,101,21
1656,101,22
1657,101,23
1658,102,0
1659,102,1
1660,102,2
1661,102,3
1662,102,4
1663,102,16
1664,102,17
1665,102,18
1666,102,19
1667,102,20
1668,102,21
1669,102,22
1670,102,23
1671,103,0
1672,103,1
1673,103,2
1674,103,3
1675,103,16
1676,103,17
1677,103,18
1678,103,19
1679,103,20
1680,103,21
1681,103,22
1682,103,23
1683,104,0
1684,104,1
1685,104,2
1686,104,3
1687,104,4
1688,104,16
1689,104,17
1690,104,18
1691,104,19
1692,104,20
1693,104,21
1694,104,22
1695,104,23
1696,105,0
1697,105,1
1698,105,2
1699,105,3
1700,105,16
1701,105,17
1702,105,18
1703,105,19
1704,105,20
1705,105,21
1706,105,22
1707,105,23
1708,106,0
1709,106,1
1710,106,2
1711,106,3
1712,106,16
1713,106,17
1714,106,18
1715,106,19
1716,106,20
1717,106,21
1718,106,22
1719,106,23
1720,107,0
1721,107,1
1722,107,2
1723,107,3
1724,107,16
1725,107,17
1726,107,18
1727,107,19
1728,107,20
1729,107,21
1730,107,22
1731,107,23
1732,108,0
1733,108,1
1734,108,2
1735,108,3
1736,108,4
1737,108,16
1738,108,17
1739,108,18
1740,108,19
1741,108,20
1742,108,21
1743,108,22
1744,108,23
1745,109,0
1746,109,1
1747,109,2
1748,109,3
1749,109,16
1750,109,17
1751,109,18
1752,109,19
1753,109,20
1754,109,21
1755,109,22
1756,109,23
1757,110,0
1758,110,1
1759,110,2
1760,110,3
1761,110,16
1762,110,17
1763,110,18
1764,110,19
1765,110,20
1766,110,21
1767,110,22
1768,110,23
1769,111,0
1770,111,1
1771,111,2
1772,111,3
1773,111,16
1774,111,17
1775,111,18
1776,111,19
1777,111,20
1778,111,21
1779,111,22
1780,111,23
1781,112,0
1782,112,1
1783,112,2
1784,112,3
1785,112,16
1786,112,17
1787,112,18
1788,112,19
1789,112,20
1790,112,21
1791,112,22
1792,112,23
1793,113,0
1794,113,1
1795,113,2
1796,113,3
1797,113,16
1798,113,17
1799,113,18
1800,113,19
1801,113,20
1802,113,21
1803,113,22
1804,113,23
1805,114,0
1806,114,1
1807,114,2
1808,114,3
1809,114,16
1810,114,17
1811,114,18
1812,114,19
1813,114,20
1814,114,21
1815,114,22
1816,114,23
1817,115,0
1818,115,1
1819,115,2
1820,115,3
1821,115,16
1822,115,17
1823,115,18
1824,115,19
1825,115,20
1826,115,21
1827,115,22
1828,115,23
1829,116,0
1830,116,1
1831,116,2
1832,116,3
1833,116,16
1834,116,17
1835,116,18
1836,116,19
1837,116,20
1838,116,21
1839,116,22
1840,116,23
1841,117,0
1842,117,1
1843,117,2
1844,117,3
1845,117,16
1846,117,17
1847,117,18
1848,117,19
1849,117,20
1850,117,21
1851,117,22
1852,117,23
1853,118,0
1854,118,1
1855,118,2
1856,118,3
1857,118,16
1858,118,17
1859,118,18
1860,118,19
1861,118,20
1862,118,21
1863,118,22
1864,118,23
1865,119,0
1866,119,1
1867,119,2
1868,119,3
1869,119,16
1870,119,17
1871,119,18
1872,119,19
1873,119,20
1874,119,21
1875,119,22
1876,119,23
1877,120,0
1878,120,1
1879,120,2
1880,120,3
1881,120,16
1882,120,17
1883,120,18
1884,120,19
1885,120,20
1886,120,21
1887,120,22
1888,120,23
1889,121,0
1890,121,1
1891,121,2
1892,121,3
1893,121,16
1894,121,17
1895,121,18
1896,121,19
1897,121,20
1898,121,21
1899,121,22
1900,121,23
1901,122,0
1902,122,1
1903,122,2
1904,122,3
1905,122,16
1906,122,17
1907,122,18
1908,122,19
1909,122,20
1910,122,21
1911,122,22
1912,122,23
1913,123,0
1914,123,1
1915,123,2
1916,123,3
1917,123,16
1918,123,17
1919,123,18
1920,123,19
1921,123,20
1922,123,21
1923,123,22
1924,123,23
1925,124,0
1926,124,1
1927,124,2
1928,124,3
1929,124,16
1930,124,17
1931,124,18
1932,124,19
1933,124,20
1934,124,21
1935,124,22
1936,124,23
1937,125,0
1938,125,1
1939,125,2
1940,125,3
1941,125,16
1942,125,17
1943,125,18
1944,125,19
1945,125,20
1946,125,21
1947,125,22
1948,125,23
1949,126,0
1950,126,1
1951,126,2
1952,126,3
1953,126,17
1954,126,18
1955,126,19
1956,126,20
1957,126,21
1958,126,22
1959,126,23
1960,127,0
1961,127,1
1962,127,2
1963,127,3
1964,127,17
1965,127,18
1966,127,19
1967,127,20
1968,127,21
1969,127,22
1970,127,23
1971,128,0
1972,128,1
1973,128,2
1974,128,3
1975,128,17
1976,128,18
1977,128,19
1978,128,20
1979,128,21
1980,128,22
1981,128,23
1982,129,0
1983,129,1
1984,129,2
1985,129,3
1986,129,17
1987,129,18
1988,129,19
1989,129,20
1990,129,21
1991,129,22
1992,129,23
1993,130,0
1994,130,1
1995,130,2
1996,130,3
1997,130,17
1998,130,18
1999,130,19
2000,130,20
2001,130,21
2002,130,22
2003,130,23
2004,131,0
2005,131,1
2006,131,2
2007,131,3
2008,131,17
2009,131,18
2010,131,19
2011,131,20
2012,131,21
2013,131,22
2014,131,23
2015,132,0
2016,132,1
2017,132,2
2018,132,3
2019,132,17
2020,132,18
2021,132,19
2022,132,20
2023,132,21
2024,132,22
2025,132,23
2026,133,0
2027,133,1
2028,133,2
2029,133,3
2030,133,17
2031,133,18
2032,133,19
2033,133,20
2034,133,21
2035,133,22
2036,133,23
2037,134,0
2038,134,1
2039,134,2
2040,134,3
2041,134,17
2042,134,18
2043,134,19
2044,134,20
2045,134,21
2046,134,22
2047,134,23
2048,135,0
2049,135,1
2050,135,2
2051,135,17
2052,135,18
2053,135,19
2054,135,20
2055,135,21
2056,135,22
2057,135,23
2058,136,0
2059,136,1
2060,136,2
2061,136,17
2062,136,18
2063,136,19
2064,136,20
2065,136,21
2066,136,22
2067,136,23
2068,137,0
2069,137,1
2070,137,2
2071,137,17
2072,137,18
2073,137,19
2074,137,20
2075,137,21
2076,137,22
2077,137,23
2078,138,0
2079,138,1
2080,138,2
2081,138,17
2082,138,18
2083,138,19
2084,138,20
2085,138,21
2086,138,22
2087,138,23
2088,139,0
2089,139,1
2090,139,2
2091,139,17
2092,139,18
2093,139,19
2094,139,20
2095,139,21
2096,139,22
2097,139,23
2098,140,0
2099,140,1
2100,140,2
2101,140,17
2102,140,18
2103,140,19
2104,140,20
2105,140,21
2106,140,22
2107,140,23
2108,141,0
2109,141,1
2110,141,2
2111,141,17
2112,141,18
2113,141,19
2114,141,20
2115,141,21
2116,141,22
2117,141,23
2118,142,0
2119,142,1
2120,142,2
2121,142,17
2122,142,18
2123,142,19
2124,142,20
2125,142,21
2126,142,22
2127,142,23
2128,143,0
2129,143,1
2130,143,2
2131,143,17
2132,143,18
2133,143,19
2134,143,20
2135,143,21
2136,143,22
2137,143,23
2138,144,0
2139,144,1
2140,144,2
2141,144,17
2142,144,18
2143,144,19
2144,144,20
2145,144,21
2146,144,22
2147,144,23
2148,145,0
2149,145,1
2150,145,2
2151,145,17
2152,145,18
2153,145,19
2154,145,20
2155,145,21
2156,145,22
2157,145,23
2158,146,0
2159,146,1
2160,146,2
2161,146,17
2162,146,18
2163,146,19
2164,146,20
2165,146,21
2166,146,22
2167,146,23
2168,147,0
2169,147,1
2170,147,2
2171,147,17
2172,147,18
2173,147,19
2174,147,20
2175,147,21
2176,147,22
2177,147,23
2178,148,0
2179,148,1
2180,148,2
2181,148,17
2182,148,18
2183,148,19
2184,148,20
2185,148,21
2186,148,22
2187,148,23
2188,149,0
2189,149,1
2190,149,2
2191,149,17
2192,149,18
2193,149,19
2194,149,20
2195,149,21
2196,149,22
2197,149,23
2198,150,0
2199,150,1
2200,150,2
2201,150,17
2202,150,18
2203,150,19
2204,150,20
2205,150,21
2206,150,22
2207,150,23
2208,151,0
2209,151,1
2210,151,2
2211,151,17
2212,151,18
2213,151,19
2214,151,20
2215,151,21
2216,151,22
2217,151,23
2218,152,0
2219,152,1
2220,152,2
2221,152,17
2222,152,18
2223,152,19
2224,152,20
2225,152,21
2226,152,22
2227,152,23
2228,153,0
2229,153,1
2230,153,2
2231,153,17
2232,153,18
2233,153,19
2234,153,20
2235,153,21
2236,153,22
2237,153,23
2238,154,0
2239,154,1
2240,154,2
2241,154,17
2242,154,18
2243,154,19
2244,154,20
2245,154,21
2246,154,22
2247,154,23
2248,155,0
2249,155,1
2250,155,2
2251,155,17
2252,155,18
2253,155,19
2254,155,20
2255,155,21
2256,155,22
2257,155,23
2258,156,0
2259,156,1
2260,156,2
2261,156,17
2262,156,18
2263,156,19
2264,156,20
2265,156,21
2266,156,22
2267,156,23
2268,157,0
2269,157,1
2270,157,2
2271,157,17
2272,157,18
2273,157,19
2274,157,20
2275,157,21
2276,157,22
2277,157,23
2278,158,0
2279,158,1
2280,158,2
2281,158,17
2282,158,18
2283,158,19
2284,158,20
2285,158,21
2286,158,22
2287,158,23
2288,159,0
2289,159,1
2290,159,2
2291,159,17
2292,159,18
2293,159,19
2294,159,20
2295,159,21
2296,159,22
2297,159,23
2298,160,0
2299,160,1
2300,160,2
2301,160,17
2302,160,18
2303,160,19
2304,160,20
2305,160,21
2306,160,22
2307,160,23
2308,161,0
2309,161,1
2310,161,2
2311,161,17
2312,161,18
2313,161,19
2314,161,20
2315,161,21
2316,161,22
2317,161,23
2318,162,0
2319,162,1
2320,162,2
2321,162,17
2322,162,18
2323,162,19
2324,162,20
2325,162,21
2326,162,22
2327,162,23
2328,163,0
2329,163,1
2330,163,2
2331,163,17
2332,163,18
2333,163,19
2334,163,20
2335,163,21
2336,163,22
2337,163,23
2338,164,0
2339,164,1
2340,164,2
2341,164,17
2342,164,18
2343,164,19
2344,164,20
2345,164,21
2346,164,22
2347,164,23
2348,165,0
2349,165,1
2350,165,2
2351,165,17
2352,165,18
2353,165,19
2354,165,20
2355,165,21
2356,165,22
2357,165,23
2358,166,0
2359,166,1
2360,166,2
2361,166,17
2362,166,18
2363,166,19
2364,166,20
2365,166,21
2366,166,22
2367,166,23
2368,167,0
2369,167,1
2370,167,2
2371,167,17
2372,167,18
2373,167,19
2374,167,20
2375,167,21
2376,167,22
2377,167,23
2378,168,0
2379,168,1
2380,168,2
2381,168,17
2382,168,18
2383,168,19
2384,168,20
2385,168,21
2386,168,22
2387,168,23
2388,169,0
2389,169,1
2390,169,2
2391,169,17
2392,169,18
2393,169,19
2394,169,20
2395,169,21
2396,169,22
2397,169,23
2398,170,0
2399,170,1
2400,170,2
2401,170,17
2402,170,18
2403,170,19
2404,170,20
2405,170,21
2406,170,22
2407,170,23
2408,171,0
2409,171,1
2410,171,2
2411,171,17
2412,171,18
2413,171,19
2414,171,20
2415,171,21
2416,171,22
2417,171,23
2418,172,0
2419,172,1
2420,172,2
2421,172,17
2422,172,18
2423,172,19
2424,172,20
2425,172,21
2426,172,22
2427,172,23
2428,173,0
2429,173,1
2430,173,2
2431,173,17
2432,173,18
2433,173,19
2434,173,20
2435,173,21
2436,173,22
2437,173,23
2438,174,0
2439,174,1
2440,174,2
2441,174,17
2442,174,18
2443,174,19
2444,174,20
2445,174,21
2446,174,22
2447,174,23
2448,175,0
2449,175,1
2450,175,2
2451,175,17
2452,175,18
2453,175,19
2454,175,20
2455,175,21
2456,175,22
2457,175,23
2458,176,0
2459,176,1
2460,176,2
2461,176,17
2462,176,18
2463,176,19
2464,176,20
2465,176,21
2466,176,22
2467,176,23
2468,177,0
2469,177,1
2470,177,2
2471,177,17
2472,177,18
2473,177,19
2474,177,20
2475,177,21
2476,177,22
2477,177,23
2478,178,0
2479,178,1
2480,178,2
2481,178,17
2482,178,18
2483,178,19
2484,178,20
2485,178,21
2486,178,22
2487,178,23
2488,179,0
2489,179,1
2490,179,2
2491,179,17
2492,179,18
2493,179,19
2494,179,20
2495,179,21
2496,179,22
2497,179,23
2498,180,0
2499,180,1
2500,180,2
2501,180,17
2502,180,18
2503,180,19
2504,180,20
2505,180,21
2506,180,22
2507,180,23
2508,181,0
2509,181,1
2510,181,2
2511,181,17
2512,181,18
2513,181,19
2514,181,20
2515,181,21
2516,181,22
2517,181,23
2518,182,0
2519,182,1
2520,182,2
2521,182,17
2522,182,18
2523,182,19
2524,182,20
2525,182,21
2526,182,22
2527,182,23
2528,183,0
2529,183,1
2530,183,2
2531,183,17
2532,183,18
2533,183,19
2534,183,20
2535,183,21
2536,183,22
2537,183,23
2538,184,0
2539,184,1
2540,184,2
2541,184,17
2542,184,18
2543,184,19
2544,184,20
2545,184,21
2546,184,22
2547,184,23
2548,185,0
2549,185,1
2550,185,2
2551,185,17
2552,185,18
2553,185,19
2554,185,20
2555,185,21
2556,185,22
2557,185,23
2558,186,0
2559,186,1
2560,186,2
2561,186,17
2562,186,18
2563,186,19
2564,186,20
2565,186,21
2566,186,22
2567,186,23
2568,187,0
2569,187,1
2570,187,2
2571,187,17
2572,187,18
2573,187,19
2574,187,20
2575,187,21
2576,187,22
2577,187,23
2578,188,0
2579,188,1
2580,188,2
2581,188,17
2582,188,18
2583,188,19
2584,188,20
2585,188,21
2586,188,22
2587,188,23
2588,189,0
2589,189,1
2590,189,2
2591,189,17
2592,189,18
2593,189,19
2594,189,20
2595,189,21
2596,189,22
2597,189,23
2598,190,0
2599,190,1
2600,190,2
2601,190,17
2602,190,18
2603,190,19
2604,190,20
2605,190,21
2606,190,22
2607,190,23
2608,191,0
2609,191,1
2610,191,2
2611,191,17
2612,191,18
2613,191,19
2614,191,20
2615,191,21
2616,191,22
2617,191,23
2618,192,0
2619,192,1
2620,192,2
2621,192,17
2622,192,18
2623,192,19
2624,192,20
2625,192,21
2626,192,22
2627,192,23
2628,193,0
2629,193,1
2630,193,2
2631,193,17
2632,193,18
2633,193,19
2634,193,20
2635,193,21
2636,193,22
2637,193,23
2638,194,0
2639,194,1
2640,194,2
2641,194,17
2642,194,18
2643,194,19
2644,194,20
2645,194,21
2646,194,22
2647,194,23
2648,195,0
2649,195,1
2650,195,2
2651,195,17
2652,195,18
2653,195,19
2654,195,20
2655,195,21
2656,195,22
2657,195,23
2658,196,0
2659,196,1
2660,196,2
2661,196,17
2662,196,18
2663,196,19
2664,196,20
2665,196,21
2666,196,22
2667,196,23
2668,197,0
2669,197,1
2670,197,2
2671,197,17
2672,197,18
2673,197,19
2674,197,20
2675,197,21
2676,197,22
2677,197,23
2678,198,0
2679,198,1
2680,198,2
2681,198,17
2682,198,18
2683,198,19
2684,198,20
2685,198,21
2686,198,22
2687,198,23
2688,199,0
2689,199,1
2690,199,2
2691,199,17
2692,199,18
2693,199,19
2694,199,20
2695,199,21
2696,199,22
2697,199,23
2698,200,0
2699,200,1
2700,200,2
2701,200,17
2702,200,18
2703,200,19
2704,200,20
2705,200,21
2706,200,22
2707,200,23
2708,201,0
2709,201,1
2710,201,2
2711,201,17
2712,201,18
2713,201,19
2714,201,20
2715,201,21
2716,201,22
2717,201,23
2718,202,0
2719,202,1
2720,202,2
2721,202,17
2722,202,18
2723,202,19
2724,202,20
2725,202,21
2726,202,22
2727,202,23
2728,203,0
2729,203,1
2730,203,2
2731,203,17
2732,203,18
2733,203,19
2734,203,20
2735,203,21
2736,203,22
2737,203,23
2738,204,0
2739,204,1
2740,204,2
2741,204,17
2742,204,18
2743,204,19
2744,204,20
2745,204,21
2746,204,22
2747,204,23
2748,205,0
2749,205,1
2750,205,2
2751,205,17
2752,205,18
2753,205,19
2754,205,20
2755,205,21
2756,205,22
2757,205,23
2758,206,0
2759,206,1
2760,206,2
2761,206,17
2762,206,18
2763,206,19
2764,206,20
2765,206,21
2766,206,22
2767,206,23
2768,207,0
2769,207,1
2770,207,2
2771,207,17
2772,207,18
2773,207,19
2774,207,20
2775,207,21
2776,207,22
2777,207,23
2778,208,0
2779,208,1
2780,208,2
2781,208,17
2782,208,18
2783,208,19
2784,208,20
2785,208,21
2786,208,22
2787,208,23
2788,209,0
2789,209,1
2790,209,2
2791,209,17
2792,209,18
2793,209,19
2794,209,20
2795,209,21
2796,209,22
2797,209,23
2798,210,0
2799,210,1
2800,210,2
2801,210,17
2802,210,18
2803,210,19
2804,210,20
2805,210,21
2806,210,22
2807,210,23
2808,211,0
2809,211,1
2810,211,2
2811,211,17
2812,211,18
2813,211,19
2814,211,20
2815,211,21
2816,211,22
2817,211,23
2818,212,0
2819,212,1
2820,212,2
2821,212,17
2822,212,18
2823,212,19
2824,212,20
2825,212,21
2826,212,22
2827,212,23
2828,213,0
2829,213,1
2830,213,2
2831,213,17
2832,213,18
2833,213,19
2834,213,20
2835,213,21
2836,213,22
2837,213,23
2838,214,0
2839,214,1
2840,214,2
2841,214,17
2842,214,18
2843,214,19
2844,214,20
2845,214,21
2846,214,22
2847,214,23
2848,215,0
2849,215,1
2850,215,2
2851,215,17
2852,215,18
2853,215,19
2854,215,20
2855,215,21
2856,215,22
2857,215,23
2858,216,0
2859,216,1
2860,216,2
2861,216,3
2862,216,17
2863,216,18
2864,216,19
2865,216,20
2866,216,21
2867,216,22
2868,216,23
2869,217,0
2870,217,1
2871,217,2
2872,217,3
2873,217,17
2874,217,18
2875,217,19
2876,217,20
2877,217,21
2878,217,22
2879,217,23
2880,218,0
2881,218,1
2882,218,2
2883,218,3
2884,218,17
2885,218,18
2886,218,19
2887,218,20
2888,218,21
2889,218,22
2890,218,23
2891,219,0
2892,219,1
2893,219,2
2894,219,3
2895,219,16
2896,219,17
2897,219,18
2898,219,19
2899,219,20
2900,219,21
2901,219,22
2902,219,23
2903,220,0
2904,220,1
2905,220,2
2906,220,3
2907,220,17
2908,220,18
2909,220,19
2910,220,20
2911,220,21
2912,220,22
2913,220,23
2914,221,0
2915,221,1
2916,221,2
2917,221,3
2918,221,16
2919,221,17
2920,221,18
2921,221,19
2922,221,20
2923,221,21
2924,221,22
2925,221,23
2926,222,0
2927,222,1
2928,222,2
2929,222,3
2930,222,16
2931,222,17
2932,222,18
2933,222,19
2934,222,20
2935,222,21
2936,222,22
2937,222,23
2938,223,0
2939,223,1
2940,223,2
2941,223,3
2942,223,16
2943,223,17
2944,223,18
2945,223,19
2946,223,20
2947,223,21
2948,223,22
2949,223,23
2950,224,0
2951,224,1
2952,224,2
2953,224,3
2954,224,16
2955,224,17
2956,224,18
2957,224,19
2958,224,20
2959,224,21
2960,224,22
2961,224,23
2962,225,0
2963,225,1
2964,225,2
2965,225,3
2966,225,16
2967,225,17
2968,225,18
2969,225,19
2970,225,20
2971,225,21
2972,225,22
2973,225,23
2974,226,0
2975,226,1
2976,226,2
2977,226,3
2978,226,16
2979,226,17
2980,226,18
2981,226,19
2982,226,20
2983,226,21
2984,226,22
2985,226,23
2986,227,0
2987,227,1
2988,227,2
2989,227,3
2990,227,16
2991,227,17
2992,227,18
2993,227,19
2994,227,20
2995,227,21
2996,227,22
2997,227,23
2998,228,0
2999,228,1
3000,228,2
3001,228,3
3002,228,16
3003,228,17
3004,228,18
3005,228,19
3006,228,20
3007,228,21
3008,228,22
3009,228,23
3010,229,0
3011,229,1
3012,229,2
3013,229,3
3014,229,16
3015,229,17
3016,229,18
3017,229,19
3018,229,20
3019,229,21
3020,229,22
3021,229,23
3022,230,0
3023,230,1
3024,230,2
3025,230,3
3026,230,16
3027,230,17
3028,230,18
3029,230,19
3030,230,20
3031,230,21
3032,230,22
3033,230,23
3034,231,0
3035,231,1
3036,231,2
3037,231,3
3038,231,16
3039,231,17
3040,231,18
3041,231,19
3042,231,20
3043,231,21
3044,231,22
3045,231,23
3046,232,0
3047,232,1
3048,232,2
3049,232,3
3050,232,16
3051,232,17
3052,232,18
3053,232,19
3054,232,20
3055,232,21
3056,232,22
3057,232,23
3058,233,0
3059,233,1
3060,233,2
3061,233,3
3062,233,16
3063,233,17
3064,233,18
3065,233,19
3066,233,20
3067,233,21
3068,233,22
3069,233,23
3070,234,0
3071,234,1
3072,234,2
3073,234,3
3074,234,16
3075,234,17
3076,234,18
3077,234,19
3078,234,20
3079,234,21
3080,234,22
3081,234,23
3082,235,0
3083,235,1
3084,235,2
3085,235,3
3086,235,16
3087,235,17
3088,235,18
3089,235,19
3090,235,20
3091,235,21
3092,235,22
3093,235,23
3094,236,0
3095,236,1
3096,236,2
3097,236,3
3098,236,16
3099,236,17
3100,236,18
3101,236,19
3102,236,20
3103,236,21
3104,236,22
3105,236,23
3106,237,0
3107,237,1
3108,237,2
3109,237,3
3110,237,16
3111,237,17
3112,237,18
3113,237,19
3114,237,20
3115,237,21
3116,237,22
3117,237,23
3118,238,0
3119,238,1
3120,238,2
3121,238,3
3122,238,16
3123,238,17
3124,238,18
3125,238,19
3126,238,20
3127,238,21
3128,238,22
3129,238,23
3130,239,0
3131,239,1
3132,239,2
3133,239,3
3134,239,16
3135,239,17
3136,239,18
3137,239,19
3138,239,20
3139,239,21
3140,239,22
3141,239,23
3142,240,0
3143,240,1
3144,240,2
3145,240,3
3146,240,16
3147,240,17
3148,240,18
3149,240,19
3150,240,20
3151,240,21
3152,240,22
3153,240,23
3154,241,0
3155,241,1
3156,241,2
3157,241,3
3158,241,16
3159,241,17
3160,241,18
3161,241,19
3162,241,20
3163,241,21
3164,241,22
3165,241,23
3166,242,0
3167,242,1
3168,242,2
3169,242,3
3170,242,16
3171,242,17
3172,242,18
3173,242,19
3174,242,20
3175,242,21
3176,242,22
3177,242,23
3178,243,0
3179,243,1
3180,243,2
3181,243,3
3182,243,16
3183,243,17
3184,243,18
3185,243,19
3186,243,20
3187,243,21
3188,243,22
3189,243,23
3190,244,0
3191,244,1
3192,244,2
3193,244,3
3194,244,16
3195,244,17
3196,244,18
3197,244,19
3198,244,20
3199,244,21
3200,244,22
3201,244,23
3202,245,0
3203,245,1
3204,245,2
3205,245,3
3206,245,16
3207,245,17
3208,245,18
3209,245,19
3210,245,20
3211,245,21
3212,245,22
3213,245,23
3214,246,0
3215,246,1
3216,246,2
3217,246,3
3218,246,16
3219,246,17
3220,246,18
3221,246,19
3222,246,20
3223,246,21
3224,246,22
3225,246,23
3226,247,0
3227,247,1
3228,247,2
3229,247,3
3230,247,16
3231,247,17
3232,247,18
3233,247,19
3234,247,20
3235,247,21
3236,247,22
3237,247,23
3238,248,0
3239,248,1
3240,248,2
3241,248,3
3242,248,16
3243,248,17
3244,248,18
3245,248,19
3246,248,20
3247,248,21
3248,248,22
3249,248,23
3250,249,0
3251,249,1
3252,249,2
3253,249,3
3254,249,16
3255,249,17
3256,249,18
3257,249,19
3258,249,20
3259,249,21
3260,249,22
3261,249,23
3262,250,0
3263,250,1
3264,250,2
3265,250,3
3266,250,4
3267,250,16
3268,250,17
3269,250,18
3270,250,19
3271,250,20
3272,250,21
3273,250,22
3274,250,23
3275,251,0
3276,251,1
3277,251,2
3278,251,3
3279,251,4
3280,251,16
3281,251,17
3282,251,18
3283,251,19
3284,251,20
3285,251,21
3286,251,22
3287,251,23
3288,252,0
3289,252,1
3290,252,2
3291,252,3
3292,252,4
3293,252,16
3294,252,17
3295,252,18
3296,252,19
3297,252,20
3298,252,21
3299,252,22
3300,252,23
3301,253,0
3302,253,1
3303,253,2
3304,253,3
3305,253,4
3306,253,16
3307,253,17
3308,253,18
3309,253,19
3310,253,20
3311,253,21
3312,253,22
3313,253,23
3314,254,0
3315,254,1
3316,254,2
3317,254,3
3318,254,4
3319,254,16
3320,254,17
3321,254,18
3322,254,19
3323,254,20
3324,254,21
3325,254,22
3326,254,23
3327,255,0
3328,255,1
3329,255,2
3330,255,3
3331,255,4
3332,255,15
3333,255,16
3334,255,17
3335,255,18
3336,255,19
3337,255,20
3338,255,21
3339,255,22
3340,255,23
3341,256,0
3342,256,1
3343,256,2
3344,256,3
3345,256,4
3346,256,16
3347,256,17
3348,256,18
3349,256,19
3350,256,20
3351,256,21
3352,256,22
3353,256,23
3354,257,0
3355,257,1
3356,257,2
3357,257,3
3358,257,4
3359,257,15
3360,257,16
3361,257,17
3362,257,18
3363,257,19
3364,257,20
3365,257,21
3366,257,22
3367,257,23
3368,258,0
3369,258,1
3370,258,2
3371,258,3
3372,258,4
3373,258,15
3374,258,16
3375,258,17
3376,258,18
3377,258,19
3378,258,20
3379,258,21
3380,258,22
3381,258,23
3382,259,0
3383,259,1
3384,259,2
3385,259,3
3386,259,4
3387,259,15
3388,259,16
3389,259,17
3390,259,18
3391,259,19
3392,259,20
3393,259,21
3394,259,22
3395,259,23
3396,260,0
3397,260,1
3398,260,2
3399,260,3
3400,260,4
3401,260,15
3402,260,16
3403,260,17
3404,260,18
3405,260,19
3406,260,20
3407,260,21
3408,260,22
3409,260,23
3410,261,0
3411,261,1
3412,261,2
3413,261,3
3414,261,4
3415,261,15
3416,261,16
3417,261,17
3418,261,18
3419,261,19
3420,261,20
3421,261,21
3422,261,22
3423,261,23
3424,262,0
3425,262,1
3426,262,2
3427,262,3
3428,262,4
3429,262,15
3430,262,16
3431,262,17
3432,262,18
3433,262,19
3434,262,20
3435,262,21
3436,262,22
3437,262,23
3438,263,0
3439,263,1
3440,263,2
3441,263,3
3442,263,4
3443,263,15
3444,263,16
3445,263,17
3446,263,18
3447,263,19
3448,263,20
3449,263,21
3450,263,22
3451,263,23
3452,264,0
3453,264,1
3454,264,2
3455,264,3
3456,264,4
3457,264,15
3458,264,16
3459,264,17
3460,264,18
3461,264,19
3462,264,20
3463,264,21
3464,264,22
3465,264,23
3466,265,0
3467,265,1
3468,265,2
3469,265,3
3470,265,4
3471,265,15
3472,265,16
3473,265,17
3474,265,18
3475,265,19
3476,265,20
3477,265,21
3478,265,22
3479,265,23
3480,266,0
3481,266,1
3482,266,2
3483,266,3
3484,266,4
3485,266,15
3486,266,16
3487,266,17
3488,266,18
3489,266,19
3490,266,20
3491,266,21
3492,266,22
3493,266,23
3494,267,0
3495,267,1
3496,267,2
3497,267,3
3498,267,4
3499,267,15
3500,267,16
3501,267,17
3502,267,18
3503,267,19
3504,267,20
3505,267,21
3506,267,22
3507,267,23
3508,268,0
3509,268,1
3510,268,2
3511,268,3
3512,268,4
3513,268,15
3514,268,16
3515,268,17
3516,268,18
3517,268,19
3518,268,20
3519,268,21
3520,268,22
3521,268,23
3522,269,0
3523,269,1
3524,269,2
3525,269,3
3526,269,4
3527,269,15
3528,269,16
3529,269,17
3530,269,18
3531,269,19
3532,269,20
3533,269,21
3534,269,22
3535,269,23
3536,270,0
3537,270,1
3538,270,2
3539,270,3
3540,270,4
3541,270,15
3542,270,16
3543,270,17
3544,270,18
3545,270,19
3546,270,20
3547,270,21
3548,270,22
3549,270,23
3550,271,0
3551,271,1
3552,271,2
3553,271,3
3554,271,4
3555,271,5
3556,271,15
3557,271,16
3558,271,17
3559,271,18
3560,271,19
3561,271,20
3562,271,21
3563,271,22
3564,271,23
3565,272,0
3566,272,1
3567,272,2
3568,272,3
3569,272,4
3570,272,5
3571,272,15
3572,272,16
3573,272,17
3574,272,18
3575,272,19
3576,272,20
3577,272,21
3578,272,22
3579,272,23
3580,273,0
3581,273,1
3582,273,2
3583,273,3
3584,273,4
3585,273,5
3586,273,15
3587,273,16
3588,273,17
3589,273,18
3590,273,19
3591,273,20
3592,273,21
3593,273,22
3594,273,23
3595,274,0
3596,274,1
3597,274,2
3598,274,3
3599,274,4
3600,274,5
3601,274,15
3602,274,16
3603,274,17
3604,274,18
3605,274,19
3606,274,20
3607,274,21
3608,274,22
3609,274,23
3610,275,0
3611,275,1
3612,275,2
3613,275,3
3614,275,4
3615,275,5
3616,275,15
3617,275,16
3618,275,17
3619,275,18
3620,275,19
3621,275,20
3622,275,21
3623,275,22
3624,275,23
3625,276,0
3626,276,1
3627,276,2
3628,276,3
3629,276,4
3630,276,5
3631,276,15
3632,276,16
3633,276,17
3634,276,18
3635,276,19
3636,276,20
3637,276,21
3638,276,22
3639,276,23
3640,277,0
3641,277,1
3642,277,2
3643,277,3
3644,277,4
3645,277,5
3646,277,15
3647,277,16
3648,277,17
3649,277,18
3650,277,19
3651,277,20
3652,277,21
3653,277,22
3654,277,23
3655,278,0
3656,278,1
3657,278,2
3658,278,3
3659,278,4
3660,278,5
3661,278,15
3662,278,16
3663,278,17
3664,278,18
3665,278,19
3666,278,20
3667,278,21
3668,278,22
3669,278,23
3670,279,0
3671,279,1
3672,279,2
3673,279,3
3674,279,4
3675,279,5
3676,279,15
3677,279,16
3678,279,17
3679,279,18
3680,279,19
3681,279,20
3682,279,21
3683,279,22
3684,279,23
3685,280,0
3686,280,1
3687,280,2
3688,280,3
3689,280,4
3690,280,5
3691,280,15
3692,280,16
3693,280,17
3694,280,18
3695,280,19
3696,280,20
3697,280,21
3698,280,22
3699,280,23
3700,281,0
3701,281,1
3702,281,2
3703,281,3
3704,281,4
3705,281,5
3706,281,15
3707,281,16
3708,281,17
3709,281,18
3710,281,19
3711,281,20
3712,281,21
3713,281,22
3714,281,23
3715,282,0
3716,282,1
3717,282,2
3718,282,3
3719,282,4
3720,282,5
3721,282,15
3722,282,16
3723,282,17
3724,282,18
3725,282,19
3726,282,20
3727,282,21
3728,282,22
3729,282,23
3730,283,0
3731,283,1
3732,283,2
3733,283,3
3734,283,4
3735,283,5
3736,283,14
3737,283,15
3738,283,16
3739,283,17
3740,283,18
3741,283,19
3742,283,20
3743,283,21
3744,283,22
3745,283,23
3746,284,0
3747,284,1
3748,284,2
3749,284,3
3750,284,4
3751,284,5
3752,284,15
3753,284,16
3754,284,17
3755,284,18
3756,284,19
3757,284,20
3758,284,21
3759,284,22
3760,284,23
3761,285,0
3762,285,1
3763,285,2
3764,285,3
3765,285,4
3766,285,5
3767,285,15
3768,285,16
3769,285,17
3770,285,18
3771,285,19
3772,285,20
3773,285,21
3774,285,22
3775,285,23
3776,286,0
3777,286,1
3778,286,2
3779,286,3
3780,286,4
3781,286,5
3782,286,15
3783,286,16
3784,286,17
3785,286,18
3786,286,19
3787,286,20
3788,286,21
3789,286,22
3790,286,23
3791,287,0
3792,287,1
3793,287,2
3794,287,3
3795,287,4
3796,287,5
3797,287,14
3798,287,15
3799,287,16
3800,287,17
3801,287,18
3802,287,19
3803,287,20
3804,287,21
3805,287,22
3806,287,23
3807,288,0
3808,288,1
3809,288,2
3810,288,3
3811,288,4
3812,288,5
3813,288,14
3814,288,15
3815,288,16
3816,288,17
3817,288,18
3818,288,19
3819,288,20
3820,288,21
3821,288,22
3822,288,23
3823,289,0
3824,289,1
3825,289,2
3826,289,3
3827,289,4
3828,289,5
3829,289,14
3830,289,15
3831,289,16
3832,289,17
3833,289,18
3834,289,19
3835,289,20
3836,289,21
3837,289,22
3838,289,23
3839,290,0
3840,290,1
3841,290,2
3842,290,3
3843,290,4
3844,290,5
3845,290,14
3846,290,15
3847,290,16
3848,290,17
3849,290,18
3850,290,19
3851,290,20
3852,290,21
3853,290,22
3854,290,23
3855,291,0
3856,291,1
3857,291,2
3858,291,3
3859,291,4
3860,291,5
3861,291,14
3862,291,15
3863,291,16
3864,291,17
3865,291,18
3866,291,19
3867,291,20
3868,291,21
3869,291,22
3870,291,23
3871,292,0
3872,292,1
3873,292,2
3874,292,3
3875,292,4
3876,292,5
3877,292,6
3878,292,14
3879,292,15
3880,292,16
3881,292,17
3882,292,18
3883,292,19
3884,292,20
3885,292,21
3886,292,22
3887,292,23
3888,293,0
3889,293,1
3890,293,2
3891,293,3
3892,293,4
3893,293,5
3894,293,14
3895,293,15
3896,293,16
3897,293,17
3898,293,18
3899,293,19
3900,293,20
3901,293,21
3902,293,22
3903,293,23
3904,294,0
3905,294,1
3906,294,2
3907,294,3
3908,294,4
3909,294,5
3910,294,14
3911,294,15
3912,294,16
3913,294,17
3914,294,18
3915,294,19
3916,294,20
3917,294,21
3918,294,22
3919,294,23
3920,295,0
3921,295,1
3922,295,2
3923,295,3
3924,295,4
3925,295,5
3926,295,14
3927,295,15
3928,295,16
3929,295,17
3930,295,18
3931,295,19
3932,295,20
3933,295,21
3934,295,22
3935,295,23
3936,296,0
3937,296,1
3938,296,2
3939,296,3
3940,296,4
3941,296,5
3942,296,6
3943,296,14
3944,296,15
3945,296,16
3946,296,17
3947,296,18
3948,296,19
3949,296,20
3950,296,21
3951,296,22
3952,296,23
3953,297,0
3954,297,1
3955,297,2
3956,297,3
3957,297,4
3958,297,5
3959,297,6
3960,297,14
3961,297,15
3962,297,16
3963,297,17
3964,297,18
3965,297,19
3966,297,20
3967,297,21
3968,297,22
3969,297,23
3970,298,0
3971,298,1
3972,298,2
3973,298,3
3974,298,4
3975,298,5
3976,298,6
3977,298,14
3978,298,15
3979,298,16
3980,298,17
3981,298,18
3982,298,19
3983,298,20
3984,298,21
3985,298,22
3986,298,23
3987,299,0
3988,299,1
3989,299,2
3990,299,3
3991,299,4
3992,299,5
3993,299,6
3994,299,14
3995,299,15
3996,299,16
3997,299,17
3998,299,18
3999,299,19
4000,299,20
4001,299,21
4002,299,22
4003,299,23
4004,300,0
4005,300,1
4006,300,2
4007,300,3
4008,300,4
4009,300,5
4010,300,6
4011,300,14
4012,300,15
4013,300,16
4014,300,17
4015,300,18
4016,300,19
4017,300,20
4018,300,21
4019,300,22
4020,300,23
4021,301,0
4022,301,1
4023,301,2
4024,301,3
4025,301,4
4026,301,5
4027,301,6
4028,301,14
4029,301,15
4030,301,16
4031,301,17
4032,301,18
4033,301,19
4034,301,20
4035,301,21
4036,301,22
4037,301,23
4038,302,0
4039,302,1
4040,302,2
4041,302,3
4042,302,4
4043,302,5
4044,302,6
4045,302,14
4046,302,15
4047,302,16
4048,302,17
4049,302,18
4050,302,19
4051,302,20
4052,302,21
4053,302,22
4054,302,23
4055,303,0
4056,303,1
4057,303,2
4058,303,3
4059,303,4
4060,303,5
4061,303,6
4062,303,14
4063,303,15
4064,303,16
4065,303,17
4066,303,18
4067,303,19
4068,303,20
4069,303,21
4070,303,22
4071,303,23
4072,304,0
4073,304,1
4074,304,2
4075,304,3
4076,304,4
4077,304,5
4078,304,6
4079,304,14
4080,304,15
4081,304,16
4082,304,17
4083,304,18
4084,304,19
4085,304,20
4086,304,21
4087,304,22
4088,304,23
4089,305,0
4090,305,1
4091,305,2
4092,305,3
4093,305,4
4094,305,5
4095,305,6
4096,305,14
4097,305,15
4098,305,16
4099,305,17
4100,305,18
4101,305,19
4102,305,20
4103,305,21
4104,305,22
4105,305,23
4106,306,0
4107,306,1
4108,306,2
4109,306,3
4110,306,4
4111,306,5
4112,306,6
4113,306,14
4114,306,15
4115,306,16
4116,306,17
4117,306,18
4118,306,19
4119,306,20
4120,306,21
4121,306,22
4122,306,23
4123,307,0
4124,307,1
4125,307,2
4126,307,3
4127,307,4
4128,307,5
4129,307,6
4130,307,14
4131,307,15
4132,307,16
4133,307,17
4134,307,18
4135,307,19
4136,307,20
4137,307,21
4138,307,22
4139,307,23
4140,308,0
4141,308,1
4142,308,2
4143,308,3
4144,308,4
4145,308,5
4146,308,6
4147,308,14
4148,308,15
4149,308,16
4150,308,17
4151,308,18
4152,308,19
4153,308,20
4154,308,21
4155,308,22
4156,308,23
4157,309,0
4158,309,1
4159,309,2
4160,309,3
4161,309,4
4162,309,5
4163,309,6
4164,309,13
4165,309,14
4166,309,15
4167,309,16
4168,309,17
4169,309,18
4170,309,19
4171,309,20
4172,309,21
4173,309,22
4174,309,23
4175,310,0
4176,310,1
4177,310,2
4178,310,3
4179,310,4
4180,310,5
4181,310,6
4182,310,7
4183,310,13
4184,310,14
4185,310,15
4186,310,16
4187,310,17
4188,310,18
4189,310,19
4190,310,20
4191,310,21
4192,310,22
4193,310,23
4194,311,0
4195,311,1
4196,311,2
4197,311,3
4198,311,4
4199,311,5
4200,311,6
4201,311,7
4202,311,13
4203,311,14
4204,311,15
4205,311,16
4206,311,17
4207,311,18
4208,311,19
4209,311,20
4210,311,21
4211,311,22
4212,311,23
4213,312,0
4214,312,1
4215,312,2
4216,312,3
4217,312,4
4218,312,5
4219,312,6
4220,312,7
4221,312,13
4222,312,14
4223,312,15
4224,312,16
4225,312,17
4226,312,18
4227,312,19
4228,312,20
4229,312,21
4230,312,22
4231,312,23
4232,313,0
4233,313,1
4234,313,2
4235,313,3
4236,313,4
4237,313,5
4238,313,6
4239,313,7
4240,313,13
4241,313,14
4242,313,15
4243,313,16
4244,313,17
4245,313,18
4246,313,19
4247,313,20
4248,313,21
4249,313,22
4250,313,23
4251,314,0
4252,314,1
4253,314,2
4254,314,3
4255,314,4
4256,314,5
4257,314,6
4258,314,13
4259,314,14
4260,314,15
4261,314,16
4262,314,17
4263,314,18
4264,314,19
4265,314,20
4266,314,21
4267,314,22
4268,314,23
4269,315,0
4270,315,1
4271,315,2
4272,315,3
4273,315,4
4274,315,5
4275,315,6
4276,315,13
4277,315,14
4278,315,15
4279,315,16
4280,315,17
4281,315,18
4282,315,19
4283,315,20
4284,315,21
4285,315,22
4286,315,23
4287,316,0
4288,316,1
4289,316,2
4290,316,3
4291,316,4
4292,316,5
4293,316,6
4294,316,7
4295,316,13
4296,316,14
4297,316,15
4298,316,16
4299,316,17
4300,316,18
4301,316,19
4302,316,20
4303,316,21
4304,316,22
4305,316,23
4306,317,0
4307,317,1
4308,317,2
4309,317,3
4310,317,4
4311,317,5
4312,317,6
4313,317,7
4314,317,13
4315,317,14
4316,317,15
4317,317,16
4318,317,17
4319,317,18
4320,317,19
4321,317,20
4322,317,21
4323,317,22
4324,317,23
4325,318,0
4326,318,1
4327,318,2
4328,318,3
4329,318,4
4330,318,5
4331,318,6
4332,318,7
4333,318,13
4334,318,14
4335,318,15
4336,318,16
4337,318,17
4338,318,18
4339,318,19
4340,318,20
4341,318,21
4342,318,22
4343,318,23
4344,319,0
4345,319,1
4346,319,2
4347,319,3
4348,319,4
4349,319,5
4350,319,6
4351,319,7
4352,319,13
4353,319,14
4354,319,15
4355,319,16
4356,319,17
4357,319,18
4358,319,19
4359,319,20
4360,319,21
4361,319,22
4362,319,23
4363,320,0
4364,320,1
4365,320,2
4366,320,3
4367,320,4
4368,320,5
4369,320,6
4370,320,7
4371,320,13
4372,320,14
4373,320,15
4374,320,16
4375,320,17
4376,320,18
4377,320,19
4378,320,20
4379,320,21
4380,320,22
4381,320,23
4382,321,0
4383,321,1
4384,321,2
4385,321,3
4386,321,4
4387,321,5
4388,321,6
4389,321,7
4390,321,13
4391,321,14
4392,321,15
4393,321,16
4394,321,17
4395,321,18
4396,321,19
4397,321,20
4398,321,21
4399,321,22
4400,321,23
4401,322,0
4402,322,1
4403,322,2
4404,322,3
4405,322,4
4406,322,5
4407,322,6
4408,322,7
4409,322,13
4410,322,14
4411,322,15
4412,322,16
4413,322,17
4414,322,18
4415,322,19
4416,322,20
4417,322,21
4418,322,22
4419,322,23
4420,323,0
4421,323,1
4422,323,2
4423,323,3
4424,323,4
4425,323,5
4426,323,6
4427,323,7
4428,323,13
4429,323,14
4430,323,15
4431,323,16
4432,323,17
4433,323,18
4434,323,19
4435,323,20
4436,323,21
4437,323,22
4438,323,23
4439,324,0
4440,324,1
4441,324,2
4442,324,3
4443,324,4
4444,324,5
4445,324,6
4446,324,7
4447,324,13
4448,324,14
4449,324,15
4450,324,16
4451,324,17
4452,324,18
4453,324,19
4454,324,20
4455,324,21
4456,324,22
4457,324,23
4458,325,0
4459,325,1
4460,325,2
4461,325,3
4462,325,4
4463,325,5
4464,325,6
4465,325,7
4466,325,13
4467,325,14
4468,325,15
4469,325,16
4470,325,17
4471,325,18
4472,325,19
4473,325,20
4474,325,21
4475,325,22
4476,325,23
4477,326,0
4478,326,1
4479,326,2
4480,326,3
4481,326,4
4482,326,5
4483,326,6
4484,326,7
4485,326,12
4486,326,13
4487,326,14
4488,326,15
4489,326,16
4490,326,17
4491,326,18
4492,326,19
4493,326,20
4494,326,21
4495,326,22
4496,326,23
4497,327,0
4498,327,1
4499,327,2
4500,327,3
4501,327,4
4502,327,5
4503,327,6
4504,327,7
4505,327,12
4506,327,13
4507,327,14
4508,327,15
4509,327,16
4510,327,17
4511,327,18
4512,327,19
4513,327,20
4514,327,21
4515,327,22
4516,327,23
4517,328,0
4518,328,1
4519,328,2
4520,328,3
4521,328,4
4522,328,5
4523,328,6
4524,328,7
4525,328,12
4526,328,13
4527,328,14
4528,328,15
4529,328,16
4530,328,17
4531,328,18
4532,328,19
4533,328,20
4534,328,21
4535,328,22
4536,328,23
4537,329,0
4538,329,1
4539,329,2
4540,329,3
4541,329,4
4542,329,5
4543,329,6
4544,329,7
4545,329,12
4546,329,13
4547,329,14
4548,329,15
4549,329,16
4550,329,17
4551,329,18
4552,329,19
4553,329,20
4554,329,21
4555,329,22
4556,329,23
4557,330,0
4558,330,1
4559,330,2
4560,330,3
4561,330,4
4562,330,5
4563,330,6
4564,330,7
4565,330,13
4566,330,14
4567,330,15
4568,330,16
4569,330,17
4570,330,18
4571,330,19
4572,330,20
4573,330,21
4574,330,22
4575,330,23
4576,331,0
4577,331,1
4578,331,2
4579,331,3
4580,331,4
4581,331,5
4582,331,6
4583,331,7
4584,331,8
4585,331,12
4586,331,13
4587,331,14
4588,331,15
4589,331,16
4590,331,17
4591,331,18
4592,331,19
4593,331,20
4594,331,21
4595,331,22
4596,331,23
4597,332,0
4598,332,1
4599,332,2
4600,332,3
4601,332,4
4602,332,5
4603,332,6
4604,332,7
4605,332,13
4606,332,14
4607,332,15
4608,332,16
4609,332,17
4610,332,18
4611,332,19
4612,332,20
4613,332,21
4614,332,22
4615,332,23
4616,333,0
4617,333,1
4618,333,2
4619,333,3
4620,333,4
4621,333,5
4622,333,6
4623,333,7
4624,333,12
4625,333,13
4626,333,14
4627,333,15
4628,333,16
4629,333,17
4630,333,18
4631,333,19
4632,333,20
4633,333,21
4634,333,22
4635,333,23
4636,334,0
4637,334,1
4638,334,2
4639,334,3
4640,334,4
4641,334,5
4642,334,6
4643,334,7
4644,334,13
4645,334,14
4646,334,15
4647,334,16
4648,334,17
4649,334,18
4650,334,19
4651,334,20
4652,334,21
4653,334,22
4654,334,23
4655,335,0
4656,335,1
4657,335,2
4658,335,3
4659,335,4
4660,335,5
4661,335,6
4662,335,7
4663,335,12
4664,335,13
4665,335,14
4666,335,15
4667,335,16
4668,335,17
4669,335,18
4670,335,19
4671,335,20
4672,335,21
4673,335,22
4674,335,23
4675,336,0
4676,336,1
4677,336,2
4678,336,3
4679,336,4
4680,336,5
4681,336,6
4682,336,7
4683,336,12
4684,336,13
4685,336,14
4686,336,15
4687,336,16
4688,336,17
4689,336,18
4690,336,19
4691,336,20
4692,336,21
4693,336,22
4694,336,23
4695,337,0
4696,337,1
4697,337,2
4698,337,3
4699,337,4
4700,337,5
4701,337,6
4702,337,7
4703,337,12
4704,337,13
4705,337,14
4706,337,15
4707,337,16
4708,337,17
4709,337,18
4710,337,19
4711,337,20
4712,337,21
4713,337,22
4714,337,23
4715,338,0
4716,338,1
4717,338,2
4718,338,3
4719,338,4
4720,338,5
4721,338,6
4722,338,7
4723,338,12
4724,338,13
4725,338,14
4726,338,15
4727,338,16
4728,338,17
4729,338,18
4730,338,19
4731,338,20
4732,338,21
4733,338,22
4734,338,23
4735,339,0
4736,339,1
4737,339,2
4738,339,3
4739,339,4
4740,339,5
4741,339,6
4742,339,7
4743,339,12
4744,339,13
4745,339,14
4746,339,15
4747,339,16
4748,339,17
4749,339,18
4750,339,19
4751,339,20
4752,339,21
4753,339,22
4754,339,23
4755,340,0
4756,340,1
4757,340,2
4758,340,3
4759,340,4
4760,340,5
4761,340,6
4762,340,7
4763,340,12
4764,340,13
4765,340,14
4766,340,15
4767,340,16
4768,340,17
4769,340,18
4770,340,19
4771,340,20
4772,340,21
4773,340,22
4774,340,23
4775,341,0
4776,341,1
4777,341,2
4778,341,3
4779,341,4
4780,341,5
4781,341,6
4782,341,7
4783,341,12
4784,341,13
4785,341,14
4786,341,15
4787,341,16
4788,341,17
4789,341,18
4790,341,19
4791,341,20
4792,341,21
4793,341,22
4794,341,23
4795,342,0
4796,342,1
4797,342,2
4798,342,3
4799,342,4
4800,342,5
4801,342,6
4802,342,7
4803,342,12
4804,342,13
4805,342,14
4806,342,15
4807,342,16
4808,342,17
4809,342,18
4810,342,19
4811,342,20
4812,342,21
4813,342,22
4814,342,23
4815,343,0
4816,343,1
4817,343,2
4818,343,3
4819,343,4
4820,343,5
4821,343,6
4822,343,7
4823,343,8
4824,343,12
4825,343,13
4826,343,14
4827,343,15
4828,343,16
4829,343,17
4830,343,18
4831,343,19
4832,343,20
4833,343,21
4834,343,22
4835,343,23
4836,344,0
4837,344,1
4838,344,2
4839,344,3
4840,344,4
4841,344,5
4842,344,6
4843,344,7
4844,344,8
4845,344,12
4846,344,13
4847,344,14
4848,344,15
4849,344,16
4850,344,17
4851,344,18
4852,344,19
4853,344,20
4854,344,21
4855,344,22
4856,344,23
4857,345,0
4858,345,1
4859,345,2
4860,345,3
4861,345,4
4862,345,5
4863,345,6
4864,345,7
4865,345,8
4866,345,12
4867,345,13
4868,345,14
4869,345,15
4870,345,16
4871,345,17
4872,345,18
4873,345,19
4874,345,20
4875,345,21
4876,345,22
4877,345,23
4878,346,0
4879,346,1
4880,346,2
4881,346,3
4882,346,4
4883,346,5
4884,346,6
4885,346,7
4886,346,8
4887,346,12
4888,346,13
4889,346,14
4890,346,15
4891,346,16
4892,346,17
4893,346,18
4894,346,19
4895,346,20
4896,346,21
4897,346,22
4898,346,23
4899,347,0
4900,347,1
4901,347,2
4902,347,3
4903,347,4
4904,347,5
4905,347,6
4906,347,7
4907,347,8
4908,347,12
4909,347,13
4910,347,14
4911,347,15
4912,347,16
4913,347,17
4914,347,18
4915,347,19
4916,347,20
4917,347,21
4918,347,22
4919,347,23
4920,348,0
4921,348,1
4922,348,2
4923,348,3
4924,348,4
4925,348,5
4926,348,6
4927,348,7
4928,348,8
4929,348,12
4930,348,13
4931,348,14
4932,348,15
4933,348,16
4934,348,17
4935,348,18
4936,348,19
4937,348,20
4938,348,21
4939,348,22
4940,348,23
4941,349,0
4942,349,1
4943,349,2
4944,349,3
4945,349,4
4946,349,5
4947,349,6
4948,349,7
4949,349,12
4950,349,13
4951,349,14
4952,349,15
4953,349,16
4954,349,17
4955,349,18
4956,349,19
4957,349,20
4958,349,21
4959,349,22
4960,349,23
4961,350,0
4962,350,1
4963,350,2
4964,350,3
4965,350,4
4966,350,5
4967,350,6
4968,350,7
4969,350,12
4970,350,13
4971,350,14
4972,350,15
4973,350,16
4974,350,17
4975,350,18
4976,350,19
4977,350,20
4978,350,21
4979,350,22
4980,350,23
4981,351,0
4982,351,1
4983,351,2
4984,351,3
4985,351,4
4986,351,5
4987,351,6
4988,351,7
4989,351,8
4990,351,12
4991,351,13
4992,351,14
4993,351,15
4994,351,16
4995,351,17
4996,351,18
4997,351,19
4998,351,20
4999,351,21
5000,351,22
5001,351,23
5002,352,0
5003,352,1
5004,352,2
5005,352,3
5006,352,4
5007,352,5
5008,352,6
5009,352,7
5010,352,8
5011,352,12
5012,352,13
5013,352,14
5014,352,15
5015,352,16
5016,352,17
5017,352,18
5018,352,19
5019,352,20
5020,352,21
5021,352,22
5022,352,23
5023,353,0
5024,353,1
5025,353,2
5026,353,3
5027,353,4
5028,353,5
5029,353,6
5030,353,7
5031,353,8
5032,353,12
5033,353,13
5034,353,14
5035,353,15
5036,353,16
5037,353,17
5038,353,18
5039,353,19
5040,353,20
5041,353,21
5042,353,22
5043,353,23
5044,354,0
5045,354,1
5046,354,2
5047,354,3
5048,354,4
5049,354,5
5050,354,6
5051,354,7
5052,354,8
5053,354,12
5054,354,13
5055,354,14
5056,354,15
5057,354,16
5058,354,17
5059,354,18
5060,354,19
5061,354,20
5062,354,21
5063,354,22
5064,354,23
5065,355,0
5066,355,1
5067,355,2
5068,355,3
5069,355,4
5070,355,5
5071,355,6
5072,355,7
5073,355,8
5074,355,12
5075,355,13
5076,355,14
5077,355,15
5078,355,16
5079,355,17
5080,355,18
5081,355,19
5082,355,20
5083,355,21
5084,355,22
5085,355,23
5086,356,0
5087,356,1
5088,356,2
5089,356,3
5090,356,4
5091,356,5
5092,356,6
5093,356,7
5094,356,8
5095,356,12
5096,356,13
5097,356,14
5098,356,15
5099,356,16
5100,356,17
5101,356,18
5102,356,19
5103,356,20
5104,356,21
5105,356,22
5106,356,23
5107,357,0
5108,357,1
5109,357,2
5110,357,3
5111,357,4
5112,357,5
5113,357,6
5114,357,7
5115,357,8
5116,357,12
5117,357,13
5118,357,14
5119,357,15
5120,357,16
5121,357,17
5122,357,18
5123,357,19
5124,357,20
5125,357,21
5126,357,22
5127,357,23
5128,358,0
5129,358,1
5130,358,2
5131,358,3
5132,358,4
5133,358,5
5134,358,6
5135,358,7
5136,358,8
5137,358,12
5138,358,13
5139,358,14
5140,358,15
5141,358,16
5142,358,17
5143,358,18
5144,358,19
5145,358,20
5146,358,21
5147,358,22
5148,358,23
5149,359,0
5150,359,1
5151,359,2
5152,359,3
5153,359,4
5154,359,5
5155,359,6
5156,359,7
5157,359,8
5158,359,12
5159,359,13
5160,359,14
5161,359,15
5162,359,16
5163,359,17
5164,359,18
5165,359,19
5166,359,20
5167,359,21
5168,359,22
5169,359,23
5170,360,0
5171,360,1
5172,360,2
5173,360,3
5174,360,4
5175,360,5
5176,360,6
5177,360,7
5178,360,8
5179,360,12
5180,360,13
5181,360,14
5182,360,15
5183,360,16
5184,360,17
5185,360,18
5186,360,19
5187,360,20
5188,360,21
5189,360,22
5190,360,23
5191,361,0
5192,361,1
5193,361,2
5194,361,3
5195,361,4
5196,361,5
5197,361,6
5198,361,7
5199,361,8
5200,361,12
5201,361,13
5202,361,14
5203,361,15
5204,361,16
5205,361,17
5206,361,18
5207,361,19
5208,361,20
5209,361,21
5210,361,22
5211,361,23
5212,362,0
5213,362,1
5214,362,2
5215,362,3
5216,362,4
5217,362,5
5218,362,6
5219,362,7
5220,362,8
5221,362,12
5222,362,13
5223,362,14
5224,362,15
5225,362,16
5226,362,17
5227,362,18
5228,362,19
5229,362,20
5230,362,21
5231,362,22
5232,362,23
5233,363,0
5234,363,1
5235,363,2
5236,363,3
5237,363,4
5238,363,5
5239,363,6
5240,363,7
5241,363,8
5242,363,12
5243,363,13
5244,363,14
5245,363,15
5246,363,16
5247,363,17
5248,363,18
5249,363,19
5250,363,20
5251,363,21
5252,363,22
5253,363,23
5254,364,0
5255,364,1
5256,364,2
5257,364,3
5258,364,4
5259,364,5
5260,364,6
5261,364,7
5262,364,8
5263,364,12
5264,364,13
5265,364,14
5266,364,15
5267,364,16
5268,364,17
5269,364,18
5270,364,19
5271,364,20
5272,364,21
5273,364,22
5274,364,23
5275,365,0
5276,365,1
5277,365,2
5278,365,3
5279,365,4
5280,365,5
5281,365,6
5282,365,7
5283,365,12
5284,365,13
5285,365,14
5286,365,15
5287,365,16
5288,365,17
5289,365,18
5290,365,19
5291,365,20
5292,365,21
5293,365,22
5294,365,23
