0 781989492444.6974
1 782004277316.9093
2 782004317510.6626
3 782004366163.7573
4 782004366448.3545
5 782004412794.165
6 782004435789.3834
7 782005028419.761
8 782005853822.7533
9 782005871914.3911
10 782006608225.1509
11 782007319099.4971
12 782008210010.22
13 782008232433.3235
14 782008246301.0679
15 782008960422.4348
16 782009693281.4093
17 782010287203.8995
18 782010331692.3569
19 782011032865.5647
20 782011056950.4062
21 782011096791.4484
22 782012119228.1747
23 782012184505.5869
24 782012195096.5677
25 782012776476.2185
26 782013451618.3842
27 782013473051.7826
28 782013489047.3655
29 782014251721.3477
30 782014819546.8538
31 782015534182.1464
32 782016380074.1193
33 782017102456.2891
34 782017228999.8342
35 782017829702.0099
36 782017850307.4381
37 782017871057.5217
38 782017877001.683
39 782017937657.9077
40 782018837022.9437
