0 781989492444.6974
1 781992450024.7233
2 781994391836.952
3 781996633974.498
4 781997244665.3073
5 781997726101.0966
6 781998934711.0216
7 781999937868.449
8 782000474545.4325
9 782001126924.6663
10 782001488569.6227
11 782002285812.3824
12 782003017307.2196
13 782003838923.2891
14 782004454490.7991
15 782005304667.2731
16 782005744366.6969
17 782006034114.5754
18 782006414937.425
19 782006600925.667
20 782007149407.6864
21 782007410587.834
22 782008233793.668
23 782008403709.3269
24 782009170501.5934
25 782009687569.65
26 782010081199.6863
27 782010277572.4578
28 782010849561.8704
29 782011233018.0331
30 782011511448.9724
31 782011821168.3723
32 782012180078.2156
33 782012470034.1975
34 782012725528.8721
35 782012935479.0188
36 782013047367.7223
37 782013607856.6641
38 782013825841.0455
39 782013974553.5648
40 782014334644.3054
