0 72.82109999999999
1 15.635
2 15.952
3 72.82109999999999
4 15.678
5 16.834300000000002
6 15.5013
7 15.5399
8 16.773799999999998
9 22.327600000000007
10 15.298599999999999
11 16.0186
12 15.320699999999999
13 15.919500000000005
14 15.218699999999998
15 15.418199999999999
16 15.4529
17 15.202500000000004
18 15.437600000000003
19 15.327199999999996
20 15.2285
21 15.210000000000003
22 15.291400000000005
23 15.041999999999996
24 15.109900000000007
25 15.057099999999997
26 15.635099999999998
27 15.579400000000001
28 15.166300000000003
29 15.145899999999994
30 15.102800000000002
31 15.125099999999998
32 15.234600000000006
33 15.306799999999996
34 15.216399999999998
35 15.215399999999997
36 15.314800000000002
37 15.438399999999998
38 15.313600000000005
39 15.270499999999998
40 15.3332
