0 3308566.6032981756
1 8427552.316842312
2 8427552.316842336
3 8427552.31684232
4 8427552.316842321
5 8427552.316842325
6 8427552.316842735
7 8593663.782622892
8 8901122.339778358
9 8901122.339778258
10 8901122.33977836
11 8953291.331828868
12 8953291.331828853
13 8953291.331829084
14 8953291.331828885
15 8953291.331829099
16 8953291.331829082
17 8979179.901302546
18 8979179.901302546
19 8974087.058085673
20 8974087.058085315
21 8974087.05808526
22 9104287.76432671
23 9104287.764326703
24 9104287.7643265
25 9104287.76432703
26 9104287.764326714
27 9104287.764326707
28 9104287.764326379
29 9104287.764326712
30 9104287.764326712
31 9100043.728312433
32 9100043.72831269
33 9100043.728312546
34 9100043.728312466
35 9100043.728312813
36 9100043.728312578
37 9100043.7283128
38 9100043.728312762
39 9100043.728312735
