0 3308566.6032981756
1 3859582.4782291995
2 4223854.373252868
3 5054103.104566936
4 5148233.9328136835
5 5407111.612410657
6 5726009.1312797535
7 6157548.554565738
8 6315494.515719863
9 6443086.980842555
10 6612359.429819329
11 6761110.913055216
12 7017359.002575858
13 7321389.959312086
14 7518660.015990103
15 7787557.934352474
16 7845271.101424083
17 7869914.1756432075
18 7963826.127462235
19 8012724.456470311
20 8115607.0004054755
21 8128178.788313104
22 8288488.9425484855
23 8308685.708781014
24 8503603.4530205
25 8643892.764034163
26 8643235.519039994
27 8652626.385951485
28 8702891.017229522
29 8710545.596026894
30 8719062.833155835
31 8719534.453670558
32 8719534.453670612
33 8740907.862986013
34 8766367.274560085
35 8766367.274560051
36 8770159.232284743
37 8823107.00635219
38 8835806.552134894
39 8835806.552134957
