0 9.718
1 5.374
2 0.0
3 2.1487000000000003
4 1.5119
5 2.6931
6 1.4978
7 1.9096
8 2.7987
9 8.179999999999998
10 1.3567000000000002
11 2.0811
12 1.267
13 1.8687999999999998
14 1.3814999999999997
15 1.2967
16 1.4056
17 1.1041999999999998
18 1.4138
19 1.1796
20 1.0973000000000002
21 1.0994000000000002
22 1.1613
23 1.0046
24 1.0341
25 0.9593
26 1.5221
27 1.4567999999999999
28 1.0554999999999999
29 1.0653000000000001
30 1.0284999999999997
31 1.0182
32 1.1141999999999999
33 1.2092
34 1.1063999999999998
35 1.1651
36 1.2363
37 1.326
38 1.3058999999999998
39 1.1944000000000001
40 1.2423
