,day,hour
0,1,0
1,1,1
2,1,2
3,1,3
4,1,4
5,1,5
6,1,6
7,1,15
8,1,16
9,1,17
10,1,18
11,1,19
12,1,20
13,1,21
14,1,22
15,1,23
16,2,0
17,2,1
18,2,2
19,2,3
20,2,4
21,2,5
22,2,6
23,2,15
24,2,16
25,2,17
26,2,18
27,2,19
28,2,20
29,2,21
30,2,22
31,2,23
32,3,0
33,3,1
34,3,2
35,3,3
36,3,4
37,3,5
38,3,6
39,3,15
40,3,16
41,3,17
42,3,18
43,3,19
44,3,20
45,3,21
46,3,22
47,3,23
48,4,0
49,4,1
50,4,2
51,4,3
52,4,4
53,4,5
54,4,6
55,4,15
56,4,16
57,4,17
58,4,18
59,4,19
60,4,20
61,4,21
62,4,22
63,4,23
64,5,0
65,5,1
66,5,2
67,5,3
68,5,4
69,5,5
70,5,6
71,5,15
72,5,16
73,5,17
74,5,18
75,5,19
76,5,20
77,5,21
78,5,22
79,5,23
80,6,0
81,6,1
82,6,2
83,6,3
84,6,4
85,6,5
86,6,6
87,6,15
88,6,16
89,6,17
90,6,18
91,6,19
92,6,20
93,6,21
94,6,22
95,6,23
96,7,0
97,7,1
98,7,2
99,7,3
100,7,4
101,7,5
102,7,6
103,7,15
104,7,16
105,7,17
106,7,18
107,7,19
108,7,20
109,7,21
110,7,22
111,7,23
112,8,0
113,8,1
114,8,2
115,8,3
116,8,4
117,8,5
118,8,6
119,8,15
120,8,16
121,8,17
122,8,18
123,8,19
124,8,20
125,8,21
126,8,22
127,8,23
128,9,0
129,9,1
130,9,2
131,9,3
132,9,4
133,9,5
134,9,6
135,9,15
136,9,16
137,9,17
138,9,18
139,9,19
140,9,20
141,9,21
142,9,22
143,9,23
144,10,0
145,10,1
146,10,2
147,10,3
148,10,4
149,10,5
150,10,6
151,10,15
152,10,16
153,10,17
154,10,18
155,10,19
156,10,20
157,10,21
158,10,22
159,10,23
160,11,0
161,11,1
162,11,2
163,11,3
164,11,4
165,11,5
166,11,6
167,11,15
168,11,16
169,11,17
170,11,18
171,11,19
172,11,20
173,11,21
174,11,22
175,11,23
176,12,0
177,12,1
178,12,2
179,12,3
180,12,4
181,12,5
182,12,6
183,12,15
184,12,16
185,12,17
186,12,18
187,12,19
188,12,20
189,12,21
190,12,22
191,12,23
192,13,0
193,13,1
194,13,2
195,13,3
196,13,4
197,13,5
198,13,6
199,13,15
200,13,16
201,13,17
202,13,18
203,13,19
204,13,20
205,13,21
206,13,22
207,13,23
208,14,0
209,14,1
210,14,2
211,14,3
212,14,4
213,14,5
214,14,6
215,14,15
216,14,16
217,14,17
218,14,18
219,14,19
220,14,20
221,14,21
222,14,22
223,14,23
224,15,0
225,15,1
226,15,2
227,15,3
228,15,4
229,15,5
230,15,6
231,15,15
232,15,16
233,15,17
234,15,18
235,15,19
236,15,20
237,15,21
238,15,22
239,15,23
240,16,0
241,16,1
242,16,2
243,16,3
244,16,4
245,16,5
246,16,6
247,16,15
248,16,16
249,16,17
250,16,18
251,16,19
252,16,20
253,16,21
254,16,22
255,16,23
256,17,0
257,17,1
258,17,2
259,17,3
260,17,4
261,17,5
262,17,6
263,17,15
264,17,16
265,17,17
266,17,18
267,17,19
268,17,20
269,17,21
270,17,22
271,17,23
272,18,0
273,18,1
274,18,2
275,18,3
276,18,4
277,18,5
278,18,6
279,18,15
280,18,16
281,18,17
282,18,18
283,18,19
284,18,20
285,18,21
286,18,22
287,18,23
288,19,0
289,19,1
290,19,2
291,19,3
292,19,4
293,19,5
294,19,6
295,19,15
296,19,16
297,19,17
298,19,18
299,19,19
300,19,20
301,19,21
302,19,22
303,19,23
304,20,0
305,20,1
306,20,2
307,20,3
308,20,4
309,20,5
310,20,6
311,20,15
312,20,16
313,20,17
314,20,18
315,20,19
316,20,20
317,20,21
318,20,22
319,20,23
320,21,0
321,21,1
322,21,2
323,21,3
324,21,4
325,21,5
326,21,6
327,21,15
328,21,16
329,21,17
330,21,18
331,21,19
332,21,20
333,21,21
334,21,22
335,21,23
336,22,0
337,22,1
338,22,2
339,22,3
340,22,4
341,22,5
342,22,6
343,22,15
344,22,16
345,22,17
346,22,18
347,22,19
348,22,20
349,22,21
350,22,22
351,22,23
352,23,0
353,23,1
354,23,2
355,23,3
356,23,4
357,23,5
358,23,6
359,23,15
360,23,16
361,23,17
362,23,18
363,23,19
364,23,20
365,23,21
366,23,22
367,23,23
368,24,0
369,24,1
370,24,2
371,24,3
372,24,4
373,24,5
374,24,6
375,24,15
376,24,16
377,24,17
378,24,18
379,24,19
380,24,20
381,24,21
382,24,22
383,24,23
384,25,0
385,25,1
386,25,2
387,25,3
388,25,4
389,25,5
390,25,6
391,25,15
392,25,16
393,25,17
394,25,18
395,25,19
396,25,20
397,25,21
398,25,22
399,25,23
400,26,0
401,26,1
402,26,2
403,26,3
404,26,4
405,26,5
406,26,6
407,26,15
408,26,16
409,26,17
410,26,18
411,26,19
412,26,20
413,26,21
414,26,22
415,26,23
416,27,0
417,27,1
418,27,2
419,27,3
420,27,4
421,27,5
422,27,6
423,27,15
424,27,16
425,27,17
426,27,18
427,27,19
428,27,20
429,27,21
430,27,22
431,27,23
432,28,0
433,28,1
434,28,2
435,28,3
436,28,4
437,28,5
438,28,6
439,28,15
440,28,16
441,28,17
442,28,18
443,28,19
444,28,20
445,28,21
446,28,22
447,28,23
448,29,0
449,29,1
450,29,2
451,29,3
452,29,4
453,29,5
454,29,6
455,29,15
456,29,16
457,29,17
458,29,18
459,29,19
460,29,20
461,29,21
462,29,22
463,29,23
464,30,0
465,30,1
466,30,2
467,30,3
468,30,4
469,30,5
470,30,6
471,30,15
472,30,16
473,30,17
474,30,18
475,30,19
476,30,20
477,30,21
478,30,22
479,30,23
480,31,0
481,31,1
482,31,2
483,31,3
484,31,4
485,31,5
486,31,15
487,31,16
488,31,17
489,31,18
490,31,19
491,31,20
492,31,21
493,31,22
494,31,23
495,32,0
496,32,1
497,32,2
498,32,3
499,32,4
500,32,5
501,32,15
502,32,16
503,32,17
504,32,18
505,32,19
506,32,20
507,32,21
508,32,22
509,32,23
510,33,0
511,33,1
512,33,2
513,33,3
514,33,4
515,33,5
516,33,15
517,33,16
518,33,17
519,33,18
520,33,19
521,33,20
522,33,21
523,33,22
524,33,23
525,34,0
526,34,1
527,34,2
528,34,3
529,34,4
530,34,5
531,34,15
532,34,16
533,34,17
534,34,18
535,34,19
536,34,20
537,34,21
538,34,22
539,34,23
540,35,0
541,35,1
542,35,2
543,35,3
544,35,4
545,35,5
546,35,15
547,35,16
548,35,17
549,35,18
550,35,19
551,35,20
552,35,21
553,35,22
554,35,23
555,36,0
556,36,1
557,36,2
558,36,3
559,36,4
560,36,5
561,36,15
562,36,16
563,36,17
564,36,18
565,36,19
566,36,20
567,36,21
568,36,22
569,36,23
570,37,0
571,37,1
572,37,2
573,37,3
574,37,4
575,37,5
576,37,15
577,37,16
578,37,17
579,37,18
580,37,19
581,37,20
582,37,21
583,37,22
584,37,23
585,38,0
586,38,1
587,38,2
588,38,3
589,38,4
590,38,5
591,38,15
592,38,16
593,38,17
594,38,18
595,38,19
596,38,20
597,38,21
598,38,22
599,38,23
600,39,0
601,39,1
602,39,2
603,39,3
604,39,4
605,39,5
606,39,15
607,39,16
608,39,17
609,39,18
610,39,19
611,39,20
612,39,21
613,39,22
614,39,23
615,40,0
616,40,1
617,40,2
618,40,3
619,40,4
620,40,5
621,40,15
622,40,16
623,40,17
624,40,18
625,40,19
626,40,20
627,40,21
628,40,22
629,40,23
630,41,0
631,41,1
632,41,2
633,41,3
634,41,4
635,41,5
636,41,15
637,41,16
638,41,17
639,41,18
640,41,19
641,41,20
642,41,21
643,41,22
644,41,23
645,42,0
646,42,1
647,42,2
648,42,3
649,42,4
650,42,5
651,42,15
652,42,16
653,42,17
654,42,18
655,42,19
656,42,20
657,42,21
658,42,22
659,42,23
660,43,0
661,43,1
662,43,2
663,43,3
664,43,4
665,43,5
666,43,15
667,43,16
668,43,17
669,43,18
670,43,19
671,43,20
672,43,21
673,43,22
674,43,23
675,44,0
676,44,1
677,44,2
678,44,3
679,44,4
680,44,5
681,44,15
682,44,16
683,44,17
684,44,18
685,44,19
686,44,20
687,44,21
688,44,22
689,44,23
690,45,0
691,45,1
692,45,2
693,45,3
694,45,4
695,45,5
696,45,15
697,45,16
698,45,17
699,45,18
700,45,19
701,45,20
702,45,21
703,45,22
704,45,23
705,46,0
706,46,1
707,46,2
708,46,3
709,46,4
710,46,5
711,46,15
712,46,16
713,46,17
714,46,18
715,46,19
716,46,20
717,46,21
718,46,22
719,46,23
720,47,0
721,47,1
722,47,2
723,47,3
724,47,4
725,47,5
726,47,15
727,47,16
728,47,17
729,47,18
730,47,19
731,47,20
732,47,21
733,47,22
734,47,23
735,48,0
736,48,1
737,48,2
738,48,3
739,48,4
740,48,5
741,48,15
742,48,16
743,48,17
744,48,18
745,48,19
746,48,20
747,48,21
748,48,22
749,48,23
750,49,0
751,49,1
752,49,2
753,49,3
754,49,4
755,49,5
756,49,15
757,49,16
758,49,17
759,49,18
760,49,19
761,49,20
762,49,21
763,49,22
764,49,23
765,50,0
766,50,1
767,50,2
768,50,3
769,50,4
770,50,5
771,50,15
772,50,16
773,50,17
774,50,18
775,50,19
776,50,20
777,50,21
778,50,22
779,50,23
780,51,0
781,51,1
782,51,2
783,51,3
784,51,4
785,51,5
786,51,15
787,51,16
788,51,17
789,51,18
790,51,19
791,51,20
792,51,21
793,51,22
794,51,23
795,52,0
796,52,1
797,52,2
798,52,3
799,52,4
800,52,5
801,52,15
802,52,16
803,52,17
804,52,18
805,52,19
806,52,20
807,52,21
808,52,22
809,52,23
810,53,0
811,53,1
812,53,2
813,53,3
814,53,4
815,53,5
816,53,15
817,53,16
818,53,17
819,53,18
820,53,19
821,53,20
822,53,21
823,53,22
824,53,23
825,54,0
826,54,1
827,54,2
828,54,3
829,54,4
830,54,5
831,54,15
832,54,16
833,54,17
834,54,18
835,54,19
836,54,20
837,54,21
838,54,22
839,54,23
840,55,0
841,55,1
842,55,2
843,55,3
844,55,4
845,55,5
846,55,16
847,55,17
848,55,18
849,55,19
850,55,20
851,55,21
852,55,22
853,55,23
854,56,0
855,56,1
856,56,2
857,56,3
858,56,4
859,56,5
860,56,16
861,56,17
862,56,18
863,56,19
864,56,20
865,56,21
866,56,22
867,56,23
868,57,0
869,57,1
870,57,2
871,57,3
872,57,4
873,57,5
874,57,16
875,57,17
876,57,18
877,57,19
878,57,20
879,57,21
880,57,22
881,57,23
882,58,0
883,58,1
884,58,2
885,58,3
886,58,4
887,58,5
888,58,16
889,58,17
890,58,18
891,58,19
892,58,20
893,58,21
894,58,22
895,58,23
896,59,0
897,59,1
898,59,2
899,59,3
900,59,4
901,59,5
902,59,16
903,59,17
904,59,18
905,59,19
906,59,20
907,59,21
908,59,22
909,59,23
910,60,0
911,60,1
912,60,2
913,60,3
914,60,4
915,60,5
916,60,16
917,60,17
918,60,18
919,60,19
920,60,20
921,60,21
922,60,22
923,60,23
924,61,0
925,61,1
926,61,2
927,61,3
928,61,4
929,61,5
930,61,15
931,61,16
932,61,17
933,61,18
934,61,19
935,61,20
936,61,21
937,61,22
938,61,23
939,62,0
940,62,1
941,62,2
942,62,3
943,62,4
944,62,5
945,62,16
946,62,17
947,62,18
948,62,19
949,62,20
950,62,21
951,62,22
952,62,23
953,63,0
954,63,1
955,63,2
956,63,3
957,63,4
958,63,5
959,63,16
960,63,17
961,63,18
962,63,19
963,63,20
964,63,21
965,63,22
966,63,23
967,64,0
968,64,1
969,64,2
970,64,3
971,64,4
972,64,5
973,64,16
974,64,17
975,64,18
976,64,19
977,64,20
978,64,21
979,64,22
980,64,23
981,65,0
982,65,1
983,65,2
984,65,3
985,65,4
986,65,5
987,65,16
988,65,17
989,65,18
990,65,19
991,65,20
992,65,21
993,65,22
994,65,23
995,66,0
996,66,1
997,66,2
998,66,3
999,66,4
1000,66,5
1001,66,16
1002,66,17
1003,66,18
1004,66,19
1005,66,20
1006,66,21
1007,66,22
1008,66,23
1009,67,0
1010,67,1
1011,67,2
1012,67,3
1013,67,4
1014,67,5
1015,67,16
1016,67,17
1017,67,18
1018,67,19
1019,67,20
1020,67,21
1021,67,22
1022,67,23
1023,68,0
1024,68,1
1025,68,2
1026,68,3
1027,68,4
1028,68,5
1029,68,16
1030,68,17
1031,68,18
1032,68,19
1033,68,20
1034,68,21
1035,68,22
1036,68,23
1037,69,0
1038,69,1
1039,69,2
1040,69,3
1041,69,4
1042,69,5
1043,69,16
1044,69,17
1045,69,18
1046,69,19
1047,69,20
1048,69,21
1049,69,22
1050,69,23
1051,70,0
1052,70,1
1053,70,2
1054,70,3
1055,70,4
1056,70,5
1057,70,16
1058,70,17
1059,70,18
1060,70,19
1061,70,20
1062,70,21
1063,70,22
1064,70,23
1065,71,0
1066,71,1
1067,71,2
1068,71,3
1069,71,4
1070,71,5
1071,71,16
1072,71,17
1073,71,18
1074,71,19
1075,71,20
1076,71,21
1077,71,22
1078,71,23
1079,72,0
1080,72,1
1081,72,2
1082,72,3
1083,72,4
1084,72,5
1085,72,16
1086,72,17
1087,72,18
1088,72,19
1089,72,20
1090,72,21
1091,72,22
1092,72,23
1093,73,0
1094,73,1
1095,73,2
1096,73,3
1097,73,4
1098,73,5
1099,73,16
1100,73,17
1101,73,18
1102,73,19
1103,73,20
1104,73,21
1105,73,22
1106,73,23
1107,74,0
1108,74,1
1109,74,2
1110,74,3
1111,74,4
1112,74,5
1113,74,16
1114,74,17
1115,74,18
1116,74,19
1117,74,20
1118,74,21
1119,74,22
1120,74,23
1121,75,0
1122,75,1
1123,75,2
1124,75,3
1125,75,4
1126,75,5
1127,75,16
1128,75,17
1129,75,18
1130,75,19
1131,75,20
1132,75,21
1133,75,22
1134,75,23
1135,76,0
1136,76,1
1137,76,2
1138,76,3
1139,76,4
1140,76,5
1141,76,16
1142,76,17
1143,76,18
1144,76,19
1145,76,20
1146,76,21
1147,76,22
1148,76,23
1149,77,0
1150,77,1
1151,77,2
1152,77,3
1153,77,4
1154,77,16
1155,77,17
1156,77,18
1157,77,19
1158,77,20
1159,77,21
1160,77,22
1161,77,23
1162,78,0
1163,78,1
1164,78,2
1165,78,3
1166,78,4
1167,78,16
1168,78,17
1169,78,18
1170,78,19
1171,78,20
1172,78,21
1173,78,22
1174,78,23
1175,79,0
1176,79,1
1177,79,2
1178,79,3
1179,79,4
1180,79,16
1181,79,17
1182,79,18
1183,79,19
1184,79,20
1185,79,21
1186,79,22
1187,79,23
1188,80,0
1189,80,1
1190,80,2
1191,80,3
1192,80,4
1193,80,16
1194,80,17
1195,80,18
1196,80,19
1197,80,20
1198,80,21
1199,80,22
1200,80,23
1201,81,0
1202,81,1
1203,81,2
1204,81,3
1205,81,4
1206,81,16
1207,81,17
1208,81,18
1209,81,19
1210,81,20
1211,81,21
1212,81,22
1213,81,23
1214,82,0
1215,82,1
1216,82,2
1217,82,3
1218,82,4
1219,82,16
1220,82,17
1221,82,18
1222,82,19
1223,82,20
1224,82,21
1225,82,22
1226,82,23
1227,83,0
1228,83,1
1229,83,2
1230,83,3
1231,83,4
1232,83,16
1233,83,17
1234,83,18
1235,83,19
1236,83,20
1237,83,21
1238,83,22
1239,83,23
1240,84,0
1241,84,1
1242,84,2
1243,84,3
1244,84,4
1245,84,16
1246,84,17
1247,84,18
1248,84,19
1249,84,20
1250,84,21
1251,84,22
1252,84,23
1253,85,0
1254,85,1
1255,85,2
1256,85,3
1257,85,4
1258,85,5
1259,85,16
1260,85,17
1261,85,18
1262,85,19
1263,85,20
1264,85,21
1265,85,22
1266,85,23
1267,86,0
1268,86,1
1269,86,2
1270,86,3
1271,86,4
1272,86,16
1273,86,17
1274,86,18
1275,86,19
1276,86,20
1277,86,21
1278,86,22
1279,86,23
1280,87,0
1281,87,1
1282,87,2
1283,87,3
1284,87,4
1285,87,16
1286,87,17
1287,87,18
1288,87,19
1289,87,20
1290,87,21
1291,87,22
1292,87,23
1293,88,0
1294,88,1
1295,88,2
1296,88,3
1297,88,4
1298,88,16
1299,88,17
1300,88,18
1301,88,19
1302,88,20
1303,88,21
1304,88,22
1305,88,23
1306,89,0
1307,89,1
1308,89,2
1309,89,3
1310,89,4
1311,89,16
1312,89,17
1313,89,18
1314,89,19
1315,89,20
1316,89,21
1317,89,22
1318,89,23
1319,90,0
1320,90,1
1321,90,2
1322,90,3
1323,90,4
1324,90,16
1325,90,17
1326,90,18
1327,90,19
1328,90,20
1329,90,21
1330,90,22
1331,90,23
1332,91,0
1333,91,1
1334,91,2
1335,91,3
1336,91,4
1337,91,16
1338,91,17
1339,91,18
1340,91,19
1341,91,20
1342,91,21
1343,91,22
1344,91,23
1345,92,0
1346,92,1
1347,92,2
1348,92,3
1349,92,4
1350,92,16
1351,92,17
1352,92,18
1353,92,19
1354,92,20
1355,92,21
1356,92,22
1357,92,23
1358,93,0
1359,93,1
1360,93,2
1361,93,3
1362,93,4
1363,93,16
1364,93,17
1365,93,18
1366,93,19
1367,93,20
1368,93,21
1369,93,22
1370,93,23
1371,94,0
1372,94,1
1373,94,2
1374,94,3
1375,94,4
1376,94,16
1377,94,17
1378,94,18
1379,94,19
1380,94,20
1381,94,21
1382,94,22
1383,94,23
1384,95,0
1385,95,1
1386,95,2
1387,95,3
1388,95,4
1389,95,16
1390,95,17
1391,95,18
1392,95,19
1393,95,20
1394,95,21
1395,95,22
1396,95,23
1397,96,0
1398,96,1
1399,96,2
1400,96,3
1401,96,4
1402,96,16
1403,96,17
1404,96,18
1405,96,19
1406,96,20
1407,96,21
1408,96,22
1409,96,23
1410,97,0
1411,97,1
1412,97,2
1413,97,3
1414,97,4
1415,97,16
1416,97,17
1417,97,18
1418,97,19
1419,97,20
1420,97,21
1421,97,22
1422,97,23
1423,98,0
1424,98,1
1425,98,2
1426,98,3
1427,98,4
1428,98,16
1429,98,17
1430,98,18
1431,98,19
1432,98,20
1433,98,21
1434,98,22
1435,98,23
1436,99,0
1437,99,1
1438,99,2
1439,99,3
1440,99,4
1441,99,16
1442,99,17
1443,99,18
1444,99,19
1445,99,20
1446,99,21
1447,99,22
1448,99,23
1449,100,0
1450,100,1
1451,100,2
1452,100,3
1453,100,4
1454,100,16
1455,100,17
1456,100,18
1457,100,19
1458,100,20
1459,100,21
1460,100,22
1461,100,23
1462,101,0
1463,101,1
1464,101,2
1465,101,3
1466,101,4
1467,101,16
1468,101,17
1469,101,18
1470,101,19
1471,101,20
1472,101,21
1473,101,22
1474,101,23
1475,102,0
1476,102,1
1477,102,2
1478,102,3
1479,102,4
1480,102,16
1481,102,17
1482,102,18
1483,102,19
1484,102,20
1485,102,21
1486,102,22
1487,102,23
1488,103,0
1489,103,1
1490,103,2
1491,103,3
1492,103,4
1493,103,16
1494,103,17
1495,103,18
1496,103,19
1497,103,20
1498,103,21
1499,103,22
1500,103,23
1501,104,0
1502,104,1
1503,104,2
1504,104,3
1505,104,4
1506,104,17
1507,104,18
1508,104,19
1509,104,20
1510,104,21
1511,104,22
1512,104,23
1513,105,0
1514,105,1
1515,105,2
1516,105,3
1517,105,4
1518,105,17
1519,105,18
1520,105,19
1521,105,20
1522,105,21
1523,105,22
1524,105,23
1525,106,0
1526,106,1
1527,106,2
1528,106,3
1529,106,4
1530,106,17
1531,106,18
1532,106,19
1533,106,20
1534,106,21
1535,106,22
1536,106,23
1537,107,0
1538,107,1
1539,107,2
1540,107,3
1541,107,4
1542,107,17
1543,107,18
1544,107,19
1545,107,20
1546,107,21
1547,107,22
1548,107,23
1549,108,0
1550,108,1
1551,108,2
1552,108,3
1553,108,4
1554,108,17
1555,108,18
1556,108,19
1557,108,20
1558,108,21
1559,108,22
1560,108,23
1561,109,0
1562,109,1
1563,109,2
1564,109,3
1565,109,4
1566,109,17
1567,109,18
1568,109,19
1569,109,20
1570,109,21
1571,109,22
1572,109,23
1573,110,0
1574,110,1
1575,110,2
1576,110,3
1577,110,4
1578,110,17
1579,110,18
1580,110,19
1581,110,20
1582,110,21
1583,110,22
1584,110,23
1585,111,0
1586,111,1
1587,111,2
1588,111,3
1589,111,4
1590,111,17
1591,111,18
1592,111,19
1593,111,20
1594,111,21
1595,111,22
1596,111,23
1597,112,0
1598,112,1
1599,112,2
1600,112,3
1601,112,4
1602,112,17
1603,112,18
1604,112,19
1605,112,20
1606,112,21
1607,112,22
1608,112,23
1609,113,0
1610,113,1
1611,113,2
1612,113,3
1613,113,4
1614,113,17
1615,113,18
1616,113,19
1617,113,20
1618,113,21
1619,113,22
1620,113,23
1621,114,0
1622,114,1
1623,114,2
1624,114,3
1625,114,4
1626,114,17
1627,114,18
1628,114,19
1629,114,20
1630,114,21
1631,114,22
1632,114,23
1633,115,0
1634,115,1
1635,115,2
1636,115,3
1637,115,4
1638,115,17
1639,115,18
1640,115,19
1641,115,20
1642,115,21
1643,115,22
1644,115,23
1645,116,0
1646,116,1
1647,116,2
1648,116,3
1649,116,4
1650,116,17
1651,116,18
1652,116,19
1653,116,20
1654,116,21
1655,116,22
1656,116,23
1657,117,0
1658,117,1
1659,117,2
1660,117,3
1661,117,4
1662,117,17
1663,117,18
1664,117,19
1665,117,20
1666,117,21
1667,117,22
1668,117,23
1669,118,0
1670,118,1
1671,118,2
1672,118,3
1673,118,4
1674,118,17
1675,118,18
1676,118,19
1677,118,20
1678,118,21
1679,118,22
1680,118,23
1681,119,0
1682,119,1
1683,119,2
1684,119,3
1685,119,4
1686,119,17
1687,119,18
1688,119,19
1689,119,20
1690,119,21
1691,119,22
1692,119,23
1693,120,0
1694,120,1
1695,120,2
1696,120,3
1697,120,4
1698,120,17
1699,120,18
1700,120,19
1701,120,20
1702,120,21
1703,120,22
1704,120,23
1705,121,0
1706,121,1
1707,121,2
1708,121,3
1709,121,4
1710,121,17
1711,121,18
1712,121,19
1713,121,20
1714,121,21
1715,121,22
1716,121,23
1717,122,0
1718,122,1
1719,122,2
1720,122,3
1721,122,4
1722,122,17
1723,122,18
1724,122,19
1725,122,20
1726,122,21
1727,122,22
1728,122,23
1729,123,0
1730,123,1
1731,123,2
1732,123,3
1733,123,4
1734,123,17
1735,123,18
1736,123,19
1737,123,20
1738,123,21
1739,123,22
1740,123,23
1741,124,0
1742,124,1
1743,124,2
1744,124,3
1745,124,4
1746,124,17
1747,124,18
1748,124,19
1749,124,20
1750,124,21
1751,124,22
1752,124,23
1753,125,0
1754,125,1
1755,125,2
1756,125,3
1757,125,4
1758,125,17
1759,125,18
1760,125,19
1761,125,20
1762,125,21
1763,125,22
1764,125,23
1765,126,0
1766,126,1
1767,126,2
1768,126,3
1769,126,4
1770,126,17
1771,126,18
1772,126,19
1773,126,20
1774,126,21
1775,126,22
1776,126,23
1777,127,0
1778,127,1
1779,127,2
1780,127,3
1781,127,4
1782,127,17
1783,127,18
1784,127,19
1785,127,20
1786,127,21
1787,127,22
1788,127,23
1789,128,0
1790,128,1
1791,128,2
1792,128,3
1793,128,4
1794,128,17
1795,128,18
1796,128,19
1797,128,20
1798,128,21
1799,128,22
1800,128,23
1801,129,0
1802,129,1
1803,129,2
1804,129,3
1805,129,4
1806,129,17
1807,129,18
1808,129,19
1809,129,20
1810,129,21
1811,129,22
1812,129,23
1813,130,0
1814,130,1
1815,130,2
1816,130,3
1817,130,4
1818,130,17
1819,130,18
1820,130,19
1821,130,20
1822,130,21
1823,130,22
1824,130,23
1825,131,0
1826,131,1
1827,131,2
1828,131,3
1829,131,4
1830,131,17
1831,131,18
1832,131,19
1833,131,20
1834,131,21
1835,131,22
1836,131,23
1837,132,0
1838,132,1
1839,132,2
1840,132,3
1841,132,4
1842,132,17
1843,132,18
1844,132,19
1845,132,20
1846,132,21
1847,132,22
1848,132,23
1849,133,0
1850,133,1
1851,133,2
1852,133,3
1853,133,4
1854,133,17
1855,133,18
1856,133,19
1857,133,20
1858,133,21
1859,133,22
1860,133,23
1861,134,0
1862,134,1
1863,134,2
1864,134,3
1865,134,4
1866,134,17
1867,134,18
1868,134,19
1869,134,20
1870,134,21
1871,134,22
1872,134,23
1873,135,0
1874,135,1
1875,135,2
1876,135,3
1877,135,4
1878,135,17
1879,135,18
1880,135,19
1881,135,20
1882,135,21
1883,135,22
1884,135,23
1885,136,0
1886,136,1
1887,136,2
1888,136,3
1889,136,4
1890,136,17
1891,136,18
1892,136,19
1893,136,20
1894,136,21
1895,136,22
1896,136,23
1897,137,0
1898,137,1
1899,137,2
1900,137,3
1901,137,4
1902,137,17
1903,137,18
1904,137,19
1905,137,20
1906,137,21
1907,137,22
1908,137,23
1909,138,0
1910,138,1
1911,138,2
1912,138,3
1913,138,17
1914,138,18
1915,138,19
1916,138,20
1917,138,21
1918,138,22
1919,138,23
1920,139,0
1921,139,1
1922,139,2
1923,139,3
1924,139,17
1925,139,18
1926,139,19
1927,139,20
1928,139,21
1929,139,22
1930,139,23
1931,140,0
1932,140,1
1933,140,2
1934,140,3
1935,140,17
1936,140,18
1937,140,19
1938,140,20
1939,140,21
1940,140,22
1941,140,23
1942,141,0
1943,141,1
1944,141,2
1945,141,3
1946,141,4
1947,141,17
1948,141,18
1949,141,19
1950,141,20
1951,141,21
1952,141,22
1953,141,23
1954,142,0
1955,142,1
1956,142,2
1957,142,3
1958,142,17
1959,142,18
1960,142,19
1961,142,20
1962,142,21
1963,142,22
1964,142,23
1965,143,0
1966,143,1
1967,143,2
1968,143,3
1969,143,17
1970,143,18
1971,143,19
1972,143,20
1973,143,21
1974,143,22
1975,143,23
1976,144,0
1977,144,1
1978,144,2
1979,144,3
1980,144,17
1981,144,18
1982,144,19
1983,144,20
1984,144,21
1985,144,22
1986,144,23
1987,145,0
1988,145,1
1989,145,2
1990,145,3
1991,145,17
1992,145,18
1993,145,19
1994,145,20
1995,145,21
1996,145,22
1997,145,23
1998,146,0
1999,146,1
2000,146,2
2001,146,3
2002,146,17
2003,146,18
2004,146,19
2005,146,20
2006,146,21
2007,146,22
2008,146,23
2009,147,0
2010,147,1
2011,147,2
2012,147,3
2013,147,17
2014,147,18
2015,147,19
2016,147,20
2017,147,21
2018,147,22
2019,147,23
2020,148,0
2021,148,1
2022,148,2
2023,148,3
2024,148,17
2025,148,18
2026,148,19
2027,148,20
2028,148,21
2029,148,22
2030,148,23
2031,149,0
2032,149,1
2033,149,2
2034,149,3
2035,149,17
2036,149,18
2037,149,19
2038,149,20
2039,149,21
2040,149,22
2041,149,23
2042,150,0
2043,150,1
2044,150,2
2045,150,3
2046,150,17
2047,150,18
2048,150,19
2049,150,20
2050,150,21
2051,150,22
2052,150,23
2053,151,0
2054,151,1
2055,151,2
2056,151,3
2057,151,17
2058,151,18
2059,151,19
2060,151,20
2061,151,21
2062,151,22
2063,151,23
2064,152,0
2065,152,1
2066,152,2
2067,152,3
2068,152,17
2069,152,18
2070,152,19
2071,152,20
2072,152,21
2073,152,22
2074,152,23
2075,153,0
2076,153,1
2077,153,2
2078,153,3
2079,153,17
2080,153,18
2081,153,19
2082,153,20
2083,153,21
2084,153,22
2085,153,23
2086,154,0
2087,154,1
2088,154,2
2089,154,3
2090,154,17
2091,154,18
2092,154,19
2093,154,20
2094,154,21
2095,154,22
2096,154,23
2097,155,0
2098,155,1
2099,155,2
2100,155,3
2101,155,17
2102,155,18
2103,155,19
2104,155,20
2105,155,21
2106,155,22
2107,155,23
2108,156,0
2109,156,1
2110,156,2
2111,156,3
2112,156,17
2113,156,18
2114,156,19
2115,156,20
2116,156,21
2117,156,22
2118,156,23
2119,157,0
2120,157,1
2121,157,2
2122,157,3
2123,157,17
2124,157,18
2125,157,19
2126,157,20
2127,157,21
2128,157,22
2129,157,23
2130,158,0
2131,158,1
2132,158,2
2133,158,3
2134,158,17
2135,158,18
2136,158,19
2137,158,20
2138,158,21
2139,158,22
2140,158,23
2141,159,0
2142,159,1
2143,159,2
2144,159,3
2145,159,17
2146,159,18
2147,159,19
2148,159,20
2149,159,21
2150,159,22
2151,159,23
2152,160,0
2153,160,1
2154,160,2
2155,160,3
2156,160,17
2157,160,18
2158,160,19
2159,160,20
2160,160,21
2161,160,22
2162,160,23
2163,161,0
2164,161,1
2165,161,2
2166,161,3
2167,161,17
2168,161,18
2169,161,19
2170,161,20
2171,161,21
2172,161,22
2173,161,23
2174,162,0
2175,162,1
2176,162,2
2177,162,3
2178,162,17
2179,162,18
2180,162,19
2181,162,20
2182,162,21
2183,162,22
2184,162,23
2185,163,0
2186,163,1
2187,163,2
2188,163,3
2189,163,17
2190,163,18
2191,163,19
2192,163,20
2193,163,21
2194,163,22
2195,163,23
2196,164,0
2197,164,1
2198,164,2
2199,164,3
2200,164,17
2201,164,18
2202,164,19
2203,164,20
2204,164,21
2205,164,22
2206,164,23
2207,165,0
2208,165,1
2209,165,2
2210,165,3
2211,165,17
2212,165,18
2213,165,19
2214,165,20
2215,165,21
2216,165,22
2217,165,23
2218,166,0
2219,166,1
2220,166,2
2221,166,3
2222,166,17
2223,166,18
2224,166,19
2225,166,20
2226,166,21
2227,166,22
2228,166,23
2229,167,0
2230,167,1
2231,167,2
2232,167,3
2233,167,17
2234,167,18
2235,167,19
2236,167,20
2237,167,21
2238,167,22
2239,167,23
2240,168,0
2241,168,1
2242,168,2
2243,168,3
2244,168,17
2245,168,18
2246,168,19
2247,168,20
2248,168,21
2249,168,22
2250,168,23
2251,169,0
2252,169,1
2253,169,2
2254,169,3
2255,169,17
2256,169,18
2257,169,19
2258,169,20
2259,169,21
2260,169,22
2261,169,23
2262,170,0
2263,170,1
2264,170,2
2265,170,3
2266,170,17
2267,170,18
2268,170,19
2269,170,20
2270,170,21
2271,170,22
2272,170,23
2273,171,0
2274,171,1
2275,171,2
2276,171,3
2277,171,17
2278,171,18
2279,171,19
2280,171,20
2281,171,21
2282,171,22
2283,171,23
2284,172,0
2285,172,1
2286,172,2
2287,172,3
2288,172,17
2289,172,18
2290,172,19
2291,172,20
2292,172,21
2293,172,22
2294,172,23
2295,173,0
2296,173,1
2297,173,2
2298,173,3
2299,173,17
2300,173,18
2301,173,19
2302,173,20
2303,173,21
2304,173,22
2305,173,23
2306,174,0
2307,174,1
2308,174,2
2309,174,3
2310,174,17
2311,174,18
2312,174,19
2313,174,20
2314,174,21
2315,174,22
2316,174,23
2317,175,0
2318,175,1
2319,175,2
2320,175,3
2321,175,17
2322,175,18
2323,175,19
2324,175,20
2325,175,21
2326,175,22
2327,175,23
2328,176,0
2329,176,1
2330,176,2
2331,176,3
2332,176,17
2333,176,18
2334,176,19
2335,176,20
2336,176,21
2337,176,22
2338,176,23
2339,177,0
2340,177,1
2341,177,2
2342,177,3
2343,177,17
2344,177,18
2345,177,19
2346,177,20
2347,177,21
2348,177,22
2349,177,23
2350,178,0
2351,178,1
2352,178,2
2353,178,3
2354,178,17
2355,178,18
2356,178,19
2357,178,20
2358,178,21
2359,178,22
2360,178,23
2361,179,0
2362,179,1
2363,179,2
2364,179,3
2365,179,17
2366,179,18
2367,179,19
2368,179,20
2369,179,21
2370,179,22
2371,179,23
2372,180,0
2373,180,1
2374,180,2
2375,180,3
2376,180,17
2377,180,18
2378,180,19
2379,180,20
2380,180,21
2381,180,22
2382,180,23
2383,181,0
2384,181,1
2385,181,2
2386,181,3
2387,181,17
2388,181,18
2389,181,19
2390,181,20
2391,181,21
2392,181,22
2393,181,23
2394,182,0
2395,182,1
2396,182,2
2397,182,3
2398,182,17
2399,182,18
2400,182,19
2401,182,20
2402,182,21
2403,182,22
2404,182,23
2405,183,0
2406,183,1
2407,183,2
2408,183,3
2409,183,17
2410,183,18
2411,183,19
2412,183,20
2413,183,21
2414,183,22
2415,183,23
2416,184,0
2417,184,1
2418,184,2
2419,184,3
2420,184,17
2421,184,18
2422,184,19
2423,184,20
2424,184,21
2425,184,22
2426,184,23
2427,185,0
2428,185,1
2429,185,2
2430,185,3
2431,185,17
2432,185,18
2433,185,19
2434,185,20
2435,185,21
2436,185,22
2437,185,23
2438,186,0
2439,186,1
2440,186,2
2441,186,3
2442,186,17
2443,186,18
2444,186,19
2445,186,20
2446,186,21
2447,186,22
2448,186,23
2449,187,0
2450,187,1
2451,187,2
2452,187,3
2453,187,17
2454,187,18
2455,187,19
2456,187,20
2457,187,21
2458,187,22
2459,187,23
2460,188,0
2461,188,1
2462,188,2
2463,188,3
2464,188,17
2465,188,18
2466,188,19
2467,188,20
2468,188,21
2469,188,22
2470,188,23
2471,189,0
2472,189,1
2473,189,2
2474,189,3
2475,189,17
2476,189,18
2477,189,19
2478,189,20
2479,189,21
2480,189,22
2481,189,23
2482,190,0
2483,190,1
2484,190,2
2485,190,3
2486,190,17
2487,190,18
2488,190,19
2489,190,20
2490,190,21
2491,190,22
2492,190,23
2493,191,0
2494,191,1
2495,191,2
2496,191,3
2497,191,17
2498,191,18
2499,191,19
2500,191,20
2501,191,21
2502,191,22
2503,191,23
2504,192,0
2505,192,1
2506,192,2
2507,192,3
2508,192,17
2509,192,18
2510,192,19
2511,192,20
2512,192,21
2513,192,22
2514,192,23
2515,193,0
2516,193,1
2517,193,2
2518,193,3
2519,193,17
2520,193,18
2521,193,19
2522,193,20
2523,193,21
2524,193,22
2525,193,23
2526,194,0
2527,194,1
2528,194,2
2529,194,3
2530,194,17
2531,194,18
2532,194,19
2533,194,20
2534,194,21
2535,194,22
2536,194,23
2537,195,0
2538,195,1
2539,195,2
2540,195,3
2541,195,17
2542,195,18
2543,195,19
2544,195,20
2545,195,21
2546,195,22
2547,195,23
2548,196,0
2549,196,1
2550,196,2
2551,196,3
2552,196,17
2553,196,18
2554,196,19
2555,196,20
2556,196,21
2557,196,22
2558,196,23
2559,197,0
2560,197,1
2561,197,2
2562,197,3
2563,197,17
2564,197,18
2565,197,19
2566,197,20
2567,197,21
2568,197,22
2569,197,23
2570,198,0
2571,198,1
2572,198,2
2573,198,3
2574,198,17
2575,198,18
2576,198,19
2577,198,20
2578,198,21
2579,198,22
2580,198,23
2581,199,0
2582,199,1
2583,199,2
2584,199,3
2585,199,17
2586,199,18
2587,199,19
2588,199,20
2589,199,21
2590,199,22
2591,199,23
2592,200,0
2593,200,1
2594,200,2
2595,200,3
2596,200,17
2597,200,18
2598,200,19
2599,200,20
2600,200,21
2601,200,22
2602,200,23
2603,201,0
2604,201,1
2605,201,2
2606,201,3
2607,201,17
2608,201,18
2609,201,19
2610,201,20
2611,201,21
2612,201,22
2613,201,23
2614,202,0
2615,202,1
2616,202,2
2617,202,3
2618,202,17
2619,202,18
2620,202,19
2621,202,20
2622,202,21
2623,202,22
2624,202,23
2625,203,0
2626,203,1
2627,203,2
2628,203,3
2629,203,17
2630,203,18
2631,203,19
2632,203,20
2633,203,21
2634,203,22
2635,203,23
2636,204,0
2637,204,1
2638,204,2
2639,204,3
2640,204,17
2641,204,18
2642,204,19
2643,204,20
2644,204,21
2645,204,22
2646,204,23
2647,205,0
2648,205,1
2649,205,2
2650,205,3
2651,205,17
2652,205,18
2653,205,19
2654,205,20
2655,205,21
2656,205,22
2657,205,23
2658,206,0
2659,206,1
2660,206,2
2661,206,3
2662,206,17
2663,206,18
2664,206,19
2665,206,20
2666,206,21
2667,206,22
2668,206,23
2669,207,0
2670,207,1
2671,207,2
2672,207,3
2673,207,17
2674,207,18
2675,207,19
2676,207,20
2677,207,21
2678,207,22
2679,207,23
2680,208,0
2681,208,1
2682,208,2
2683,208,3
2684,208,17
2685,208,18
2686,208,19
2687,208,20
2688,208,21
2689,208,22
2690,208,23
2691,209,0
2692,209,1
2693,209,2
2694,209,3
2695,209,17
2696,209,18
2697,209,19
2698,209,20
2699,209,21
2700,209,22
2701,209,23
2702,210,0
2703,210,1
2704,210,2
2705,210,3
2706,210,17
2707,210,18
2708,210,19
2709,210,20
2710,210,21
2711,210,22
2712,210,23
2713,211,0
2714,211,1
2715,211,2
2716,211,3
2717,211,17
2718,211,18
2719,211,19
2720,211,20
2721,211,21
2722,211,22
2723,211,23
2724,212,0
2725,212,1
2726,212,2
2727,212,3
2728,212,17
2729,212,18
2730,212,19
2731,212,20
2732,212,21
2733,212,22
2734,212,23
2735,213,0
2736,213,1
2737,213,2
2738,213,3
2739,213,17
2740,213,18
2741,213,19
2742,213,20
2743,213,21
2744,213,22
2745,213,23
2746,214,0
2747,214,1
2748,214,2
2749,214,3
2750,214,17
2751,214,18
2752,214,19
2753,214,20
2754,214,21
2755,214,22
2756,214,23
2757,215,0
2758,215,1
2759,215,2
2760,215,3
2761,215,17
2762,215,18
2763,215,19
2764,215,20
2765,215,21
2766,215,22
2767,215,23
2768,216,0
2769,216,1
2770,216,2
2771,216,3
2772,216,4
2773,216,17
2774,216,18
2775,216,19
2776,216,20
2777,216,21
2778,216,22
2779,216,23
2780,217,0
2781,217,1
2782,217,2
2783,217,3
2784,217,4
2785,217,17
2786,217,18
2787,217,19
2788,217,20
2789,217,21
2790,217,22
2791,217,23
2792,218,0
2793,218,1
2794,218,2
2795,218,3
2796,218,4
2797,218,17
2798,218,18
2799,218,19
2800,218,20
2801,218,21
2802,218,22
2803,218,23
2804,219,0
2805,219,1
2806,219,2
2807,219,3
2808,219,4
2809,219,17
2810,219,18
2811,219,19
2812,219,20
2813,219,21
2814,219,22
2815,219,23
2816,220,0
2817,220,1
2818,220,2
2819,220,3
2820,220,4
2821,220,17
2822,220,18
2823,220,19
2824,220,20
2825,220,21
2826,220,22
2827,220,23
2828,221,0
2829,221,1
2830,221,2
2831,221,3
2832,221,4
2833,221,17
2834,221,18
2835,221,19
2836,221,20
2837,221,21
2838,221,22
2839,221,23
2840,222,0
2841,222,1
2842,222,2
2843,222,3
2844,222,4
2845,222,17
2846,222,18
2847,222,19
2848,222,20
2849,222,21
2850,222,22
2851,222,23
2852,223,0
2853,223,1
2854,223,2
2855,223,3
2856,223,4
2857,223,17
2858,223,18
2859,223,19
2860,223,20
2861,223,21
2862,223,22
2863,223,23
2864,224,0
2865,224,1
2866,224,2
2867,224,3
2868,224,4
2869,224,17
2870,224,18
2871,224,19
2872,224,20
2873,224,21
2874,224,22
2875,224,23
2876,225,0
2877,225,1
2878,225,2
2879,225,3
2880,225,4
2881,225,17
2882,225,18
2883,225,19
2884,225,20
2885,225,21
2886,225,22
2887,225,23
2888,226,0
2889,226,1
2890,226,2
2891,226,3
2892,226,4
2893,226,17
2894,226,18
2895,226,19
2896,226,20
2897,226,21
2898,226,22
2899,226,23
2900,227,0
2901,227,1
2902,227,2
2903,227,3
2904,227,4
2905,227,17
2906,227,18
2907,227,19
2908,227,20
2909,227,21
2910,227,22
2911,227,23
2912,228,0
2913,228,1
2914,228,2
2915,228,3
2916,228,4
2917,228,17
2918,228,18
2919,228,19
2920,228,20
2921,228,21
2922,228,22
2923,228,23
2924,229,0
2925,229,1
2926,229,2
2927,229,3
2928,229,4
2929,229,17
2930,229,18
2931,229,19
2932,229,20
2933,229,21
2934,229,22
2935,229,23
2936,230,0
2937,230,1
2938,230,2
2939,230,3
2940,230,4
2941,230,17
2942,230,18
2943,230,19
2944,230,20
2945,230,21
2946,230,22
2947,230,23
2948,231,0
2949,231,1
2950,231,2
2951,231,3
2952,231,4
2953,231,17
2954,231,18
2955,231,19
2956,231,20
2957,231,21
2958,231,22
2959,231,23
2960,232,0
2961,232,1
2962,232,2
2963,232,3
2964,232,4
2965,232,17
2966,232,18
2967,232,19
2968,232,20
2969,232,21
2970,232,22
2971,232,23
2972,233,0
2973,233,1
2974,233,2
2975,233,3
2976,233,4
2977,233,17
2978,233,18
2979,233,19
2980,233,20
2981,233,21
2982,233,22
2983,233,23
2984,234,0
2985,234,1
2986,234,2
2987,234,3
2988,234,4
2989,234,17
2990,234,18
2991,234,19
2992,234,20
2993,234,21
2994,234,22
2995,234,23
2996,235,0
2997,235,1
2998,235,2
2999,235,3
3000,235,4
3001,235,17
3002,235,18
3003,235,19
3004,235,20
3005,235,21
3006,235,22
3007,235,23
3008,236,0
3009,236,1
3010,236,2
3011,236,3
3012,236,4
3013,236,17
3014,236,18
3015,236,19
3016,236,20
3017,236,21
3018,236,22
3019,236,23
3020,237,0
3021,237,1
3022,237,2
3023,237,3
3024,237,4
3025,237,17
3026,237,18
3027,237,19
3028,237,20
3029,237,21
3030,237,22
3031,237,23
3032,238,0
3033,238,1
3034,238,2
3035,238,3
3036,238,4
3037,238,17
3038,238,18
3039,238,19
3040,238,20
3041,238,21
3042,238,22
3043,238,23
3044,239,0
3045,239,1
3046,239,2
3047,239,3
3048,239,4
3049,239,17
3050,239,18
3051,239,19
3052,239,20
3053,239,21
3054,239,22
3055,239,23
3056,240,0
3057,240,1
3058,240,2
3059,240,3
3060,240,4
3061,240,17
3062,240,18
3063,240,19
3064,240,20
3065,240,21
3066,240,22
3067,240,23
3068,241,0
3069,241,1
3070,241,2
3071,241,3
3072,241,4
3073,241,17
3074,241,18
3075,241,19
3076,241,20
3077,241,21
3078,241,22
3079,241,23
3080,242,0
3081,242,1
3082,242,2
3083,242,3
3084,242,4
3085,242,17
3086,242,18
3087,242,19
3088,242,20
3089,242,21
3090,242,22
3091,242,23
3092,243,0
3093,243,1
3094,243,2
3095,243,3
3096,243,4
3097,243,17
3098,243,18
3099,243,19
3100,243,20
3101,243,21
3102,243,22
3103,243,23
3104,244,0
3105,244,1
3106,244,2
3107,244,3
3108,244,4
3109,244,17
3110,244,18
3111,244,19
3112,244,20
3113,244,21
3114,244,22
3115,244,23
3116,245,0
3117,245,1
3118,245,2
3119,245,3
3120,245,4
3121,245,16
3122,245,17
3123,245,18
3124,245,19
3125,245,20
3126,245,21
3127,245,22
3128,245,23
3129,246,0
3130,246,1
3131,246,2
3132,246,3
3133,246,4
3134,246,17
3135,246,18
3136,246,19
3137,246,20
3138,246,21
3139,246,22
3140,246,23
3141,247,0
3142,247,1
3143,247,2
3144,247,3
3145,247,4
3146,247,16
3147,247,17
3148,247,18
3149,247,19
3150,247,20
3151,247,21
3152,247,22
3153,247,23
3154,248,0
3155,248,1
3156,248,2
3157,248,3
3158,248,4
3159,248,16
3160,248,17
3161,248,18
3162,248,19
3163,248,20
3164,248,21
3165,248,22
3166,248,23
3167,249,0
3168,249,1
3169,249,2
3170,249,3
3171,249,4
3172,249,16
3173,249,17
3174,249,18
3175,249,19
3176,249,20
3177,249,21
3178,249,22
3179,249,23
3180,250,0
3181,250,1
3182,250,2
3183,250,3
3184,250,4
3185,250,16
3186,250,17
3187,250,18
3188,250,19
3189,250,20
3190,250,21
3191,250,22
3192,250,23
3193,251,0
3194,251,1
3195,251,2
3196,251,3
3197,251,4
3198,251,16
3199,251,17
3200,251,18
3201,251,19
3202,251,20
3203,251,21
3204,251,22
3205,251,23
3206,252,0
3207,252,1
3208,252,2
3209,252,3
3210,252,4
3211,252,16
3212,252,17
3213,252,18
3214,252,19
3215,252,20
3216,252,21
3217,252,22
3218,252,23
3219,253,0
3220,253,1
3221,253,2
3222,253,3
3223,253,4
3224,253,16
3225,253,17
3226,253,18
3227,253,19
3228,253,20
3229,253,21
3230,253,22
3231,253,23
3232,254,0
3233,254,1
3234,254,2
3235,254,3
3236,254,4
3237,254,16
3238,254,17
3239,254,18
3240,254,19
3241,254,20
3242,254,21
3243,254,22
3244,254,23
3245,255,0
3246,255,1
3247,255,2
3248,255,3
3249,255,4
3250,255,16
3251,255,17
3252,255,18
3253,255,19
3254,255,20
3255,255,21
3256,255,22
3257,255,23
3258,256,0
3259,256,1
3260,256,2
3261,256,3
3262,256,4
3263,256,16
3264,256,17
3265,256,18
3266,256,19
3267,256,20
3268,256,21
3269,256,22
3270,256,23
3271,257,0
3272,257,1
3273,257,2
3274,257,3
3275,257,4
3276,257,16
3277,257,17
3278,257,18
3279,257,19
3280,257,20
3281,257,21
3282,257,22
3283,257,23
3284,258,0
3285,258,1
3286,258,2
3287,258,3
3288,258,4
3289,258,16
3290,258,17
3291,258,18
3292,258,19
3293,258,20
3294,258,21
3295,258,22
3296,258,23
3297,259,0
3298,259,1
3299,259,2
3300,259,3
3301,259,4
3302,259,16
3303,259,17
3304,259,18
3305,259,19
3306,259,20
3307,259,21
3308,259,22
3309,259,23
3310,260,0
3311,260,1
3312,260,2
3313,260,3
3314,260,4
3315,260,16
3316,260,17
3317,260,18
3318,260,19
3319,260,20
3320,260,21
3321,260,22
3322,260,23
3323,261,0
3324,261,1
3325,261,2
3326,261,3
3327,261,4
3328,261,16
3329,261,17
3330,261,18
3331,261,19
3332,261,20
3333,261,21
3334,261,22
3335,261,23
3336,262,0
3337,262,1
3338,262,2
3339,262,3
3340,262,4
3341,262,16
3342,262,17
3343,262,18
3344,262,19
3345,262,20
3346,262,21
3347,262,22
3348,262,23
3349,263,0
3350,263,1
3351,263,2
3352,263,3
3353,263,4
3354,263,16
3355,263,17
3356,263,18
3357,263,19
3358,263,20
3359,263,21
3360,263,22
3361,263,23
3362,264,0
3363,264,1
3364,264,2
3365,264,3
3366,264,4
3367,264,16
3368,264,17
3369,264,18
3370,264,19
3371,264,20
3372,264,21
3373,264,22
3374,264,23
3375,265,0
3376,265,1
3377,265,2
3378,265,3
3379,265,4
3380,265,16
3381,265,17
3382,265,18
3383,265,19
3384,265,20
3385,265,21
3386,265,22
3387,265,23
3388,266,0
3389,266,1
3390,266,2
3391,266,3
3392,266,4
3393,266,16
3394,266,17
3395,266,18
3396,266,19
3397,266,20
3398,266,21
3399,266,22
3400,266,23
3401,267,0
3402,267,1
3403,267,2
3404,267,3
3405,267,4
3406,267,16
3407,267,17
3408,267,18
3409,267,19
3410,267,20
3411,267,21
3412,267,22
3413,267,23
3414,268,0
3415,268,1
3416,268,2
3417,268,3
3418,268,4
3419,268,5
3420,268,16
3421,268,17
3422,268,18
3423,268,19
3424,268,20
3425,268,21
3426,268,22
3427,268,23
3428,269,0
3429,269,1
3430,269,2
3431,269,3
3432,269,4
3433,269,5
3434,269,16
3435,269,17
3436,269,18
3437,269,19
3438,269,20
3439,269,21
3440,269,22
3441,269,23
3442,270,0
3443,270,1
3444,270,2
3445,270,3
3446,270,4
3447,270,5
3448,270,16
3449,270,17
3450,270,18
3451,270,19
3452,270,20
3453,270,21
3454,270,22
3455,270,23
3456,271,0
3457,271,1
3458,271,2
3459,271,3
3460,271,4
3461,271,5
3462,271,16
3463,271,17
3464,271,18
3465,271,19
3466,271,20
3467,271,21
3468,271,22
3469,271,23
3470,272,0
3471,272,1
3472,272,2
3473,272,3
3474,272,4
3475,272,5
3476,272,16
3477,272,17
3478,272,18
3479,272,19
3480,272,20
3481,272,21
3482,272,22
3483,272,23
3484,273,0
3485,273,1
3486,273,2
3487,273,3
3488,273,4
3489,273,5
3490,273,16
3491,273,17
3492,273,18
3493,273,19
3494,273,20
3495,273,21
3496,273,22
3497,273,23
3498,274,0
3499,274,1
3500,274,2
3501,274,3
3502,274,4
3503,274,5
3504,274,16
3505,274,17
3506,274,18
3507,274,19
3508,274,20
3509,274,21
3510,274,22
3511,274,23
3512,275,0
3513,275,1
3514,275,2
3515,275,3
3516,275,4
3517,275,5
3518,275,16
3519,275,17
3520,275,18
3521,275,19
3522,275,20
3523,275,21
3524,275,22
3525,275,23
3526,276,0
3527,276,1
3528,276,2
3529,276,3
3530,276,4
3531,276,5
3532,276,16
3533,276,17
3534,276,18
3535,276,19
3536,276,20
3537,276,21
3538,276,22
3539,276,23
3540,277,0
3541,277,1
3542,277,2
3543,277,3
3544,277,4
3545,277,5
3546,277,16
3547,277,17
3548,277,18
3549,277,19
3550,277,20
3551,277,21
3552,277,22
3553,277,23
3554,278,0
3555,278,1
3556,278,2
3557,278,3
3558,278,4
3559,278,5
3560,278,16
3561,278,17
3562,278,18
3563,278,19
3564,278,20
3565,278,21
3566,278,22
3567,278,23
3568,279,0
3569,279,1
3570,279,2
3571,279,3
3572,279,4
3573,279,5
3574,279,16
3575,279,17
3576,279,18
3577,279,19
3578,279,20
3579,279,21
3580,279,22
3581,279,23
3582,280,0
3583,280,1
3584,280,2
3585,280,3
3586,280,4
3587,280,5
3588,280,16
3589,280,17
3590,280,18
3591,280,19
3592,280,20
3593,280,21
3594,280,22
3595,280,23
3596,281,0
3597,281,1
3598,281,2
3599,281,3
3600,281,4
3601,281,5
3602,281,16
3603,281,17
3604,281,18
3605,281,19
3606,281,20
3607,281,21
3608,281,22
3609,281,23
3610,282,0
3611,282,1
3612,282,2
3613,282,3
3614,282,4
3615,282,5
3616,282,16
3617,282,17
3618,282,18
3619,282,19
3620,282,20
3621,282,21
3622,282,22
3623,282,23
3624,283,0
3625,283,1
3626,283,2
3627,283,3
3628,283,4
3629,283,5
3630,283,16
3631,283,17
3632,283,18
3633,283,19
3634,283,20
3635,283,21
3636,283,22
3637,283,23
3638,284,0
3639,284,1
3640,284,2
3641,284,3
3642,284,4
3643,284,5
3644,284,16
3645,284,17
3646,284,18
3647,284,19
3648,284,20
3649,284,21
3650,284,22
3651,284,23
3652,285,0
3653,285,1
3654,285,2
3655,285,3
3656,285,4
3657,285,5
3658,285,16
3659,285,17
3660,285,18
3661,285,19
3662,285,20
3663,285,21
3664,285,22
3665,285,23
3666,286,0
3667,286,1
3668,286,2
3669,286,3
3670,286,4
3671,286,5
3672,286,16
3673,286,17
3674,286,18
3675,286,19
3676,286,20
3677,286,21
3678,286,22
3679,286,23
3680,287,0
3681,287,1
3682,287,2
3683,287,3
3684,287,4
3685,287,5
3686,287,16
3687,287,17
3688,287,18
3689,287,19
3690,287,20
3691,287,21
3692,287,22
3693,287,23
3694,288,0
3695,288,1
3696,288,2
3697,288,3
3698,288,4
3699,288,5
3700,288,16
3701,288,17
3702,288,18
3703,288,19
3704,288,20
3705,288,21
3706,288,22
3707,288,23
3708,289,0
3709,289,1
3710,289,2
3711,289,3
3712,289,4
3713,289,5
3714,289,16
3715,289,17
3716,289,18
3717,289,19
3718,289,20
3719,289,21
3720,289,22
3721,289,23
3722,290,0
3723,290,1
3724,290,2
3725,290,3
3726,290,4
3727,290,5
3728,290,16
3729,290,17
3730,290,18
3731,290,19
3732,290,20
3733,290,21
3734,290,22
3735,290,23
3736,291,0
3737,291,1
3738,291,2
3739,291,3
3740,291,4
3741,291,5
3742,291,16
3743,291,17
3744,291,18
3745,291,19
3746,291,20
3747,291,21
3748,291,22
3749,291,23
3750,292,0
3751,292,1
3752,292,2
3753,292,3
3754,292,4
3755,292,5
3756,292,16
3757,292,17
3758,292,18
3759,292,19
3760,292,20
3761,292,21
3762,292,22
3763,292,23
3764,293,0
3765,293,1
3766,293,2
3767,293,3
3768,293,4
3769,293,5
3770,293,15
3771,293,16
3772,293,17
3773,293,18
3774,293,19
3775,293,20
3776,293,21
3777,293,22
3778,293,23
3779,294,0
3780,294,1
3781,294,2
3782,294,3
3783,294,4
3784,294,5
3785,294,15
3786,294,16
3787,294,17
3788,294,18
3789,294,19
3790,294,20
3791,294,21
3792,294,22
3793,294,23
3794,295,0
3795,295,1
3796,295,2
3797,295,3
3798,295,4
3799,295,5
3800,295,15
3801,295,16
3802,295,17
3803,295,18
3804,295,19
3805,295,20
3806,295,21
3807,295,22
3808,295,23
3809,296,0
3810,296,1
3811,296,2
3812,296,3
3813,296,4
3814,296,5
3815,296,16
3816,296,17
3817,296,18
3818,296,19
3819,296,20
3820,296,21
3821,296,22
3822,296,23
3823,297,0
3824,297,1
3825,297,2
3826,297,3
3827,297,4
3828,297,5
3829,297,15
3830,297,16
3831,297,17
3832,297,18
3833,297,19
3834,297,20
3835,297,21
3836,297,22
3837,297,23
3838,298,0
3839,298,1
3840,298,2
3841,298,3
3842,298,4
3843,298,5
3844,298,16
3845,298,17
3846,298,18
3847,298,19
3848,298,20
3849,298,21
3850,298,22
3851,298,23
3852,299,0
3853,299,1
3854,299,2
3855,299,3
3856,299,4
3857,299,5
3858,299,15
3859,299,16
3860,299,17
3861,299,18
3862,299,19
3863,299,20
3864,299,21
3865,299,22
3866,299,23
3867,300,0
3868,300,1
3869,300,2
3870,300,3
3871,300,4
3872,300,5
3873,300,15
3874,300,16
3875,300,17
3876,300,18
3877,300,19
3878,300,20
3879,300,21
3880,300,22
3881,300,23
3882,301,0
3883,301,1
3884,301,2
3885,301,3
3886,301,4
3887,301,5
3888,301,15
3889,301,16
3890,301,17
3891,301,18
3892,301,19
3893,301,20
3894,301,21
3895,301,22
3896,301,23
3897,302,0
3898,302,1
3899,302,2
3900,302,3
3901,302,4
3902,302,5
3903,302,15
3904,302,16
3905,302,17
3906,302,18
3907,302,19
3908,302,20
3909,302,21
3910,302,22
3911,302,23
3912,303,0
3913,303,1
3914,303,2
3915,303,3
3916,303,4
3917,303,5
3918,303,15
3919,303,16
3920,303,17
3921,303,18
3922,303,19
3923,303,20
3924,303,21
3925,303,22
3926,303,23
3927,304,0
3928,304,1
3929,304,2
3930,304,3
3931,304,4
3932,304,5
3933,304,15
3934,304,16
3935,304,17
3936,304,18
3937,304,19
3938,304,20
3939,304,21
3940,304,22
3941,304,23
3942,305,0
3943,305,1
3944,305,2
3945,305,3
3946,305,4
3947,305,5
3948,305,15
3949,305,16
3950,305,17
3951,305,18
3952,305,19
3953,305,20
3954,305,21
3955,305,22
3956,305,23
3957,306,0
3958,306,1
3959,306,2
3960,306,3
3961,306,4
3962,306,5
3963,306,15
3964,306,16
3965,306,17
3966,306,18
3967,306,19
3968,306,20
3969,306,21
3970,306,22
3971,306,23
3972,307,0
3973,307,1
3974,307,2
3975,307,3
3976,307,4
3977,307,5
3978,307,15
3979,307,16
3980,307,17
3981,307,18
3982,307,19
3983,307,20
3984,307,21
3985,307,22
3986,307,23
3987,308,0
3988,308,1
3989,308,2
3990,308,3
3991,308,4
3992,308,5
3993,308,15
3994,308,16
3995,308,17
3996,308,18
3997,308,19
3998,308,20
3999,308,21
4000,308,22
4001,308,23
4002,309,0
4003,309,1
4004,309,2
4005,309,3
4006,309,4
4007,309,5
4008,309,15
4009,309,16
4010,309,17
4011,309,18
4012,309,19
4013,309,20
4014,309,21
4015,309,22
4016,309,23
4017,310,0
4018,310,1
4019,310,2
4020,310,3
4021,310,4
4022,310,5
4023,310,6
4024,310,15
4025,310,16
4026,310,17
4027,310,18
4028,310,19
4029,310,20
4030,310,21
4031,310,22
4032,310,23
4033,311,0
4034,311,1
4035,311,2
4036,311,3
4037,311,4
4038,311,5
4039,311,6
4040,311,15
4041,311,16
4042,311,17
4043,311,18
4044,311,19
4045,311,20
4046,311,21
4047,311,22
4048,311,23
4049,312,0
4050,312,1
4051,312,2
4052,312,3
4053,312,4
4054,312,5
4055,312,6
4056,312,15
4057,312,16
4058,312,17
4059,312,18
4060,312,19
4061,312,20
4062,312,21
4063,312,22
4064,312,23
4065,313,0
4066,313,1
4067,313,2
4068,313,3
4069,313,4
4070,313,5
4071,313,6
4072,313,15
4073,313,16
4074,313,17
4075,313,18
4076,313,19
4077,313,20
4078,313,21
4079,313,22
4080,313,23
4081,314,0
4082,314,1
4083,314,2
4084,314,3
4085,314,4
4086,314,5
4087,314,6
4088,314,15
4089,314,16
4090,314,17
4091,314,18
4092,314,19
4093,314,20
4094,314,21
4095,314,22
4096,314,23
4097,315,0
4098,315,1
4099,315,2
4100,315,3
4101,315,4
4102,315,5
4103,315,6
4104,315,15
4105,315,16
4106,315,17
4107,315,18
4108,315,19
4109,315,20
4110,315,21
4111,315,22
4112,315,23
4113,316,0
4114,316,1
4115,316,2
4116,316,3
4117,316,4
4118,316,5
4119,316,6
4120,316,15
4121,316,16
4122,316,17
4123,316,18
4124,316,19
4125,316,20
4126,316,21
4127,316,22
4128,316,23
4129,317,0
4130,317,1
4131,317,2
4132,317,3
4133,317,4
4134,317,5
4135,317,6
4136,317,15
4137,317,16
4138,317,17
4139,317,18
4140,317,19
4141,317,20
4142,317,21
4143,317,22
4144,317,23
4145,318,0
4146,318,1
4147,318,2
4148,318,3
4149,318,4
4150,318,5
4151,318,6
4152,318,15
4153,318,16
4154,318,17
4155,318,18
4156,318,19
4157,318,20
4158,318,21
4159,318,22
4160,318,23
4161,319,0
4162,319,1
4163,319,2
4164,319,3
4165,319,4
4166,319,5
4167,319,6
4168,319,15
4169,319,16
4170,319,17
4171,319,18
4172,319,19
4173,319,20
4174,319,21
4175,319,22
4176,319,23
4177,320,0
4178,320,1
4179,320,2
4180,320,3
4181,320,4
4182,320,5
4183,320,6
4184,320,15
4185,320,16
4186,320,17
4187,320,18
4188,320,19
4189,320,20
4190,320,21
4191,320,22
4192,320,23
4193,321,0
4194,321,1
4195,321,2
4196,321,3
4197,321,4
4198,321,5
4199,321,6
4200,321,15
4201,321,16
4202,321,17
4203,321,18
4204,321,19
4205,321,20
4206,321,21
4207,321,22
4208,321,23
4209,322,0
4210,322,1
4211,322,2
4212,322,3
4213,322,4
4214,322,5
4215,322,6
4216,322,15
4217,322,16
4218,322,17
4219,322,18
4220,322,19
4221,322,20
4222,322,21
4223,322,22
4224,322,23
4225,323,0
4226,323,1
4227,323,2
4228,323,3
4229,323,4
4230,323,5
4231,323,6
4232,323,15
4233,323,16
4234,323,17
4235,323,18
4236,323,19
4237,323,20
4238,323,21
4239,323,22
4240,323,23
4241,324,0
4242,324,1
4243,324,2
4244,324,3
4245,324,4
4246,324,5
4247,324,6
4248,324,15
4249,324,16
4250,324,17
4251,324,18
4252,324,19
4253,324,20
4254,324,21
4255,324,22
4256,324,23
4257,325,0
4258,325,1
4259,325,2
4260,325,3
4261,325,4
4262,325,5
4263,325,6
4264,325,15
4265,325,16
4266,325,17
4267,325,18
4268,325,19
4269,325,20
4270,325,21
4271,325,22
4272,325,23
4273,326,0
4274,326,1
4275,326,2
4276,326,3
4277,326,4
4278,326,5
4279,326,6
4280,326,15
4281,326,16
4282,326,17
4283,326,18
4284,326,19
4285,326,20
4286,326,21
4287,326,22
4288,326,23
4289,327,0
4290,327,1
4291,327,2
4292,327,3
4293,327,4
4294,327,5
4295,327,6
4296,327,15
4297,327,16
4298,327,17
4299,327,18
4300,327,19
4301,327,20
4302,327,21
4303,327,22
4304,327,23
4305,328,0
4306,328,1
4307,328,2
4308,328,3
4309,328,4
4310,328,5
4311,328,6
4312,328,15
4313,328,16
4314,328,17
4315,328,18
4316,328,19
4317,328,20
4318,328,21
4319,328,22
4320,328,23
4321,329,0
4322,329,1
4323,329,2
4324,329,3
4325,329,4
4326,329,5
4327,329,6
4328,329,15
4329,329,16
4330,329,17
4331,329,18
4332,329,19
4333,329,20
4334,329,21
4335,329,22
4336,329,23
4337,330,0
4338,330,1
4339,330,2
4340,330,3
4341,330,4
4342,330,5
4343,330,6
4344,330,15
4345,330,16
4346,330,17
4347,330,18
4348,330,19
4349,330,20
4350,330,21
4351,330,22
4352,330,23
4353,331,0
4354,331,1
4355,331,2
4356,331,3
4357,331,4
4358,331,5
4359,331,6
4360,331,15
4361,331,16
4362,331,17
4363,331,18
4364,331,19
4365,331,20
4366,331,21
4367,331,22
4368,331,23
4369,332,0
4370,332,1
4371,332,2
4372,332,3
4373,332,4
4374,332,5
4375,332,6
4376,332,15
4377,332,16
4378,332,17
4379,332,18
4380,332,19
4381,332,20
4382,332,21
4383,332,22
4384,332,23
4385,333,0
4386,333,1
4387,333,2
4388,333,3
4389,333,4
4390,333,5
4391,333,6
4392,333,15
4393,333,16
4394,333,17
4395,333,18
4396,333,19
4397,333,20
4398,333,21
4399,333,22
4400,333,23
4401,334,0
4402,334,1
4403,334,2
4404,334,3
4405,334,4
4406,334,5
4407,334,6
4408,334,15
4409,334,16
4410,334,17
4411,334,18
4412,334,19
4413,334,20
4414,334,21
4415,334,22
4416,334,23
4417,335,0
4418,335,1
4419,335,2
4420,335,3
4421,335,4
4422,335,5
4423,335,6
4424,335,15
4425,335,16
4426,335,17
4427,335,18
4428,335,19
4429,335,20
4430,335,21
4431,335,22
4432,335,23
4433,336,0
4434,336,1
4435,336,2
4436,336,3
4437,336,4
4438,336,5
4439,336,6
4440,336,15
4441,336,16
4442,336,17
4443,336,18
4444,336,19
4445,336,20
4446,336,21
4447,336,22
4448,336,23
4449,337,0
4450,337,1
4451,337,2
4452,337,3
4453,337,4
4454,337,5
4455,337,6
4456,337,15
4457,337,16
4458,337,17
4459,337,18
4460,337,19
4461,337,20
4462,337,21
4463,337,22
4464,337,23
4465,338,0
4466,338,1
4467,338,2
4468,338,3
4469,338,4
4470,338,5
4471,338,6
4472,338,15
4473,338,16
4474,338,17
4475,338,18
4476,338,19
4477,338,20
4478,338,21
4479,338,22
4480,338,23
4481,339,0
4482,339,1
4483,339,2
4484,339,3
4485,339,4
4486,339,5
4487,339,6
4488,339,15
4489,339,16
4490,339,17
4491,339,18
4492,339,19
4493,339,20
4494,339,21
4495,339,22
4496,339,23
4497,340,0
4498,340,1
4499,340,2
4500,340,3
4501,340,4
4502,340,5
4503,340,6
4504,340,15
4505,340,16
4506,340,17
4507,340,18
4508,340,19
4509,340,20
4510,340,21
4511,340,22
4512,340,23
4513,341,0
4514,341,1
4515,341,2
4516,341,3
4517,341,4
4518,341,5
4519,341,6
4520,341,15
4521,341,16
4522,341,17
4523,341,18
4524,341,19
4525,341,20
4526,341,21
4527,341,22
4528,341,23
4529,342,0
4530,342,1
4531,342,2
4532,342,3
4533,342,4
4534,342,5
4535,342,6
4536,342,15
4537,342,16
4538,342,17
4539,342,18
4540,342,19
4541,342,20
4542,342,21
4543,342,22
4544,342,23
4545,343,0
4546,343,1
4547,343,2
4548,343,3
4549,343,4
4550,343,5
4551,343,6
4552,343,15
4553,343,16
4554,343,17
4555,343,18
4556,343,19
4557,343,20
4558,343,21
4559,343,22
4560,343,23
4561,344,0
4562,344,1
4563,344,2
4564,344,3
4565,344,4
4566,344,5
4567,344,6
4568,344,15
4569,344,16
4570,344,17
4571,344,18
4572,344,19
4573,344,20
4574,344,21
4575,344,22
4576,344,23
4577,345,0
4578,345,1
4579,345,2
4580,345,3
4581,345,4
4582,345,5
4583,345,6
4584,345,15
4585,345,16
4586,345,17
4587,345,18
4588,345,19
4589,345,20
4590,345,21
4591,345,22
4592,345,23
4593,346,0
4594,346,1
4595,346,2
4596,346,3
4597,346,4
4598,346,5
4599,346,6
4600,346,15
4601,346,16
4602,346,17
4603,346,18
4604,346,19
4605,346,20
4606,346,21
4607,346,22
4608,346,23
4609,347,0
4610,347,1
4611,347,2
4612,347,3
4613,347,4
4614,347,5
4615,347,6
4616,347,15
4617,347,16
4618,347,17
4619,347,18
4620,347,19
4621,347,20
4622,347,21
4623,347,22
4624,347,23
4625,348,0
4626,348,1
4627,348,2
4628,348,3
4629,348,4
4630,348,5
4631,348,6
4632,348,15
4633,348,16
4634,348,17
4635,348,18
4636,348,19
4637,348,20
4638,348,21
4639,348,22
4640,348,23
4641,349,0
4642,349,1
4643,349,2
4644,349,3
4645,349,4
4646,349,5
4647,349,6
4648,349,14
4649,349,15
4650,349,16
4651,349,17
4652,349,18
4653,349,19
4654,349,20
4655,349,21
4656,349,22
4657,349,23
4658,350,0
4659,350,1
4660,350,2
4661,350,3
4662,350,4
4663,350,5
4664,350,6
4665,350,15
4666,350,16
4667,350,17
4668,350,18
4669,350,19
4670,350,20
4671,350,21
4672,350,22
4673,350,23
4674,351,0
4675,351,1
4676,351,2
4677,351,3
4678,351,4
4679,351,5
4680,351,6
4681,351,15
4682,351,16
4683,351,17
4684,351,18
4685,351,19
4686,351,20
4687,351,21
4688,351,22
4689,351,23
4690,352,0
4691,352,1
4692,352,2
4693,352,3
4694,352,4
4695,352,5
4696,352,6
4697,352,15
4698,352,16
4699,352,17
4700,352,18
4701,352,19
4702,352,20
4703,352,21
4704,352,22
4705,352,23
4706,353,0
4707,353,1
4708,353,2
4709,353,3
4710,353,4
4711,353,5
4712,353,6
4713,353,15
4714,353,16
4715,353,17
4716,353,18
4717,353,19
4718,353,20
4719,353,21
4720,353,22
4721,353,23
4722,354,0
4723,354,1
4724,354,2
4725,354,3
4726,354,4
4727,354,5
4728,354,6
4729,354,15
4730,354,16
4731,354,17
4732,354,18
4733,354,19
4734,354,20
4735,354,21
4736,354,22
4737,354,23
4738,355,0
4739,355,1
4740,355,2
4741,355,3
4742,355,4
4743,355,5
4744,355,6
4745,355,15
4746,355,16
4747,355,17
4748,355,18
4749,355,19
4750,355,20
4751,355,21
4752,355,22
4753,355,23
4754,356,0
4755,356,1
4756,356,2
4757,356,3
4758,356,4
4759,356,5
4760,356,6
4761,356,15
4762,356,16
4763,356,17
4764,356,18
4765,356,19
4766,356,20
4767,356,21
4768,356,22
4769,356,23
4770,357,0
4771,357,1
4772,357,2
4773,357,3
4774,357,4
4775,357,5
4776,357,6
4777,357,15
4778,357,16
4779,357,17
4780,357,18
4781,357,19
4782,357,20
4783,357,21
4784,357,22
4785,357,23
4786,358,0
4787,358,1
4788,358,2
4789,358,3
4790,358,4
4791,358,5
4792,358,6
4793,358,15
4794,358,16
4795,358,17
4796,358,18
4797,358,19
4798,358,20
4799,358,21
4800,358,22
4801,358,23
4802,359,0
4803,359,1
4804,359,2
4805,359,3
4806,359,4
4807,359,5
4808,359,6
4809,359,15
4810,359,16
4811,359,17
4812,359,18
4813,359,19
4814,359,20
4815,359,21
4816,359,22
4817,359,23
4818,360,0
4819,360,1
4820,360,2
4821,360,3
4822,360,4
4823,360,5
4824,360,6
4825,360,15
4826,360,16
4827,360,17
4828,360,18
4829,360,19
4830,360,20
4831,360,21
4832,360,22
4833,360,23
4834,361,0
4835,361,1
4836,361,2
4837,361,3
4838,361,4
4839,361,5
4840,361,6
4841,361,15
4842,361,16
4843,361,17
4844,361,18
4845,361,19
4846,361,20
4847,361,21
4848,361,22
4849,361,23
4850,362,0
4851,362,1
4852,362,2
4853,362,3
4854,362,4
4855,362,5
4856,362,6
4857,362,15
4858,362,16
4859,362,17
4860,362,18
4861,362,19
4862,362,20
4863,362,21
4864,362,22
4865,362,23
4866,363,0
4867,363,1
4868,363,2
4869,363,3
4870,363,4
4871,363,5
4872,363,6
4873,363,15
4874,363,16
4875,363,17
4876,363,18
4877,363,19
4878,363,20
4879,363,21
4880,363,22
4881,363,23
4882,364,0
4883,364,1
4884,364,2
4885,364,3
4886,364,4
4887,364,5
4888,364,6
4889,364,15
4890,364,16
4891,364,17
4892,364,18
4893,364,19
4894,364,20
4895,364,21
4896,364,22
4897,364,23
4898,365,0
4899,365,1
4900,365,2
4901,365,3
4902,365,4
4903,365,5
4904,365,6
4905,365,15
4906,365,16
4907,365,17
4908,365,18
4909,365,19
4910,365,20
4911,365,21
4912,365,22
4913,365,23
