,day,hour
0,1,0
1,1,1
2,1,2
3,1,3
4,1,4
5,1,5
6,1,6
7,1,14
8,1,15
9,1,16
10,1,17
11,1,18
12,1,19
13,1,20
14,1,21
15,1,22
16,1,23
17,2,0
18,2,1
19,2,2
20,2,3
21,2,4
22,2,5
23,2,6
24,2,14
25,2,15
26,2,16
27,2,17
28,2,18
29,2,19
30,2,20
31,2,21
32,2,22
33,2,23
34,3,0
35,3,1
36,3,2
37,3,3
38,3,4
39,3,5
40,3,6
41,3,14
42,3,15
43,3,16
44,3,17
45,3,18
46,3,19
47,3,20
48,3,21
49,3,22
50,3,23
51,4,0
52,4,1
53,4,2
54,4,3
55,4,4
56,4,5
57,4,6
58,4,14
59,4,15
60,4,16
61,4,17
62,4,18
63,4,19
64,4,20
65,4,21
66,4,22
67,4,23
68,5,0
69,5,1
70,5,2
71,5,3
72,5,4
73,5,5
74,5,6
75,5,14
76,5,15
77,5,16
78,5,17
79,5,18
80,5,19
81,5,20
82,5,21
83,5,22
84,5,23
85,6,0
86,6,1
87,6,2
88,6,3
89,6,4
90,6,5
91,6,6
92,6,14
93,6,15
94,6,16
95,6,17
96,6,18
97,6,19
98,6,20
99,6,21
100,6,22
101,6,23
102,7,0
103,7,1
104,7,2
105,7,3
106,7,4
107,7,5
108,7,6
109,7,14
110,7,15
111,7,16
112,7,17
113,7,18
114,7,19
115,7,20
116,7,21
117,7,22
118,7,23
119,8,0
120,8,1
121,8,2
122,8,3
123,8,4
124,8,5
125,8,6
126,8,14
127,8,15
128,8,16
129,8,17
130,8,18
131,8,19
132,8,20
133,8,21
134,8,22
135,8,23
136,9,0
137,9,1
138,9,2
139,9,3
140,9,4
141,9,5
142,9,6
143,9,14
144,9,15
145,9,16
146,9,17
147,9,18
148,9,19
149,9,20
150,9,21
151,9,22
152,9,23
153,10,0
154,10,1
155,10,2
156,10,3
157,10,4
158,10,5
159,10,6
160,10,14
161,10,15
162,10,16
163,10,17
164,10,18
165,10,19
166,10,20
167,10,21
168,10,22
169,10,23
170,11,0
171,11,1
172,11,2
173,11,3
174,11,4
175,11,5
176,11,6
177,11,14
178,11,15
179,11,16
180,11,17
181,11,18
182,11,19
183,11,20
184,11,21
185,11,22
186,11,23
187,12,0
188,12,1
189,12,2
190,12,3
191,12,4
192,12,5
193,12,6
194,12,14
195,12,15
196,12,16
197,12,17
198,12,18
199,12,19
200,12,20
201,12,21
202,12,22
203,12,23
204,13,0
205,13,1
206,13,2
207,13,3
208,13,4
209,13,5
210,13,6
211,13,14
212,13,15
213,13,16
214,13,17
215,13,18
216,13,19
217,13,20
218,13,21
219,13,22
220,13,23
221,14,0
222,14,1
223,14,2
224,14,3
225,14,4
226,14,5
227,14,6
228,14,14
229,14,15
230,14,16
231,14,17
232,14,18
233,14,19
234,14,20
235,14,21
236,14,22
237,14,23
238,15,0
239,15,1
240,15,2
241,15,3
242,15,4
243,15,5
244,15,6
245,15,14
246,15,15
247,15,16
248,15,17
249,15,18
250,15,19
251,15,20
252,15,21
253,15,22
254,15,23
255,16,0
256,16,1
257,16,2
258,16,3
259,16,4
260,16,5
261,16,6
262,16,14
263,16,15
264,16,16
265,16,17
266,16,18
267,16,19
268,16,20
269,16,21
270,16,22
271,16,23
272,17,0
273,17,1
274,17,2
275,17,3
276,17,4
277,17,5
278,17,6
279,17,14
280,17,15
281,17,16
282,17,17
283,17,18
284,17,19
285,17,20
286,17,21
287,17,22
288,17,23
289,18,0
290,18,1
291,18,2
292,18,3
293,18,4
294,18,5
295,18,6
296,18,14
297,18,15
298,18,16
299,18,17
300,18,18
301,18,19
302,18,20
303,18,21
304,18,22
305,18,23
306,19,0
307,19,1
308,19,2
309,19,3
310,19,4
311,19,5
312,19,6
313,19,14
314,19,15
315,19,16
316,19,17
317,19,18
318,19,19
319,19,20
320,19,21
321,19,22
322,19,23
323,20,0
324,20,1
325,20,2
326,20,3
327,20,4
328,20,5
329,20,6
330,20,14
331,20,15
332,20,16
333,20,17
334,20,18
335,20,19
336,20,20
337,20,21
338,20,22
339,20,23
340,21,0
341,21,1
342,21,2
343,21,3
344,21,4
345,21,5
346,21,6
347,21,14
348,21,15
349,21,16
350,21,17
351,21,18
352,21,19
353,21,20
354,21,21
355,21,22
356,21,23
357,22,0
358,22,1
359,22,2
360,22,3
361,22,4
362,22,5
363,22,6
364,22,14
365,22,15
366,22,16
367,22,17
368,22,18
369,22,19
370,22,20
371,22,21
372,22,22
373,22,23
374,23,0
375,23,1
376,23,2
377,23,3
378,23,4
379,23,5
380,23,6
381,23,14
382,23,15
383,23,16
384,23,17
385,23,18
386,23,19
387,23,20
388,23,21
389,23,22
390,23,23
391,24,0
392,24,1
393,24,2
394,24,3
395,24,4
396,24,5
397,24,6
398,24,14
399,24,15
400,24,16
401,24,17
402,24,18
403,24,19
404,24,20
405,24,21
406,24,22
407,24,23
408,25,0
409,25,1
410,25,2
411,25,3
412,25,4
413,25,5
414,25,6
415,25,14
416,25,15
417,25,16
418,25,17
419,25,18
420,25,19
421,25,20
422,25,21
423,25,22
424,25,23
425,26,0
426,26,1
427,26,2
428,26,3
429,26,4
430,26,5
431,26,6
432,26,14
433,26,15
434,26,16
435,26,17
436,26,18
437,26,19
438,26,20
439,26,21
440,26,22
441,26,23
442,27,0
443,27,1
444,27,2
445,27,3
446,27,4
447,27,5
448,27,6
449,27,14
450,27,15
451,27,16
452,27,17
453,27,18
454,27,19
455,27,20
456,27,21
457,27,22
458,27,23
459,28,0
460,28,1
461,28,2
462,28,3
463,28,4
464,28,5
465,28,6
466,28,15
467,28,16
468,28,17
469,28,18
470,28,19
471,28,20
472,28,21
473,28,22
474,28,23
475,29,0
476,29,1
477,29,2
478,29,3
479,29,4
480,29,5
481,29,6
482,29,15
483,29,16
484,29,17
485,29,18
486,29,19
487,29,20
488,29,21
489,29,22
490,29,23
491,30,0
492,30,1
493,30,2
494,30,3
495,30,4
496,30,5
497,30,6
498,30,15
499,30,16
500,30,17
501,30,18
502,30,19
503,30,20
504,30,21
505,30,22
506,30,23
507,31,0
508,31,1
509,31,2
510,31,3
511,31,4
512,31,5
513,31,6
514,31,15
515,31,16
516,31,17
517,31,18
518,31,19
519,31,20
520,31,21
521,31,22
522,31,23
523,32,0
524,32,1
525,32,2
526,32,3
527,32,4
528,32,5
529,32,6
530,32,15
531,32,16
532,32,17
533,32,18
534,32,19
535,32,20
536,32,21
537,32,22
538,32,23
539,33,0
540,33,1
541,33,2
542,33,3
543,33,4
544,33,5
545,33,6
546,33,15
547,33,16
548,33,17
549,33,18
550,33,19
551,33,20
552,33,21
553,33,22
554,33,23
555,34,0
556,34,1
557,34,2
558,34,3
559,34,4
560,34,5
561,34,6
562,34,15
563,34,16
564,34,17
565,34,18
566,34,19
567,34,20
568,34,21
569,34,22
570,34,23
571,35,0
572,35,1
573,35,2
574,35,3
575,35,4
576,35,5
577,35,6
578,35,15
579,35,16
580,35,17
581,35,18
582,35,19
583,35,20
584,35,21
585,35,22
586,35,23
587,36,0
588,36,1
589,36,2
590,36,3
591,36,4
592,36,5
593,36,6
594,36,15
595,36,16
596,36,17
597,36,18
598,36,19
599,36,20
600,36,21
601,36,22
602,36,23
603,37,0
604,37,1
605,37,2
606,37,3
607,37,4
608,37,5
609,37,6
610,37,15
611,37,16
612,37,17
613,37,18
614,37,19
615,37,20
616,37,21
617,37,22
618,37,23
619,38,0
620,38,1
621,38,2
622,38,3
623,38,4
624,38,5
625,38,6
626,38,15
627,38,16
628,38,17
629,38,18
630,38,19
631,38,20
632,38,21
633,38,22
634,38,23
635,39,0
636,39,1
637,39,2
638,39,3
639,39,4
640,39,5
641,39,6
642,39,15
643,39,16
644,39,17
645,39,18
646,39,19
647,39,20
648,39,21
649,39,22
650,39,23
651,40,0
652,40,1
653,40,2
654,40,3
655,40,4
656,40,5
657,40,6
658,40,15
659,40,16
660,40,17
661,40,18
662,40,19
663,40,20
664,40,21
665,40,22
666,40,23
667,41,0
668,41,1
669,41,2
670,41,3
671,41,4
672,41,5
673,41,15
674,41,16
675,41,17
676,41,18
677,41,19
678,41,20
679,41,21
680,41,22
681,41,23
682,42,0
683,42,1
684,42,2
685,42,3
686,42,4
687,42,5
688,42,15
689,42,16
690,42,17
691,42,18
692,42,19
693,42,20
694,42,21
695,42,22
696,42,23
697,43,0
698,43,1
699,43,2
700,43,3
701,43,4
702,43,5
703,43,15
704,43,16
705,43,17
706,43,18
707,43,19
708,43,20
709,43,21
710,43,22
711,43,23
712,44,0
713,44,1
714,44,2
715,44,3
716,44,4
717,44,5
718,44,15
719,44,16
720,44,17
721,44,18
722,44,19
723,44,20
724,44,21
725,44,22
726,44,23
727,45,0
728,45,1
729,45,2
730,45,3
731,45,4
732,45,5
733,45,15
734,45,16
735,45,17
736,45,18
737,45,19
738,45,20
739,45,21
740,45,22
741,45,23
742,46,0
743,46,1
744,46,2
745,46,3
746,46,4
747,46,5
748,46,15
749,46,16
750,46,17
751,46,18
752,46,19
753,46,20
754,46,21
755,46,22
756,46,23
757,47,0
758,47,1
759,47,2
760,47,3
761,47,4
762,47,5
763,47,15
764,47,16
765,47,17
766,47,18
767,47,19
768,47,20
769,47,21
770,47,22
771,47,23
772,48,0
773,48,1
774,48,2
775,48,3
776,48,4
777,48,5
778,48,15
779,48,16
780,48,17
781,48,18
782,48,19
783,48,20
784,48,21
785,48,22
786,48,23
787,49,0
788,49,1
789,49,2
790,49,3
791,49,4
792,49,5
793,49,15
794,49,16
795,49,17
796,49,18
797,49,19
798,49,20
799,49,21
800,49,22
801,49,23
802,50,0
803,50,1
804,50,2
805,50,3
806,50,4
807,50,5
808,50,15
809,50,16
810,50,17
811,50,18
812,50,19
813,50,20
814,50,21
815,50,22
816,50,23
817,51,0
818,51,1
819,51,2
820,51,3
821,51,4
822,51,5
823,51,15
824,51,16
825,51,17
826,51,18
827,51,19
828,51,20
829,51,21
830,51,22
831,51,23
832,52,0
833,52,1
834,52,2
835,52,3
836,52,4
837,52,5
838,52,15
839,52,16
840,52,17
841,52,18
842,52,19
843,52,20
844,52,21
845,52,22
846,52,23
847,53,0
848,53,1
849,53,2
850,53,3
851,53,4
852,53,5
853,53,15
854,53,16
855,53,17
856,53,18
857,53,19
858,53,20
859,53,21
860,53,22
861,53,23
862,54,0
863,54,1
864,54,2
865,54,3
866,54,4
867,54,5
868,54,15
869,54,16
870,54,17
871,54,18
872,54,19
873,54,20
874,54,21
875,54,22
876,54,23
877,55,0
878,55,1
879,55,2
880,55,3
881,55,4
882,55,5
883,55,15
884,55,16
885,55,17
886,55,18
887,55,19
888,55,20
889,55,21
890,55,22
891,55,23
892,56,0
893,56,1
894,56,2
895,56,3
896,56,4
897,56,5
898,56,15
899,56,16
900,56,17
901,56,18
902,56,19
903,56,20
904,56,21
905,56,22
906,56,23
907,57,0
908,57,1
909,57,2
910,57,3
911,57,4
912,57,5
913,57,15
914,57,16
915,57,17
916,57,18
917,57,19
918,57,20
919,57,21
920,57,22
921,57,23
922,58,0
923,58,1
924,58,2
925,58,3
926,58,4
927,58,5
928,58,15
929,58,16
930,58,17
931,58,18
932,58,19
933,58,20
934,58,21
935,58,22
936,58,23
937,59,0
938,59,1
939,59,2
940,59,3
941,59,4
942,59,5
943,59,15
944,59,16
945,59,17
946,59,18
947,59,19
948,59,20
949,59,21
950,59,22
951,59,23
952,60,0
953,60,1
954,60,2
955,60,3
956,60,4
957,60,5
958,60,15
959,60,16
960,60,17
961,60,18
962,60,19
963,60,20
964,60,21
965,60,22
966,60,23
967,61,0
968,61,1
969,61,2
970,61,3
971,61,4
972,61,5
973,61,15
974,61,16
975,61,17
976,61,18
977,61,19
978,61,20
979,61,21
980,61,22
981,61,23
982,62,0
983,62,1
984,62,2
985,62,3
986,62,4
987,62,5
988,62,15
989,62,16
990,62,17
991,62,18
992,62,19
993,62,20
994,62,21
995,62,22
996,62,23
997,63,0
998,63,1
999,63,2
1000,63,3
1001,63,4
1002,63,5
1003,63,15
1004,63,16
1005,63,17
1006,63,18
1007,63,19
1008,63,20
1009,63,21
1010,63,22
1011,63,23
1012,64,0
1013,64,1
1014,64,2
1015,64,3
1016,64,4
1017,64,5
1018,64,16
1019,64,17
1020,64,18
1021,64,19
1022,64,20
1023,64,21
1024,64,22
1025,64,23
1026,65,0
1027,65,1
1028,65,2
1029,65,3
1030,65,4
1031,65,5
1032,65,16
1033,65,17
1034,65,18
1035,65,19
1036,65,20
1037,65,21
1038,65,22
1039,65,23
1040,66,0
1041,66,1
1042,66,2
1043,66,3
1044,66,4
1045,66,5
1046,66,16
1047,66,17
1048,66,18
1049,66,19
1050,66,20
1051,66,21
1052,66,22
1053,66,23
1054,67,0
1055,67,1
1056,67,2
1057,67,3
1058,67,4
1059,67,5
1060,67,16
1061,67,17
1062,67,18
1063,67,19
1064,67,20
1065,67,21
1066,67,22
1067,67,23
1068,68,0
1069,68,1
1070,68,2
1071,68,3
1072,68,4
1073,68,5
1074,68,16
1075,68,17
1076,68,18
1077,68,19
1078,68,20
1079,68,21
1080,68,22
1081,68,23
1082,69,0
1083,69,1
1084,69,2
1085,69,3
1086,69,4
1087,69,5
1088,69,16
1089,69,17
1090,69,18
1091,69,19
1092,69,20
1093,69,21
1094,69,22
1095,69,23
1096,70,0
1097,70,1
1098,70,2
1099,70,3
1100,70,4
1101,70,5
1102,70,16
1103,70,17
1104,70,18
1105,70,19
1106,70,20
1107,70,21
1108,70,22
1109,70,23
1110,71,0
1111,71,1
1112,71,2
1113,71,3
1114,71,4
1115,71,5
1116,71,16
1117,71,17
1118,71,18
1119,71,19
1120,71,20
1121,71,21
1122,71,22
1123,71,23
1124,72,0
1125,72,1
1126,72,2
1127,72,3
1128,72,4
1129,72,5
1130,72,16
1131,72,17
1132,72,18
1133,72,19
1134,72,20
1135,72,21
1136,72,22
1137,72,23
1138,73,0
1139,73,1
1140,73,2
1141,73,3
1142,73,4
1143,73,5
1144,73,16
1145,73,17
1146,73,18
1147,73,19
1148,73,20
1149,73,21
1150,73,22
1151,73,23
1152,74,0
1153,74,1
1154,74,2
1155,74,3
1156,74,4
1157,74,5
1158,74,16
1159,74,17
1160,74,18
1161,74,19
1162,74,20
1163,74,21
1164,74,22
1165,74,23
1166,75,0
1167,75,1
1168,75,2
1169,75,3
1170,75,4
1171,75,5
1172,75,16
1173,75,17
1174,75,18
1175,75,19
1176,75,20
1177,75,21
1178,75,22
1179,75,23
1180,76,0
1181,76,1
1182,76,2
1183,76,3
1184,76,4
1185,76,16
1186,76,17
1187,76,18
1188,76,19
1189,76,20
1190,76,21
1191,76,22
1192,76,23
1193,77,0
1194,77,1
1195,77,2
1196,77,3
1197,77,4
1198,77,16
1199,77,17
1200,77,18
1201,77,19
1202,77,20
1203,77,21
1204,77,22
1205,77,23
1206,78,0
1207,78,1
1208,78,2
1209,78,3
1210,78,4
1211,78,16
1212,78,17
1213,78,18
1214,78,19
1215,78,20
1216,78,21
1217,78,22
1218,78,23
1219,79,0
1220,79,1
1221,79,2
1222,79,3
1223,79,4
1224,79,16
1225,79,17
1226,79,18
1227,79,19
1228,79,20
1229,79,21
1230,79,22
1231,79,23
1232,80,0
1233,80,1
1234,80,2
1235,80,3
1236,80,4
1237,80,16
1238,80,17
1239,80,18
1240,80,19
1241,80,20
1242,80,21
1243,80,22
1244,80,23
1245,81,0
1246,81,1
1247,81,2
1248,81,3
1249,81,4
1250,81,16
1251,81,17
1252,81,18
1253,81,19
1254,81,20
1255,81,21
1256,81,22
1257,81,23
1258,82,0
1259,82,1
1260,82,2
1261,82,3
1262,82,4
1263,82,16
1264,82,17
1265,82,18
1266,82,19
1267,82,20
1268,82,21
1269,82,22
1270,82,23
1271,83,0
1272,83,1
1273,83,2
1274,83,3
1275,83,4
1276,83,16
1277,83,17
1278,83,18
1279,83,19
1280,83,20
1281,83,21
1282,83,22
1283,83,23
1284,84,0
1285,84,1
1286,84,2
1287,84,3
1288,84,4
1289,84,16
1290,84,17
1291,84,18
1292,84,19
1293,84,20
1294,84,21
1295,84,22
1296,84,23
1297,85,0
1298,85,1
1299,85,2
1300,85,3
1301,85,4
1302,85,16
1303,85,17
1304,85,18
1305,85,19
1306,85,20
1307,85,21
1308,85,22
1309,85,23
1310,86,0
1311,86,1
1312,86,2
1313,86,3
1314,86,4
1315,86,16
1316,86,17
1317,86,18
1318,86,19
1319,86,20
1320,86,21
1321,86,22
1322,86,23
1323,87,0
1324,87,1
1325,87,2
1326,87,3
1327,87,4
1328,87,16
1329,87,17
1330,87,18
1331,87,19
1332,87,20
1333,87,21
1334,87,22
1335,87,23
1336,88,0
1337,88,1
1338,88,2
1339,88,3
1340,88,4
1341,88,16
1342,88,17
1343,88,18
1344,88,19
1345,88,20
1346,88,21
1347,88,22
1348,88,23
1349,89,0
1350,89,1
1351,89,2
1352,89,3
1353,89,4
1354,89,16
1355,89,17
1356,89,18
1357,89,19
1358,89,20
1359,89,21
1360,89,22
1361,89,23
1362,90,0
1363,90,1
1364,90,2
1365,90,3
1366,90,4
1367,90,16
1368,90,17
1369,90,18
1370,90,19
1371,90,20
1372,90,21
1373,90,22
1374,90,23
1375,91,0
1376,91,1
1377,91,2
1378,91,3
1379,91,4
1380,91,16
1381,91,17
1382,91,18
1383,91,19
1384,91,20
1385,91,21
1386,91,22
1387,91,23
1388,92,0
1389,92,1
1390,92,2
1391,92,3
1392,92,4
1393,92,16
1394,92,17
1395,92,18
1396,92,19
1397,92,20
1398,92,21
1399,92,22
1400,92,23
1401,93,0
1402,93,1
1403,93,2
1404,93,3
1405,93,4
1406,93,16
1407,93,17
1408,93,18
1409,93,19
1410,93,20
1411,93,21
1412,93,22
1413,93,23
1414,94,0
1415,94,1
1416,94,2
1417,94,3
1418,94,4
1419,94,16
1420,94,17
1421,94,18
1422,94,19
1423,94,20
1424,94,21
1425,94,22
1426,94,23
1427,95,0
1428,95,1
1429,95,2
1430,95,3
1431,95,4
1432,95,16
1433,95,17
1434,95,18
1435,95,19
1436,95,20
1437,95,21
1438,95,22
1439,95,23
1440,96,0
1441,96,1
1442,96,2
1443,96,3
1444,96,4
1445,96,16
1446,96,17
1447,96,18
1448,96,19
1449,96,20
1450,96,21
1451,96,22
1452,96,23
1453,97,0
1454,97,1
1455,97,2
1456,97,3
1457,97,4
1458,97,16
1459,97,17
1460,97,18
1461,97,19
1462,97,20
1463,97,21
1464,97,22
1465,97,23
1466,98,0
1467,98,1
1468,98,2
1469,98,3
1470,98,4
1471,98,16
1472,98,17
1473,98,18
1474,98,19
1475,98,20
1476,98,21
1477,98,22
1478,98,23
1479,99,0
1480,99,1
1481,99,2
1482,99,3
1483,99,4
1484,99,16
1485,99,17
1486,99,18
1487,99,19
1488,99,20
1489,99,21
1490,99,22
1491,99,23
1492,100,0
1493,100,1
1494,100,2
1495,100,3
1496,100,4
1497,100,16
1498,100,17
1499,100,18
1500,100,19
1501,100,20
1502,100,21
1503,100,22
1504,100,23
1505,101,0
1506,101,1
1507,101,2
1508,101,3
1509,101,4
1510,101,16
1511,101,17
1512,101,18
1513,101,19
1514,101,20
1515,101,21
1516,101,22
1517,101,23
1518,102,0
1519,102,1
1520,102,2
1521,102,3
1522,102,4
1523,102,16
1524,102,17
1525,102,18
1526,102,19
1527,102,20
1528,102,21
1529,102,22
1530,102,23
1531,103,0
1532,103,1
1533,103,2
1534,103,3
1535,103,4
1536,103,16
1537,103,17
1538,103,18
1539,103,19
1540,103,20
1541,103,21
1542,103,22
1543,103,23
1544,104,0
1545,104,1
1546,104,2
1547,104,3
1548,104,4
1549,104,16
1550,104,17
1551,104,18
1552,104,19
1553,104,20
1554,104,21
1555,104,22
1556,104,23
1557,105,0
1558,105,1
1559,105,2
1560,105,3
1561,105,4
1562,105,17
1563,105,18
1564,105,19
1565,105,20
1566,105,21
1567,105,22
1568,105,23
1569,106,0
1570,106,1
1571,106,2
1572,106,3
1573,106,4
1574,106,16
1575,106,17
1576,106,18
1577,106,19
1578,106,20
1579,106,21
1580,106,22
1581,106,23
1582,107,0
1583,107,1
1584,107,2
1585,107,3
1586,107,4
1587,107,16
1588,107,17
1589,107,18
1590,107,19
1591,107,20
1592,107,21
1593,107,22
1594,107,23
1595,108,0
1596,108,1
1597,108,2
1598,108,3
1599,108,4
1600,108,16
1601,108,17
1602,108,18
1603,108,19
1604,108,20
1605,108,21
1606,108,22
1607,108,23
1608,109,0
1609,109,1
1610,109,2
1611,109,3
1612,109,4
1613,109,17
1614,109,18
1615,109,19
1616,109,20
1617,109,21
1618,109,22
1619,109,23
1620,110,0
1621,110,1
1622,110,2
1623,110,3
1624,110,4
1625,110,17
1626,110,18
1627,110,19
1628,110,20
1629,110,21
1630,110,22
1631,110,23
1632,111,0
1633,111,1
1634,111,2
1635,111,3
1636,111,4
1637,111,17
1638,111,18
1639,111,19
1640,111,20
1641,111,21
1642,111,22
1643,111,23
1644,112,0
1645,112,1
1646,112,2
1647,112,3
1648,112,4
1649,112,17
1650,112,18
1651,112,19
1652,112,20
1653,112,21
1654,112,22
1655,112,23
1656,113,0
1657,113,1
1658,113,2
1659,113,3
1660,113,4
1661,113,17
1662,113,18
1663,113,19
1664,113,20
1665,113,21
1666,113,22
1667,113,23
1668,114,0
1669,114,1
1670,114,2
1671,114,3
1672,114,4
1673,114,17
1674,114,18
1675,114,19
1676,114,20
1677,114,21
1678,114,22
1679,114,23
1680,115,0
1681,115,1
1682,115,2
1683,115,3
1684,115,4
1685,115,17
1686,115,18
1687,115,19
1688,115,20
1689,115,21
1690,115,22
1691,115,23
1692,116,0
1693,116,1
1694,116,2
1695,116,3
1696,116,4
1697,116,17
1698,116,18
1699,116,19
1700,116,20
1701,116,21
1702,116,22
1703,116,23
1704,117,0
1705,117,1
1706,117,2
1707,117,3
1708,117,4
1709,117,17
1710,117,18
1711,117,19
1712,117,20
1713,117,21
1714,117,22
1715,117,23
1716,118,0
1717,118,1
1718,118,2
1719,118,3
1720,118,4
1721,118,17
1722,118,18
1723,118,19
1724,118,20
1725,118,21
1726,118,22
1727,118,23
1728,119,0
1729,119,1
1730,119,2
1731,119,3
1732,119,4
1733,119,17
1734,119,18
1735,119,19
1736,119,20
1737,119,21
1738,119,22
1739,119,23
1740,120,0
1741,120,1
1742,120,2
1743,120,3
1744,120,17
1745,120,18
1746,120,19
1747,120,20
1748,120,21
1749,120,22
1750,120,23
1751,121,0
1752,121,1
1753,121,2
1754,121,3
1755,121,4
1756,121,17
1757,121,18
1758,121,19
1759,121,20
1760,121,21
1761,121,22
1762,121,23
1763,122,0
1764,122,1
1765,122,2
1766,122,3
1767,122,4
1768,122,17
1769,122,18
1770,122,19
1771,122,20
1772,122,21
1773,122,22
1774,122,23
1775,123,0
1776,123,1
1777,123,2
1778,123,3
1779,123,17
1780,123,18
1781,123,19
1782,123,20
1783,123,21
1784,123,22
1785,123,23
1786,124,0
1787,124,1
1788,124,2
1789,124,3
1790,124,17
1791,124,18
1792,124,19
1793,124,20
1794,124,21
1795,124,22
1796,124,23
1797,125,0
1798,125,1
1799,125,2
1800,125,3
1801,125,17
1802,125,18
1803,125,19
1804,125,20
1805,125,21
1806,125,22
1807,125,23
1808,126,0
1809,126,1
1810,126,2
1811,126,3
1812,126,17
1813,126,18
1814,126,19
1815,126,20
1816,126,21
1817,126,22
1818,126,23
1819,127,0
1820,127,1
1821,127,2
1822,127,3
1823,127,17
1824,127,18
1825,127,19
1826,127,20
1827,127,21
1828,127,22
1829,127,23
1830,128,0
1831,128,1
1832,128,2
1833,128,3
1834,128,17
1835,128,18
1836,128,19
1837,128,20
1838,128,21
1839,128,22
1840,128,23
1841,129,0
1842,129,1
1843,129,2
1844,129,3
1845,129,17
1846,129,18
1847,129,19
1848,129,20
1849,129,21
1850,129,22
1851,129,23
1852,130,0
1853,130,1
1854,130,2
1855,130,3
1856,130,17
1857,130,18
1858,130,19
1859,130,20
1860,130,21
1861,130,22
1862,130,23
1863,131,0
1864,131,1
1865,131,2
1866,131,3
1867,131,17
1868,131,18
1869,131,19
1870,131,20
1871,131,21
1872,131,22
1873,131,23
1874,132,0
1875,132,1
1876,132,2
1877,132,3
1878,132,17
1879,132,18
1880,132,19
1881,132,20
1882,132,21
1883,132,22
1884,132,23
1885,133,0
1886,133,1
1887,133,2
1888,133,3
1889,133,17
1890,133,18
1891,133,19
1892,133,20
1893,133,21
1894,133,22
1895,133,23
1896,134,0
1897,134,1
1898,134,2
1899,134,3
1900,134,17
1901,134,18
1902,134,19
1903,134,20
1904,134,21
1905,134,22
1906,134,23
1907,135,0
1908,135,1
1909,135,2
1910,135,3
1911,135,17
1912,135,18
1913,135,19
1914,135,20
1915,135,21
1916,135,22
1917,135,23
1918,136,0
1919,136,1
1920,136,2
1921,136,3
1922,136,17
1923,136,18
1924,136,19
1925,136,20
1926,136,21
1927,136,22
1928,136,23
1929,137,0
1930,137,1
1931,137,2
1932,137,3
1933,137,17
1934,137,18
1935,137,19
1936,137,20
1937,137,21
1938,137,22
1939,137,23
1940,138,0
1941,138,1
1942,138,2
1943,138,3
1944,138,17
1945,138,18
1946,138,19
1947,138,20
1948,138,21
1949,138,22
1950,138,23
1951,139,0
1952,139,1
1953,139,2
1954,139,3
1955,139,17
1956,139,18
1957,139,19
1958,139,20
1959,139,21
1960,139,22
1961,139,23
1962,140,0
1963,140,1
1964,140,2
1965,140,3
1966,140,17
1967,140,18
1968,140,19
1969,140,20
1970,140,21
1971,140,22
1972,140,23
1973,141,0
1974,141,1
1975,141,2
1976,141,3
1977,141,17
1978,141,18
1979,141,19
1980,141,20
1981,141,21
1982,141,22
1983,141,23
1984,142,0
1985,142,1
1986,142,2
1987,142,3
1988,142,17
1989,142,18
1990,142,19
1991,142,20
1992,142,21
1993,142,22
1994,142,23
1995,143,0
1996,143,1
1997,143,2
1998,143,3
1999,143,17
2000,143,18
2001,143,19
2002,143,20
2003,143,21
2004,143,22
2005,143,23
2006,144,0
2007,144,1
2008,144,2
2009,144,3
2010,144,17
2011,144,18
2012,144,19
2013,144,20
2014,144,21
2015,144,22
2016,144,23
2017,145,0
2018,145,1
2019,145,2
2020,145,3
2021,145,17
2022,145,18
2023,145,19
2024,145,20
2025,145,21
2026,145,22
2027,145,23
2028,146,0
2029,146,1
2030,146,2
2031,146,3
2032,146,17
2033,146,18
2034,146,19
2035,146,20
2036,146,21
2037,146,22
2038,146,23
2039,147,0
2040,147,1
2041,147,2
2042,147,3
2043,147,17
2044,147,18
2045,147,19
2046,147,20
2047,147,21
2048,147,22
2049,147,23
2050,148,0
2051,148,1
2052,148,2
2053,148,3
2054,148,17
2055,148,18
2056,148,19
2057,148,20
2058,148,21
2059,148,22
2060,148,23
2061,149,0
2062,149,1
2063,149,2
2064,149,3
2065,149,17
2066,149,18
2067,149,19
2068,149,20
2069,149,21
2070,149,22
2071,149,23
2072,150,0
2073,150,1
2074,150,2
2075,150,3
2076,150,17
2077,150,18
2078,150,19
2079,150,20
2080,150,21
2081,150,22
2082,150,23
2083,151,0
2084,151,1
2085,151,2
2086,151,3
2087,151,17
2088,151,18
2089,151,19
2090,151,20
2091,151,21
2092,151,22
2093,151,23
2094,152,0
2095,152,1
2096,152,2
2097,152,3
2098,152,17
2099,152,18
2100,152,19
2101,152,20
2102,152,21
2103,152,22
2104,152,23
2105,153,0
2106,153,1
2107,153,2
2108,153,3
2109,153,17
2110,153,18
2111,153,19
2112,153,20
2113,153,21
2114,153,22
2115,153,23
2116,154,0
2117,154,1
2118,154,2
2119,154,3
2120,154,17
2121,154,18
2122,154,19
2123,154,20
2124,154,21
2125,154,22
2126,154,23
2127,155,0
2128,155,1
2129,155,2
2130,155,3
2131,155,17
2132,155,18
2133,155,19
2134,155,20
2135,155,21
2136,155,22
2137,155,23
2138,156,0
2139,156,1
2140,156,2
2141,156,3
2142,156,17
2143,156,18
2144,156,19
2145,156,20
2146,156,21
2147,156,22
2148,156,23
2149,157,0
2150,157,1
2151,157,2
2152,157,3
2153,157,17
2154,157,18
2155,157,19
2156,157,20
2157,157,21
2158,157,22
2159,157,23
2160,158,0
2161,158,1
2162,158,2
2163,158,3
2164,158,17
2165,158,18
2166,158,19
2167,158,20
2168,158,21
2169,158,22
2170,158,23
2171,159,0
2172,159,1
2173,159,2
2174,159,3
2175,159,17
2176,159,18
2177,159,19
2178,159,20
2179,159,21
2180,159,22
2181,159,23
2182,160,0
2183,160,1
2184,160,2
2185,160,3
2186,160,17
2187,160,18
2188,160,19
2189,160,20
2190,160,21
2191,160,22
2192,160,23
2193,161,0
2194,161,1
2195,161,2
2196,161,3
2197,161,17
2198,161,18
2199,161,19
2200,161,20
2201,161,21
2202,161,22
2203,161,23
2204,162,0
2205,162,1
2206,162,2
2207,162,3
2208,162,17
2209,162,18
2210,162,19
2211,162,20
2212,162,21
2213,162,22
2214,162,23
2215,163,0
2216,163,1
2217,163,2
2218,163,3
2219,163,17
2220,163,18
2221,163,19
2222,163,20
2223,163,21
2224,163,22
2225,163,23
2226,164,0
2227,164,1
2228,164,2
2229,164,3
2230,164,17
2231,164,18
2232,164,19
2233,164,20
2234,164,21
2235,164,22
2236,164,23
2237,165,0
2238,165,1
2239,165,2
2240,165,3
2241,165,17
2242,165,18
2243,165,19
2244,165,20
2245,165,21
2246,165,22
2247,165,23
2248,166,0
2249,166,1
2250,166,2
2251,166,3
2252,166,17
2253,166,18
2254,166,19
2255,166,20
2256,166,21
2257,166,22
2258,166,23
2259,167,0
2260,167,1
2261,167,2
2262,167,3
2263,167,17
2264,167,18
2265,167,19
2266,167,20
2267,167,21
2268,167,22
2269,167,23
2270,168,0
2271,168,1
2272,168,2
2273,168,3
2274,168,17
2275,168,18
2276,168,19
2277,168,20
2278,168,21
2279,168,22
2280,168,23
2281,169,0
2282,169,1
2283,169,2
2284,169,3
2285,169,17
2286,169,18
2287,169,19
2288,169,20
2289,169,21
2290,169,22
2291,169,23
2292,170,0
2293,170,1
2294,170,2
2295,170,3
2296,170,17
2297,170,18
2298,170,19
2299,170,20
2300,170,21
2301,170,22
2302,170,23
2303,171,0
2304,171,1
2305,171,2
2306,171,3
2307,171,17
2308,171,18
2309,171,19
2310,171,20
2311,171,21
2312,171,22
2313,171,23
2314,172,0
2315,172,1
2316,172,2
2317,172,3
2318,172,17
2319,172,18
2320,172,19
2321,172,20
2322,172,21
2323,172,22
2324,172,23
2325,173,0
2326,173,1
2327,173,2
2328,173,3
2329,173,17
2330,173,18
2331,173,19
2332,173,20
2333,173,21
2334,173,22
2335,173,23
2336,174,0
2337,174,1
2338,174,2
2339,174,3
2340,174,17
2341,174,18
2342,174,19
2343,174,20
2344,174,21
2345,174,22
2346,174,23
2347,175,0
2348,175,1
2349,175,2
2350,175,3
2351,175,17
2352,175,18
2353,175,19
2354,175,20
2355,175,21
2356,175,22
2357,175,23
2358,176,0
2359,176,1
2360,176,2
2361,176,3
2362,176,17
2363,176,18
2364,176,19
2365,176,20
2366,176,21
2367,176,22
2368,176,23
2369,177,0
2370,177,1
2371,177,2
2372,177,3
2373,177,17
2374,177,18
2375,177,19
2376,177,20
2377,177,21
2378,177,22
2379,177,23
2380,178,0
2381,178,1
2382,178,2
2383,178,3
2384,178,17
2385,178,18
2386,178,19
2387,178,20
2388,178,21
2389,178,22
2390,178,23
2391,179,0
2392,179,1
2393,179,2
2394,179,3
2395,179,17
2396,179,18
2397,179,19
2398,179,20
2399,179,21
2400,179,22
2401,179,23
2402,180,0
2403,180,1
2404,180,2
2405,180,3
2406,180,17
2407,180,18
2408,180,19
2409,180,20
2410,180,21
2411,180,22
2412,180,23
2413,181,0
2414,181,1
2415,181,2
2416,181,3
2417,181,17
2418,181,18
2419,181,19
2420,181,20
2421,181,21
2422,181,22
2423,181,23
2424,182,0
2425,182,1
2426,182,2
2427,182,3
2428,182,17
2429,182,18
2430,182,19
2431,182,20
2432,182,21
2433,182,22
2434,182,23
2435,183,0
2436,183,1
2437,183,2
2438,183,3
2439,183,17
2440,183,18
2441,183,19
2442,183,20
2443,183,21
2444,183,22
2445,183,23
2446,184,0
2447,184,1
2448,184,2
2449,184,3
2450,184,17
2451,184,18
2452,184,19
2453,184,20
2454,184,21
2455,184,22
2456,184,23
2457,185,0
2458,185,1
2459,185,2
2460,185,3
2461,185,17
2462,185,18
2463,185,19
2464,185,20
2465,185,21
2466,185,22
2467,185,23
2468,186,0
2469,186,1
2470,186,2
2471,186,3
2472,186,17
2473,186,18
2474,186,19
2475,186,20
2476,186,21
2477,186,22
2478,186,23
2479,187,0
2480,187,1
2481,187,2
2482,187,3
2483,187,17
2484,187,18
2485,187,19
2486,187,20
2487,187,21
2488,187,22
2489,187,23
2490,188,0
2491,188,1
2492,188,2
2493,188,3
2494,188,17
2495,188,18
2496,188,19
2497,188,20
2498,188,21
2499,188,22
2500,188,23
2501,189,0
2502,189,1
2503,189,2
2504,189,3
2505,189,17
2506,189,18
2507,189,19
2508,189,20
2509,189,21
2510,189,22
2511,189,23
2512,190,0
2513,190,1
2514,190,2
2515,190,3
2516,190,17
2517,190,18
2518,190,19
2519,190,20
2520,190,21
2521,190,22
2522,190,23
2523,191,0
2524,191,1
2525,191,2
2526,191,3
2527,191,17
2528,191,18
2529,191,19
2530,191,20
2531,191,21
2532,191,22
2533,191,23
2534,192,0
2535,192,1
2536,192,2
2537,192,3
2538,192,17
2539,192,18
2540,192,19
2541,192,20
2542,192,21
2543,192,22
2544,192,23
2545,193,0
2546,193,1
2547,193,2
2548,193,3
2549,193,17
2550,193,18
2551,193,19
2552,193,20
2553,193,21
2554,193,22
2555,193,23
2556,194,0
2557,194,1
2558,194,2
2559,194,3
2560,194,17
2561,194,18
2562,194,19
2563,194,20
2564,194,21
2565,194,22
2566,194,23
2567,195,0
2568,195,1
2569,195,2
2570,195,3
2571,195,17
2572,195,18
2573,195,19
2574,195,20
2575,195,21
2576,195,22
2577,195,23
2578,196,0
2579,196,1
2580,196,2
2581,196,3
2582,196,17
2583,196,18
2584,196,19
2585,196,20
2586,196,21
2587,196,22
2588,196,23
2589,197,0
2590,197,1
2591,197,2
2592,197,3
2593,197,17
2594,197,18
2595,197,19
2596,197,20
2597,197,21
2598,197,22
2599,197,23
2600,198,0
2601,198,1
2602,198,2
2603,198,3
2604,198,17
2605,198,18
2606,198,19
2607,198,20
2608,198,21
2609,198,22
2610,198,23
2611,199,0
2612,199,1
2613,199,2
2614,199,3
2615,199,17
2616,199,18
2617,199,19
2618,199,20
2619,199,21
2620,199,22
2621,199,23
2622,200,0
2623,200,1
2624,200,2
2625,200,3
2626,200,17
2627,200,18
2628,200,19
2629,200,20
2630,200,21
2631,200,22
2632,200,23
2633,201,0
2634,201,1
2635,201,2
2636,201,3
2637,201,17
2638,201,18
2639,201,19
2640,201,20
2641,201,21
2642,201,22
2643,201,23
2644,202,0
2645,202,1
2646,202,2
2647,202,3
2648,202,17
2649,202,18
2650,202,19
2651,202,20
2652,202,21
2653,202,22
2654,202,23
2655,203,0
2656,203,1
2657,203,2
2658,203,3
2659,203,17
2660,203,18
2661,203,19
2662,203,20
2663,203,21
2664,203,22
2665,203,23
2666,204,0
2667,204,1
2668,204,2
2669,204,3
2670,204,17
2671,204,18
2672,204,19
2673,204,20
2674,204,21
2675,204,22
2676,204,23
2677,205,0
2678,205,1
2679,205,2
2680,205,3
2681,205,17
2682,205,18
2683,205,19
2684,205,20
2685,205,21
2686,205,22
2687,205,23
2688,206,0
2689,206,1
2690,206,2
2691,206,3
2692,206,17
2693,206,18
2694,206,19
2695,206,20
2696,206,21
2697,206,22
2698,206,23
2699,207,0
2700,207,1
2701,207,2
2702,207,3
2703,207,17
2704,207,18
2705,207,19
2706,207,20
2707,207,21
2708,207,22
2709,207,23
2710,208,0
2711,208,1
2712,208,2
2713,208,3
2714,208,17
2715,208,18
2716,208,19
2717,208,20
2718,208,21
2719,208,22
2720,208,23
2721,209,0
2722,209,1
2723,209,2
2724,209,3
2725,209,17
2726,209,18
2727,209,19
2728,209,20
2729,209,21
2730,209,22
2731,209,23
2732,210,0
2733,210,1
2734,210,2
2735,210,3
2736,210,17
2737,210,18
2738,210,19
2739,210,20
2740,210,21
2741,210,22
2742,210,23
2743,211,0
2744,211,1
2745,211,2
2746,211,3
2747,211,17
2748,211,18
2749,211,19
2750,211,20
2751,211,21
2752,211,22
2753,211,23
2754,212,0
2755,212,1
2756,212,2
2757,212,3
2758,212,17
2759,212,18
2760,212,19
2761,212,20
2762,212,21
2763,212,22
2764,212,23
2765,213,0
2766,213,1
2767,213,2
2768,213,3
2769,213,17
2770,213,18
2771,213,19
2772,213,20
2773,213,21
2774,213,22
2775,213,23
2776,214,0
2777,214,1
2778,214,2
2779,214,3
2780,214,17
2781,214,18
2782,214,19
2783,214,20
2784,214,21
2785,214,22
2786,214,23
2787,215,0
2788,215,1
2789,215,2
2790,215,3
2791,215,17
2792,215,18
2793,215,19
2794,215,20
2795,215,21
2796,215,22
2797,215,23
2798,216,0
2799,216,1
2800,216,2
2801,216,3
2802,216,17
2803,216,18
2804,216,19
2805,216,20
2806,216,21
2807,216,22
2808,216,23
2809,217,0
2810,217,1
2811,217,2
2812,217,3
2813,217,17
2814,217,18
2815,217,19
2816,217,20
2817,217,21
2818,217,22
2819,217,23
2820,218,0
2821,218,1
2822,218,2
2823,218,3
2824,218,17
2825,218,18
2826,218,19
2827,218,20
2828,218,21
2829,218,22
2830,218,23
2831,219,0
2832,219,1
2833,219,2
2834,219,3
2835,219,17
2836,219,18
2837,219,19
2838,219,20
2839,219,21
2840,219,22
2841,219,23
2842,220,0
2843,220,1
2844,220,2
2845,220,3
2846,220,17
2847,220,18
2848,220,19
2849,220,20
2850,220,21
2851,220,22
2852,220,23
2853,221,0
2854,221,1
2855,221,2
2856,221,3
2857,221,17
2858,221,18
2859,221,19
2860,221,20
2861,221,21
2862,221,22
2863,221,23
2864,222,0
2865,222,1
2866,222,2
2867,222,3
2868,222,17
2869,222,18
2870,222,19
2871,222,20
2872,222,21
2873,222,22
2874,222,23
2875,223,0
2876,223,1
2877,223,2
2878,223,3
2879,223,17
2880,223,18
2881,223,19
2882,223,20
2883,223,21
2884,223,22
2885,223,23
2886,224,0
2887,224,1
2888,224,2
2889,224,3
2890,224,17
2891,224,18
2892,224,19
2893,224,20
2894,224,21
2895,224,22
2896,224,23
2897,225,0
2898,225,1
2899,225,2
2900,225,3
2901,225,17
2902,225,18
2903,225,19
2904,225,20
2905,225,21
2906,225,22
2907,225,23
2908,226,0
2909,226,1
2910,226,2
2911,226,3
2912,226,4
2913,226,17
2914,226,18
2915,226,19
2916,226,20
2917,226,21
2918,226,22
2919,226,23
2920,227,0
2921,227,1
2922,227,2
2923,227,3
2924,227,4
2925,227,17
2926,227,18
2927,227,19
2928,227,20
2929,227,21
2930,227,22
2931,227,23
2932,228,0
2933,228,1
2934,228,2
2935,228,3
2936,228,4
2937,228,17
2938,228,18
2939,228,19
2940,228,20
2941,228,21
2942,228,22
2943,228,23
2944,229,0
2945,229,1
2946,229,2
2947,229,3
2948,229,4
2949,229,17
2950,229,18
2951,229,19
2952,229,20
2953,229,21
2954,229,22
2955,229,23
2956,230,0
2957,230,1
2958,230,2
2959,230,3
2960,230,4
2961,230,17
2962,230,18
2963,230,19
2964,230,20
2965,230,21
2966,230,22
2967,230,23
2968,231,0
2969,231,1
2970,231,2
2971,231,3
2972,231,4
2973,231,17
2974,231,18
2975,231,19
2976,231,20
2977,231,21
2978,231,22
2979,231,23
2980,232,0
2981,232,1
2982,232,2
2983,232,3
2984,232,4
2985,232,17
2986,232,18
2987,232,19
2988,232,20
2989,232,21
2990,232,22
2991,232,23
2992,233,0
2993,233,1
2994,233,2
2995,233,3
2996,233,4
2997,233,17
2998,233,18
2999,233,19
3000,233,20
3001,233,21
3002,233,22
3003,233,23
3004,234,0
3005,234,1
3006,234,2
3007,234,3
3008,234,4
3009,234,17
3010,234,18
3011,234,19
3012,234,20
3013,234,21
3014,234,22
3015,234,23
3016,235,0
3017,235,1
3018,235,2
3019,235,3
3020,235,4
3021,235,17
3022,235,18
3023,235,19
3024,235,20
3025,235,21
3026,235,22
3027,235,23
3028,236,0
3029,236,1
3030,236,2
3031,236,3
3032,236,4
3033,236,17
3034,236,18
3035,236,19
3036,236,20
3037,236,21
3038,236,22
3039,236,23
3040,237,0
3041,237,1
3042,237,2
3043,237,3
3044,237,4
3045,237,17
3046,237,18
3047,237,19
3048,237,20
3049,237,21
3050,237,22
3051,237,23
3052,238,0
3053,238,1
3054,238,2
3055,238,3
3056,238,4
3057,238,17
3058,238,18
3059,238,19
3060,238,20
3061,238,21
3062,238,22
3063,238,23
3064,239,0
3065,239,1
3066,239,2
3067,239,3
3068,239,4
3069,239,16
3070,239,17
3071,239,18
3072,239,19
3073,239,20
3074,239,21
3075,239,22
3076,239,23
3077,240,0
3078,240,1
3079,240,2
3080,240,3
3081,240,4
3082,240,17
3083,240,18
3084,240,19
3085,240,20
3086,240,21
3087,240,22
3088,240,23
3089,241,0
3090,241,1
3091,241,2
3092,241,3
3093,241,4
3094,241,16
3095,241,17
3096,241,18
3097,241,19
3098,241,20
3099,241,21
3100,241,22
3101,241,23
3102,242,0
3103,242,1
3104,242,2
3105,242,3
3106,242,4
3107,242,16
3108,242,17
3109,242,18
3110,242,19
3111,242,20
3112,242,21
3113,242,22
3114,242,23
3115,243,0
3116,243,1
3117,243,2
3118,243,3
3119,243,4
3120,243,16
3121,243,17
3122,243,18
3123,243,19
3124,243,20
3125,243,21
3126,243,22
3127,243,23
3128,244,0
3129,244,1
3130,244,2
3131,244,3
3132,244,4
3133,244,16
3134,244,17
3135,244,18
3136,244,19
3137,244,20
3138,244,21
3139,244,22
3140,244,23
3141,245,0
3142,245,1
3143,245,2
3144,245,3
3145,245,4
3146,245,16
3147,245,17
3148,245,18
3149,245,19
3150,245,20
3151,245,21
3152,245,22
3153,245,23
3154,246,0
3155,246,1
3156,246,2
3157,246,3
3158,246,4
3159,246,16
3160,246,17
3161,246,18
3162,246,19
3163,246,20
3164,246,21
3165,246,22
3166,246,23
3167,247,0
3168,247,1
3169,247,2
3170,247,3
3171,247,4
3172,247,16
3173,247,17
3174,247,18
3175,247,19
3176,247,20
3177,247,21
3178,247,22
3179,247,23
3180,248,0
3181,248,1
3182,248,2
3183,248,3
3184,248,4
3185,248,16
3186,248,17
3187,248,18
3188,248,19
3189,248,20
3190,248,21
3191,248,22
3192,248,23
3193,249,0
3194,249,1
3195,249,2
3196,249,3
3197,249,4
3198,249,16
3199,249,17
3200,249,18
3201,249,19
3202,249,20
3203,249,21
3204,249,22
3205,249,23
3206,250,0
3207,250,1
3208,250,2
3209,250,3
3210,250,4
3211,250,16
3212,250,17
3213,250,18
3214,250,19
3215,250,20
3216,250,21
3217,250,22
3218,250,23
3219,251,0
3220,251,1
3221,251,2
3222,251,3
3223,251,4
3224,251,16
3225,251,17
3226,251,18
3227,251,19
3228,251,20
3229,251,21
3230,251,22
3231,251,23
3232,252,0
3233,252,1
3234,252,2
3235,252,3
3236,252,4
3237,252,16
3238,252,17
3239,252,18
3240,252,19
3241,252,20
3242,252,21
3243,252,22
3244,252,23
3245,253,0
3246,253,1
3247,253,2
3248,253,3
3249,253,4
3250,253,16
3251,253,17
3252,253,18
3253,253,19
3254,253,20
3255,253,21
3256,253,22
3257,253,23
3258,254,0
3259,254,1
3260,254,2
3261,254,3
3262,254,4
3263,254,16
3264,254,17
3265,254,18
3266,254,19
3267,254,20
3268,254,21
3269,254,22
3270,254,23
3271,255,0
3272,255,1
3273,255,2
3274,255,3
3275,255,4
3276,255,16
3277,255,17
3278,255,18
3279,255,19
3280,255,20
3281,255,21
3282,255,22
3283,255,23
3284,256,0
3285,256,1
3286,256,2
3287,256,3
3288,256,4
3289,256,16
3290,256,17
3291,256,18
3292,256,19
3293,256,20
3294,256,21
3295,256,22
3296,256,23
3297,257,0
3298,257,1
3299,257,2
3300,257,3
3301,257,4
3302,257,16
3303,257,17
3304,257,18
3305,257,19
3306,257,20
3307,257,21
3308,257,22
3309,257,23
3310,258,0
3311,258,1
3312,258,2
3313,258,3
3314,258,4
3315,258,16
3316,258,17
3317,258,18
3318,258,19
3319,258,20
3320,258,21
3321,258,22
3322,258,23
3323,259,0
3324,259,1
3325,259,2
3326,259,3
3327,259,4
3328,259,16
3329,259,17
3330,259,18
3331,259,19
3332,259,20
3333,259,21
3334,259,22
3335,259,23
3336,260,0
3337,260,1
3338,260,2
3339,260,3
3340,260,4
3341,260,16
3342,260,17
3343,260,18
3344,260,19
3345,260,20
3346,260,21
3347,260,22
3348,260,23
3349,261,0
3350,261,1
3351,261,2
3352,261,3
3353,261,4
3354,261,16
3355,261,17
3356,261,18
3357,261,19
3358,261,20
3359,261,21
3360,261,22
3361,261,23
3362,262,0
3363,262,1
3364,262,2
3365,262,3
3366,262,4
3367,262,16
3368,262,17
3369,262,18
3370,262,19
3371,262,20
3372,262,21
3373,262,22
3374,262,23
3375,263,0
3376,263,1
3377,263,2
3378,263,3
3379,263,4
3380,263,16
3381,263,17
3382,263,18
3383,263,19
3384,263,20
3385,263,21
3386,263,22
3387,263,23
3388,264,0
3389,264,1
3390,264,2
3391,264,3
3392,264,4
3393,264,16
3394,264,17
3395,264,18
3396,264,19
3397,264,20
3398,264,21
3399,264,22
3400,264,23
3401,265,0
3402,265,1
3403,265,2
3404,265,3
3405,265,4
3406,265,16
3407,265,17
3408,265,18
3409,265,19
3410,265,20
3411,265,21
3412,265,22
3413,265,23
3414,266,0
3415,266,1
3416,266,2
3417,266,3
3418,266,4
3419,266,16
3420,266,17
3421,266,18
3422,266,19
3423,266,20
3424,266,21
3425,266,22
3426,266,23
3427,267,0
3428,267,1
3429,267,2
3430,267,3
3431,267,4
3432,267,16
3433,267,17
3434,267,18
3435,267,19
3436,267,20
3437,267,21
3438,267,22
3439,267,23
3440,268,0
3441,268,1
3442,268,2
3443,268,3
3444,268,4
3445,268,16
3446,268,17
3447,268,18
3448,268,19
3449,268,20
3450,268,21
3451,268,22
3452,268,23
3453,269,0
3454,269,1
3455,269,2
3456,269,3
3457,269,4
3458,269,5
3459,269,16
3460,269,17
3461,269,18
3462,269,19
3463,269,20
3464,269,21
3465,269,22
3466,269,23
3467,270,0
3468,270,1
3469,270,2
3470,270,3
3471,270,4
3472,270,5
3473,270,16
3474,270,17
3475,270,18
3476,270,19
3477,270,20
3478,270,21
3479,270,22
3480,270,23
3481,271,0
3482,271,1
3483,271,2
3484,271,3
3485,271,4
3486,271,5
3487,271,16
3488,271,17
3489,271,18
3490,271,19
3491,271,20
3492,271,21
3493,271,22
3494,271,23
3495,272,0
3496,272,1
3497,272,2
3498,272,3
3499,272,4
3500,272,5
3501,272,16
3502,272,17
3503,272,18
3504,272,19
3505,272,20
3506,272,21
3507,272,22
3508,272,23
3509,273,0
3510,273,1
3511,273,2
3512,273,3
3513,273,4
3514,273,5
3515,273,16
3516,273,17
3517,273,18
3518,273,19
3519,273,20
3520,273,21
3521,273,22
3522,273,23
3523,274,0
3524,274,1
3525,274,2
3526,274,3
3527,274,4
3528,274,5
3529,274,16
3530,274,17
3531,274,18
3532,274,19
3533,274,20
3534,274,21
3535,274,22
3536,274,23
3537,275,0
3538,275,1
3539,275,2
3540,275,3
3541,275,4
3542,275,5
3543,275,16
3544,275,17
3545,275,18
3546,275,19
3547,275,20
3548,275,21
3549,275,22
3550,275,23
3551,276,0
3552,276,1
3553,276,2
3554,276,3
3555,276,4
3556,276,5
3557,276,16
3558,276,17
3559,276,18
3560,276,19
3561,276,20
3562,276,21
3563,276,22
3564,276,23
3565,277,0
3566,277,1
3567,277,2
3568,277,3
3569,277,4
3570,277,5
3571,277,16
3572,277,17
3573,277,18
3574,277,19
3575,277,20
3576,277,21
3577,277,22
3578,277,23
3579,278,0
3580,278,1
3581,278,2
3582,278,3
3583,278,4
3584,278,5
3585,278,16
3586,278,17
3587,278,18
3588,278,19
3589,278,20
3590,278,21
3591,278,22
3592,278,23
3593,279,0
3594,279,1
3595,279,2
3596,279,3
3597,279,4
3598,279,5
3599,279,16
3600,279,17
3601,279,18
3602,279,19
3603,279,20
3604,279,21
3605,279,22
3606,279,23
3607,280,0
3608,280,1
3609,280,2
3610,280,3
3611,280,4
3612,280,5
3613,280,16
3614,280,17
3615,280,18
3616,280,19
3617,280,20
3618,280,21
3619,280,22
3620,280,23
3621,281,0
3622,281,1
3623,281,2
3624,281,3
3625,281,4
3626,281,5
3627,281,15
3628,281,16
3629,281,17
3630,281,18
3631,281,19
3632,281,20
3633,281,21
3634,281,22
3635,281,23
3636,282,0
3637,282,1
3638,282,2
3639,282,3
3640,282,4
3641,282,5
3642,282,16
3643,282,17
3644,282,18
3645,282,19
3646,282,20
3647,282,21
3648,282,22
3649,282,23
3650,283,0
3651,283,1
3652,283,2
3653,283,3
3654,283,4
3655,283,5
3656,283,16
3657,283,17
3658,283,18
3659,283,19
3660,283,20
3661,283,21
3662,283,22
3663,283,23
3664,284,0
3665,284,1
3666,284,2
3667,284,3
3668,284,4
3669,284,5
3670,284,16
3671,284,17
3672,284,18
3673,284,19
3674,284,20
3675,284,21
3676,284,22
3677,284,23
3678,285,0
3679,285,1
3680,285,2
3681,285,3
3682,285,4
3683,285,5
3684,285,16
3685,285,17
3686,285,18
3687,285,19
3688,285,20
3689,285,21
3690,285,22
3691,285,23
3692,286,0
3693,286,1
3694,286,2
3695,286,3
3696,286,4
3697,286,5
3698,286,16
3699,286,17
3700,286,18
3701,286,19
3702,286,20
3703,286,21
3704,286,22
3705,286,23
3706,287,0
3707,287,1
3708,287,2
3709,287,3
3710,287,4
3711,287,5
3712,287,16
3713,287,17
3714,287,18
3715,287,19
3716,287,20
3717,287,21
3718,287,22
3719,287,23
3720,288,0
3721,288,1
3722,288,2
3723,288,3
3724,288,4
3725,288,5
3726,288,15
3727,288,16
3728,288,17
3729,288,18
3730,288,19
3731,288,20
3732,288,21
3733,288,22
3734,288,23
3735,289,0
3736,289,1
3737,289,2
3738,289,3
3739,289,4
3740,289,5
3741,289,15
3742,289,16
3743,289,17
3744,289,18
3745,289,19
3746,289,20
3747,289,21
3748,289,22
3749,289,23
3750,290,0
3751,290,1
3752,290,2
3753,290,3
3754,290,4
3755,290,5
3756,290,15
3757,290,16
3758,290,17
3759,290,18
3760,290,19
3761,290,20
3762,290,21
3763,290,22
3764,290,23
3765,291,0
3766,291,1
3767,291,2
3768,291,3
3769,291,4
3770,291,5
3771,291,15
3772,291,16
3773,291,17
3774,291,18
3775,291,19
3776,291,20
3777,291,21
3778,291,22
3779,291,23
3780,292,0
3781,292,1
3782,292,2
3783,292,3
3784,292,4
3785,292,5
3786,292,15
3787,292,16
3788,292,17
3789,292,18
3790,292,19
3791,292,20
3792,292,21
3793,292,22
3794,292,23
3795,293,0
3796,293,1
3797,293,2
3798,293,3
3799,293,4
3800,293,5
3801,293,15
3802,293,16
3803,293,17
3804,293,18
3805,293,19
3806,293,20
3807,293,21
3808,293,22
3809,293,23
3810,294,0
3811,294,1
3812,294,2
3813,294,3
3814,294,4
3815,294,5
3816,294,15
3817,294,16
3818,294,17
3819,294,18
3820,294,19
3821,294,20
3822,294,21
3823,294,22
3824,294,23
3825,295,0
3826,295,1
3827,295,2
3828,295,3
3829,295,4
3830,295,5
3831,295,15
3832,295,16
3833,295,17
3834,295,18
3835,295,19
3836,295,20
3837,295,21
3838,295,22
3839,295,23
3840,296,0
3841,296,1
3842,296,2
3843,296,3
3844,296,4
3845,296,5
3846,296,15
3847,296,16
3848,296,17
3849,296,18
3850,296,19
3851,296,20
3852,296,21
3853,296,22
3854,296,23
3855,297,0
3856,297,1
3857,297,2
3858,297,3
3859,297,4
3860,297,5
3861,297,15
3862,297,16
3863,297,17
3864,297,18
3865,297,19
3866,297,20
3867,297,21
3868,297,22
3869,297,23
3870,298,0
3871,298,1
3872,298,2
3873,298,3
3874,298,4
3875,298,5
3876,298,15
3877,298,16
3878,298,17
3879,298,18
3880,298,19
3881,298,20
3882,298,21
3883,298,22
3884,298,23
3885,299,0
3886,299,1
3887,299,2
3888,299,3
3889,299,4
3890,299,5
3891,299,15
3892,299,16
3893,299,17
3894,299,18
3895,299,19
3896,299,20
3897,299,21
3898,299,22
3899,299,23
3900,300,0
3901,300,1
3902,300,2
3903,300,3
3904,300,4
3905,300,5
3906,300,15
3907,300,16
3908,300,17
3909,300,18
3910,300,19
3911,300,20
3912,300,21
3913,300,22
3914,300,23
3915,301,0
3916,301,1
3917,301,2
3918,301,3
3919,301,4
3920,301,5
3921,301,15
3922,301,16
3923,301,17
3924,301,18
3925,301,19
3926,301,20
3927,301,21
3928,301,22
3929,301,23
3930,302,0
3931,302,1
3932,302,2
3933,302,3
3934,302,4
3935,302,5
3936,302,15
3937,302,16
3938,302,17
3939,302,18
3940,302,19
3941,302,20
3942,302,21
3943,302,22
3944,302,23
3945,303,0
3946,303,1
3947,303,2
3948,303,3
3949,303,4
3950,303,5
3951,303,15
3952,303,16
3953,303,17
3954,303,18
3955,303,19
3956,303,20
3957,303,21
3958,303,22
3959,303,23
3960,304,0
3961,304,1
3962,304,2
3963,304,3
3964,304,4
3965,304,5
3966,304,15
3967,304,16
3968,304,17
3969,304,18
3970,304,19
3971,304,20
3972,304,21
3973,304,22
3974,304,23
3975,305,0
3976,305,1
3977,305,2
3978,305,3
3979,305,4
3980,305,5
3981,305,6
3982,305,15
3983,305,16
3984,305,17
3985,305,18
3986,305,19
3987,305,20
3988,305,21
3989,305,22
3990,305,23
3991,306,0
3992,306,1
3993,306,2
3994,306,3
3995,306,4
3996,306,5
3997,306,6
3998,306,15
3999,306,16
4000,306,17
4001,306,18
4002,306,19
4003,306,20
4004,306,21
4005,306,22
4006,306,23
4007,307,0
4008,307,1
4009,307,2
4010,307,3
4011,307,4
4012,307,5
4013,307,6
4014,307,15
4015,307,16
4016,307,17
4017,307,18
4018,307,19
4019,307,20
4020,307,21
4021,307,22
4022,307,23
4023,308,0
4024,308,1
4025,308,2
4026,308,3
4027,308,4
4028,308,5
4029,308,6
4030,308,15
4031,308,16
4032,308,17
4033,308,18
4034,308,19
4035,308,20
4036,308,21
4037,308,22
4038,308,23
4039,309,0
4040,309,1
4041,309,2
4042,309,3
4043,309,4
4044,309,5
4045,309,6
4046,309,15
4047,309,16
4048,309,17
4049,309,18
4050,309,19
4051,309,20
4052,309,21
4053,309,22
4054,309,23
4055,310,0
4056,310,1
4057,310,2
4058,310,3
4059,310,4
4060,310,5
4061,310,6
4062,310,15
4063,310,16
4064,310,17
4065,310,18
4066,310,19
4067,310,20
4068,310,21
4069,310,22
4070,310,23
4071,311,0
4072,311,1
4073,311,2
4074,311,3
4075,311,4
4076,311,5
4077,311,6
4078,311,15
4079,311,16
4080,311,17
4081,311,18
4082,311,19
4083,311,20
4084,311,21
4085,311,22
4086,311,23
4087,312,0
4088,312,1
4089,312,2
4090,312,3
4091,312,4
4092,312,5
4093,312,6
4094,312,15
4095,312,16
4096,312,17
4097,312,18
4098,312,19
4099,312,20
4100,312,21
4101,312,22
4102,312,23
4103,313,0
4104,313,1
4105,313,2
4106,313,3
4107,313,4
4108,313,5
4109,313,6
4110,313,15
4111,313,16
4112,313,17
4113,313,18
4114,313,19
4115,313,20
4116,313,21
4117,313,22
4118,313,23
4119,314,0
4120,314,1
4121,314,2
4122,314,3
4123,314,4
4124,314,5
4125,314,6
4126,314,15
4127,314,16
4128,314,17
4129,314,18
4130,314,19
4131,314,20
4132,314,21
4133,314,22
4134,314,23
4135,315,0
4136,315,1
4137,315,2
4138,315,3
4139,315,4
4140,315,5
4141,315,6
4142,315,15
4143,315,16
4144,315,17
4145,315,18
4146,315,19
4147,315,20
4148,315,21
4149,315,22
4150,315,23
4151,316,0
4152,316,1
4153,316,2
4154,316,3
4155,316,4
4156,316,5
4157,316,6
4158,316,15
4159,316,16
4160,316,17
4161,316,18
4162,316,19
4163,316,20
4164,316,21
4165,316,22
4166,316,23
4167,317,0
4168,317,1
4169,317,2
4170,317,3
4171,317,4
4172,317,5
4173,317,6
4174,317,15
4175,317,16
4176,317,17
4177,317,18
4178,317,19
4179,317,20
4180,317,21
4181,317,22
4182,317,23
4183,318,0
4184,318,1
4185,318,2
4186,318,3
4187,318,4
4188,318,5
4189,318,6
4190,318,14
4191,318,15
4192,318,16
4193,318,17
4194,318,18
4195,318,19
4196,318,20
4197,318,21
4198,318,22
4199,318,23
4200,319,0
4201,319,1
4202,319,2
4203,319,3
4204,319,4
4205,319,5
4206,319,6
4207,319,15
4208,319,16
4209,319,17
4210,319,18
4211,319,19
4212,319,20
4213,319,21
4214,319,22
4215,319,23
4216,320,0
4217,320,1
4218,320,2
4219,320,3
4220,320,4
4221,320,5
4222,320,6
4223,320,15
4224,320,16
4225,320,17
4226,320,18
4227,320,19
4228,320,20
4229,320,21
4230,320,22
4231,320,23
4232,321,0
4233,321,1
4234,321,2
4235,321,3
4236,321,4
4237,321,5
4238,321,6
4239,321,15
4240,321,16
4241,321,17
4242,321,18
4243,321,19
4244,321,20
4245,321,21
4246,321,22
4247,321,23
4248,322,0
4249,322,1
4250,322,2
4251,322,3
4252,322,4
4253,322,5
4254,322,6
4255,322,14
4256,322,15
4257,322,16
4258,322,17
4259,322,18
4260,322,19
4261,322,20
4262,322,21
4263,322,22
4264,322,23
4265,323,0
4266,323,1
4267,323,2
4268,323,3
4269,323,4
4270,323,5
4271,323,6
4272,323,14
4273,323,15
4274,323,16
4275,323,17
4276,323,18
4277,323,19
4278,323,20
4279,323,21
4280,323,22
4281,323,23
4282,324,0
4283,324,1
4284,324,2
4285,324,3
4286,324,4
4287,324,5
4288,324,6
4289,324,14
4290,324,15
4291,324,16
4292,324,17
4293,324,18
4294,324,19
4295,324,20
4296,324,21
4297,324,22
4298,324,23
4299,325,0
4300,325,1
4301,325,2
4302,325,3
4303,325,4
4304,325,5
4305,325,6
4306,325,14
4307,325,15
4308,325,16
4309,325,17
4310,325,18
4311,325,19
4312,325,20
4313,325,21
4314,325,22
4315,325,23
4316,326,0
4317,326,1
4318,326,2
4319,326,3
4320,326,4
4321,326,5
4322,326,6
4323,326,14
4324,326,15
4325,326,16
4326,326,17
4327,326,18
4328,326,19
4329,326,20
4330,326,21
4331,326,22
4332,326,23
4333,327,0
4334,327,1
4335,327,2
4336,327,3
4337,327,4
4338,327,5
4339,327,6
4340,327,14
4341,327,15
4342,327,16
4343,327,17
4344,327,18
4345,327,19
4346,327,20
4347,327,21
4348,327,22
4349,327,23
4350,328,0
4351,328,1
4352,328,2
4353,328,3
4354,328,4
4355,328,5
4356,328,6
4357,328,14
4358,328,15
4359,328,16
4360,328,17
4361,328,18
4362,328,19
4363,328,20
4364,328,21
4365,328,22
4366,328,23
4367,329,0
4368,329,1
4369,329,2
4370,329,3
4371,329,4
4372,329,5
4373,329,6
4374,329,14
4375,329,15
4376,329,16
4377,329,17
4378,329,18
4379,329,19
4380,329,20
4381,329,21
4382,329,22
4383,329,23
4384,330,0
4385,330,1
4386,330,2
4387,330,3
4388,330,4
4389,330,5
4390,330,6
4391,330,14
4392,330,15
4393,330,16
4394,330,17
4395,330,18
4396,330,19
4397,330,20
4398,330,21
4399,330,22
4400,330,23
4401,331,0
4402,331,1
4403,331,2
4404,331,3
4405,331,4
4406,331,5
4407,331,6
4408,331,14
4409,331,15
4410,331,16
4411,331,17
4412,331,18
4413,331,19
4414,331,20
4415,331,21
4416,331,22
4417,331,23
4418,332,0
4419,332,1
4420,332,2
4421,332,3
4422,332,4
4423,332,5
4424,332,6
4425,332,14
4426,332,15
4427,332,16
4428,332,17
4429,332,18
4430,332,19
4431,332,20
4432,332,21
4433,332,22
4434,332,23
4435,333,0
4436,333,1
4437,333,2
4438,333,3
4439,333,4
4440,333,5
4441,333,6
4442,333,14
4443,333,15
4444,333,16
4445,333,17
4446,333,18
4447,333,19
4448,333,20
4449,333,21
4450,333,22
4451,333,23
4452,334,0
4453,334,1
4454,334,2
4455,334,3
4456,334,4
4457,334,5
4458,334,6
4459,334,14
4460,334,15
4461,334,16
4462,334,17
4463,334,18
4464,334,19
4465,334,20
4466,334,21
4467,334,22
4468,334,23
4469,335,0
4470,335,1
4471,335,2
4472,335,3
4473,335,4
4474,335,5
4475,335,6
4476,335,14
4477,335,15
4478,335,16
4479,335,17
4480,335,18
4481,335,19
4482,335,20
4483,335,21
4484,335,22
4485,335,23
4486,336,0
4487,336,1
4488,336,2
4489,336,3
4490,336,4
4491,336,5
4492,336,6
4493,336,14
4494,336,15
4495,336,16
4496,336,17
4497,336,18
4498,336,19
4499,336,20
4500,336,21
4501,336,22
4502,336,23
4503,337,0
4504,337,1
4505,337,2
4506,337,3
4507,337,4
4508,337,5
4509,337,6
4510,337,14
4511,337,15
4512,337,16
4513,337,17
4514,337,18
4515,337,19
4516,337,20
4517,337,21
4518,337,22
4519,337,23
4520,338,0
4521,338,1
4522,338,2
4523,338,3
4524,338,4
4525,338,5
4526,338,6
4527,338,14
4528,338,15
4529,338,16
4530,338,17
4531,338,18
4532,338,19
4533,338,20
4534,338,21
4535,338,22
4536,338,23
4537,339,0
4538,339,1
4539,339,2
4540,339,3
4541,339,4
4542,339,5
4543,339,6
4544,339,14
4545,339,15
4546,339,16
4547,339,17
4548,339,18
4549,339,19
4550,339,20
4551,339,21
4552,339,22
4553,339,23
4554,340,0
4555,340,1
4556,340,2
4557,340,3
4558,340,4
4559,340,5
4560,340,6
4561,340,14
4562,340,15
4563,340,16
4564,340,17
4565,340,18
4566,340,19
4567,340,20
4568,340,21
4569,340,22
4570,340,23
4571,341,0
4572,341,1
4573,341,2
4574,341,3
4575,341,4
4576,341,5
4577,341,6
4578,341,14
4579,341,15
4580,341,16
4581,341,17
4582,341,18
4583,341,19
4584,341,20
4585,341,21
4586,341,22
4587,341,23
4588,342,0
4589,342,1
4590,342,2
4591,342,3
4592,342,4
4593,342,5
4594,342,6
4595,342,14
4596,342,15
4597,342,16
4598,342,17
4599,342,18
4600,342,19
4601,342,20
4602,342,21
4603,342,22
4604,342,23
4605,343,0
4606,343,1
4607,343,2
4608,343,3
4609,343,4
4610,343,5
4611,343,6
4612,343,14
4613,343,15
4614,343,16
4615,343,17
4616,343,18
4617,343,19
4618,343,20
4619,343,21
4620,343,22
4621,343,23
4622,344,0
4623,344,1
4624,344,2
4625,344,3
4626,344,4
4627,344,5
4628,344,6
4629,344,14
4630,344,15
4631,344,16
4632,344,17
4633,344,18
4634,344,19
4635,344,20
4636,344,21
4637,344,22
4638,344,23
4639,345,0
4640,345,1
4641,345,2
4642,345,3
4643,345,4
4644,345,5
4645,345,6
4646,345,14
4647,345,15
4648,345,16
4649,345,17
4650,345,18
4651,345,19
4652,345,20
4653,345,21
4654,345,22
4655,345,23
4656,346,0
4657,346,1
4658,346,2
4659,346,3
4660,346,4
4661,346,5
4662,346,6
4663,346,7
4664,346,14
4665,346,15
4666,346,16
4667,346,17
4668,346,18
4669,346,19
4670,346,20
4671,346,21
4672,346,22
4673,346,23
4674,347,0
4675,347,1
4676,347,2
4677,347,3
4678,347,4
4679,347,5
4680,347,6
4681,347,7
4682,347,14
4683,347,15
4684,347,16
4685,347,17
4686,347,18
4687,347,19
4688,347,20
4689,347,21
4690,347,22
4691,347,23
4692,348,0
4693,348,1
4694,348,2
4695,348,3
4696,348,4
4697,348,5
4698,348,6
4699,348,14
4700,348,15
4701,348,16
4702,348,17
4703,348,18
4704,348,19
4705,348,20
4706,348,21
4707,348,22
4708,348,23
4709,349,0
4710,349,1
4711,349,2
4712,349,3
4713,349,4
4714,349,5
4715,349,6
4716,349,7
4717,349,14
4718,349,15
4719,349,16
4720,349,17
4721,349,18
4722,349,19
4723,349,20
4724,349,21
4725,349,22
4726,349,23
4727,350,0
4728,350,1
4729,350,2
4730,350,3
4731,350,4
4732,350,5
4733,350,6
4734,350,7
4735,350,14
4736,350,15
4737,350,16
4738,350,17
4739,350,18
4740,350,19
4741,350,20
4742,350,21
4743,350,22
4744,350,23
4745,351,0
4746,351,1
4747,351,2
4748,351,3
4749,351,4
4750,351,5
4751,351,6
4752,351,14
4753,351,15
4754,351,16
4755,351,17
4756,351,18
4757,351,19
4758,351,20
4759,351,21
4760,351,22
4761,351,23
4762,352,0
4763,352,1
4764,352,2
4765,352,3
4766,352,4
4767,352,5
4768,352,6
4769,352,14
4770,352,15
4771,352,16
4772,352,17
4773,352,18
4774,352,19
4775,352,20
4776,352,21
4777,352,22
4778,352,23
4779,353,0
4780,353,1
4781,353,2
4782,353,3
4783,353,4
4784,353,5
4785,353,6
4786,353,7
4787,353,14
4788,353,15
4789,353,16
4790,353,17
4791,353,18
4792,353,19
4793,353,20
4794,353,21
4795,353,22
4796,353,23
4797,354,0
4798,354,1
4799,354,2
4800,354,3
4801,354,4
4802,354,5
4803,354,6
4804,354,7
4805,354,14
4806,354,15
4807,354,16
4808,354,17
4809,354,18
4810,354,19
4811,354,20
4812,354,21
4813,354,22
4814,354,23
4815,355,0
4816,355,1
4817,355,2
4818,355,3
4819,355,4
4820,355,5
4821,355,6
4822,355,14
4823,355,15
4824,355,16
4825,355,17
4826,355,18
4827,355,19
4828,355,20
4829,355,21
4830,355,22
4831,355,23
4832,356,0
4833,356,1
4834,356,2
4835,356,3
4836,356,4
4837,356,5
4838,356,6
4839,356,14
4840,356,15
4841,356,16
4842,356,17
4843,356,18
4844,356,19
4845,356,20
4846,356,21
4847,356,22
4848,356,23
4849,357,0
4850,357,1
4851,357,2
4852,357,3
4853,357,4
4854,357,5
4855,357,6
4856,357,14
4857,357,15
4858,357,16
4859,357,17
4860,357,18
4861,357,19
4862,357,20
4863,357,21
4864,357,22
4865,357,23
4866,358,0
4867,358,1
4868,358,2
4869,358,3
4870,358,4
4871,358,5
4872,358,6
4873,358,14
4874,358,15
4875,358,16
4876,358,17
4877,358,18
4878,358,19
4879,358,20
4880,358,21
4881,358,22
4882,358,23
4883,359,0
4884,359,1
4885,359,2
4886,359,3
4887,359,4
4888,359,5
4889,359,6
4890,359,14
4891,359,15
4892,359,16
4893,359,17
4894,359,18
4895,359,19
4896,359,20
4897,359,21
4898,359,22
4899,359,23
4900,360,0
4901,360,1
4902,360,2
4903,360,3
4904,360,4
4905,360,5
4906,360,6
4907,360,14
4908,360,15
4909,360,16
4910,360,17
4911,360,18
4912,360,19
4913,360,20
4914,360,21
4915,360,22
4916,360,23
4917,361,0
4918,361,1
4919,361,2
4920,361,3
4921,361,4
4922,361,5
4923,361,6
4924,361,7
4925,361,14
4926,361,15
4927,361,16
4928,361,17
4929,361,18
4930,361,19
4931,361,20
4932,361,21
4933,361,22
4934,361,23
4935,362,0
4936,362,1
4937,362,2
4938,362,3
4939,362,4
4940,362,5
4941,362,6
4942,362,14
4943,362,15
4944,362,16
4945,362,17
4946,362,18
4947,362,19
4948,362,20
4949,362,21
4950,362,22
4951,362,23
4952,363,0
4953,363,1
4954,363,2
4955,363,3
4956,363,4
4957,363,5
4958,363,6
4959,363,14
4960,363,15
4961,363,16
4962,363,17
4963,363,18
4964,363,19
4965,363,20
4966,363,21
4967,363,22
4968,363,23
4969,364,0
4970,364,1
4971,364,2
4972,364,3
4973,364,4
4974,364,5
4975,364,6
4976,364,14
4977,364,15
4978,364,16
4979,364,17
4980,364,18
4981,364,19
4982,364,20
4983,364,21
4984,364,22
4985,364,23
4986,365,0
4987,365,1
4988,365,2
4989,365,3
4990,365,4
4991,365,5
4992,365,6
4993,365,14
4994,365,15
4995,365,16
4996,365,17
4997,365,18
4998,365,19
4999,365,20
5000,365,21
5001,365,22
5002,365,23
