,day,hour
0,1,0
1,1,1
2,1,2
3,1,3
4,1,4
5,1,5
6,1,6
7,1,7
8,1,8
9,1,9
10,1,10
11,1,12
12,1,13
13,1,14
14,1,15
15,1,16
16,1,17
17,1,18
18,1,19
19,1,20
20,1,21
21,1,22
22,1,23
23,2,0
24,2,1
25,2,2
26,2,3
27,2,4
28,2,5
29,2,6
30,2,7
31,2,8
32,2,9
33,2,12
34,2,13
35,2,14
36,2,15
37,2,16
38,2,17
39,2,18
40,2,19
41,2,20
42,2,21
43,2,22
44,2,23
45,3,0
46,3,1
47,3,2
48,3,3
49,3,4
50,3,5
51,3,6
52,3,7
53,3,8
54,3,9
55,3,10
56,3,12
57,3,13
58,3,14
59,3,15
60,3,16
61,3,17
62,3,18
63,3,19
64,3,20
65,3,21
66,3,22
67,3,23
68,4,0
69,4,1
70,4,2
71,4,3
72,4,4
73,4,5
74,4,6
75,4,7
76,4,8
77,4,9
78,4,10
79,4,12
80,4,13
81,4,14
82,4,15
83,4,16
84,4,17
85,4,18
86,4,19
87,4,20
88,4,21
89,4,22
90,4,23
91,5,0
92,5,1
93,5,2
94,5,3
95,5,4
96,5,5
97,5,6
98,5,7
99,5,8
100,5,9
101,5,12
102,5,13
103,5,14
104,5,15
105,5,16
106,5,17
107,5,18
108,5,19
109,5,20
110,5,21
111,5,22
112,5,23
113,6,0
114,6,1
115,6,2
116,6,3
117,6,4
118,6,5
119,6,6
120,6,7
121,6,8
122,6,9
123,6,10
124,6,12
125,6,13
126,6,14
127,6,15
128,6,16
129,6,17
130,6,18
131,6,19
132,6,20
133,6,21
134,6,22
135,6,23
136,7,0
137,7,1
138,7,2
139,7,3
140,7,4
141,7,5
142,7,6
143,7,7
144,7,8
145,7,9
146,7,12
147,7,13
148,7,14
149,7,15
150,7,16
151,7,17
152,7,18
153,7,19
154,7,20
155,7,21
156,7,22
157,7,23
158,8,0
159,8,1
160,8,2
161,8,3
162,8,4
163,8,5
164,8,6
165,8,7
166,8,8
167,8,9
168,8,13
169,8,14
170,8,15
171,8,16
172,8,17
173,8,18
174,8,19
175,8,20
176,8,21
177,8,22
178,8,23
179,9,0
180,9,1
181,9,2
182,9,3
183,9,4
184,9,5
185,9,6
186,9,7
187,9,8
188,9,9
189,9,13
190,9,14
191,9,15
192,9,16
193,9,17
194,9,18
195,9,19
196,9,20
197,9,21
198,9,22
199,9,23
200,10,0
201,10,1
202,10,2
203,10,3
204,10,4
205,10,5
206,10,6
207,10,7
208,10,8
209,10,9
210,10,12
211,10,13
212,10,14
213,10,15
214,10,16
215,10,17
216,10,18
217,10,19
218,10,20
219,10,21
220,10,22
221,10,23
222,11,0
223,11,1
224,11,2
225,11,3
226,11,4
227,11,5
228,11,6
229,11,7
230,11,8
231,11,9
232,11,12
233,11,13
234,11,14
235,11,15
236,11,16
237,11,17
238,11,18
239,11,19
240,11,20
241,11,21
242,11,22
243,11,23
244,12,0
245,12,1
246,12,2
247,12,3
248,12,4
249,12,5
250,12,6
251,12,7
252,12,8
253,12,9
254,12,12
255,12,13
256,12,14
257,12,15
258,12,16
259,12,17
260,12,18
261,12,19
262,12,20
263,12,21
264,12,22
265,12,23
266,13,0
267,13,1
268,13,2
269,13,3
270,13,4
271,13,5
272,13,6
273,13,7
274,13,8
275,13,9
276,13,13
277,13,14
278,13,15
279,13,16
280,13,17
281,13,18
282,13,19
283,13,20
284,13,21
285,13,22
286,13,23
287,14,0
288,14,1
289,14,2
290,14,3
291,14,4
292,14,5
293,14,6
294,14,7
295,14,8
296,14,9
297,14,13
298,14,14
299,14,15
300,14,16
301,14,17
302,14,18
303,14,19
304,14,20
305,14,21
306,14,22
307,14,23
308,15,0
309,15,1
310,15,2
311,15,3
312,15,4
313,15,5
314,15,6
315,15,7
316,15,8
317,15,9
318,15,13
319,15,14
320,15,15
321,15,16
322,15,17
323,15,18
324,15,19
325,15,20
326,15,21
327,15,22
328,15,23
329,16,0
330,16,1
331,16,2
332,16,3
333,16,4
334,16,5
335,16,6
336,16,7
337,16,8
338,16,9
339,16,13
340,16,14
341,16,15
342,16,16
343,16,17
344,16,18
345,16,19
346,16,20
347,16,21
348,16,22
349,16,23
350,17,0
351,17,1
352,17,2
353,17,3
354,17,4
355,17,5
356,17,6
357,17,7
358,17,8
359,17,9
360,17,13
361,17,14
362,17,15
363,17,16
364,17,17
365,17,18
366,17,19
367,17,20
368,17,21
369,17,22
370,17,23
371,18,0
372,18,1
373,18,2
374,18,3
375,18,4
376,18,5
377,18,6
378,18,7
379,18,8
380,18,9
381,18,13
382,18,14
383,18,15
384,18,16
385,18,17
386,18,18
387,18,19
388,18,20
389,18,21
390,18,22
391,18,23
392,19,0
393,19,1
394,19,2
395,19,3
396,19,4
397,19,5
398,19,6
399,19,7
400,19,8
401,19,9
402,19,13
403,19,14
404,19,15
405,19,16
406,19,17
407,19,18
408,19,19
409,19,20
410,19,21
411,19,22
412,19,23
413,20,0
414,20,1
415,20,2
416,20,3
417,20,4
418,20,5
419,20,6
420,20,7
421,20,8
422,20,9
423,20,13
424,20,14
425,20,15
426,20,16
427,20,17
428,20,18
429,20,19
430,20,20
431,20,21
432,20,22
433,20,23
434,21,0
435,21,1
436,21,2
437,21,3
438,21,4
439,21,5
440,21,6
441,21,7
442,21,8
443,21,13
444,21,14
445,21,15
446,21,16
447,21,17
448,21,18
449,21,19
450,21,20
451,21,21
452,21,22
453,21,23
454,22,0
455,22,1
456,22,2
457,22,3
458,22,4
459,22,5
460,22,6
461,22,7
462,22,8
463,22,13
464,22,14
465,22,15
466,22,16
467,22,17
468,22,18
469,22,19
470,22,20
471,22,21
472,22,22
473,22,23
474,23,0
475,23,1
476,23,2
477,23,3
478,23,4
479,23,5
480,23,6
481,23,7
482,23,8
483,23,13
484,23,14
485,23,15
486,23,16
487,23,17
488,23,18
489,23,19
490,23,20
491,23,21
492,23,22
493,23,23
494,24,0
495,24,1
496,24,2
497,24,3
498,24,4
499,24,5
500,24,6
501,24,7
502,24,8
503,24,13
504,24,14
505,24,15
506,24,16
507,24,17
508,24,18
509,24,19
510,24,20
511,24,21
512,24,22
513,24,23
514,25,0
515,25,1
516,25,2
517,25,3
518,25,4
519,25,5
520,25,6
521,25,7
522,25,8
523,25,13
524,25,14
525,25,15
526,25,16
527,25,17
528,25,18
529,25,19
530,25,20
531,25,21
532,25,22
533,25,23
534,26,0
535,26,1
536,26,2
537,26,3
538,26,4
539,26,5
540,26,6
541,26,7
542,26,8
543,26,14
544,26,15
545,26,16
546,26,17
547,26,18
548,26,19
549,26,20
550,26,21
551,26,22
552,26,23
553,27,0
554,27,1
555,27,2
556,27,3
557,27,4
558,27,5
559,27,6
560,27,7
561,27,8
562,27,14
563,27,15
564,27,16
565,27,17
566,27,18
567,27,19
568,27,20
569,27,21
570,27,22
571,27,23
572,28,0
573,28,1
574,28,2
575,28,3
576,28,4
577,28,5
578,28,6
579,28,7
580,28,8
581,28,14
582,28,15
583,28,16
584,28,17
585,28,18
586,28,19
587,28,20
588,28,21
589,28,22
590,28,23
591,29,0
592,29,1
593,29,2
594,29,3
595,29,4
596,29,5
597,29,6
598,29,7
599,29,8
600,29,14
601,29,15
602,29,16
603,29,17
604,29,18
605,29,19
606,29,20
607,29,21
608,29,22
609,29,23
610,30,0
611,30,1
612,30,2
613,30,3
614,30,4
615,30,5
616,30,6
617,30,7
618,30,8
619,30,14
620,30,15
621,30,16
622,30,17
623,30,18
624,30,19
625,30,20
626,30,21
627,30,22
628,30,23
629,31,0
630,31,1
631,31,2
632,31,3
633,31,4
634,31,5
635,31,6
636,31,7
637,31,8
638,31,14
639,31,15
640,31,16
641,31,17
642,31,18
643,31,19
644,31,20
645,31,21
646,31,22
647,31,23
648,32,0
649,32,1
650,32,2
651,32,3
652,32,4
653,32,5
654,32,6
655,32,7
656,32,8
657,32,14
658,32,15
659,32,16
660,32,17
661,32,18
662,32,19
663,32,20
664,32,21
665,32,22
666,32,23
667,33,0
668,33,1
669,33,2
670,33,3
671,33,4
672,33,5
673,33,6
674,33,7
675,33,8
676,33,14
677,33,15
678,33,16
679,33,17
680,33,18
681,33,19
682,33,20
683,33,21
684,33,22
685,33,23
686,34,0
687,34,1
688,34,2
689,34,3
690,34,4
691,34,5
692,34,6
693,34,7
694,34,8
695,34,14
696,34,15
697,34,16
698,34,17
699,34,18
700,34,19
701,34,20
702,34,21
703,34,22
704,34,23
705,35,0
706,35,1
707,35,2
708,35,3
709,35,4
710,35,5
711,35,6
712,35,7
713,35,8
714,35,14
715,35,15
716,35,16
717,35,17
718,35,18
719,35,19
720,35,20
721,35,21
722,35,22
723,35,23
724,36,0
725,36,1
726,36,2
727,36,3
728,36,4
729,36,5
730,36,6
731,36,7
732,36,8
733,36,14
734,36,15
735,36,16
736,36,17
737,36,18
738,36,19
739,36,20
740,36,21
741,36,22
742,36,23
743,37,0
744,37,1
745,37,2
746,37,3
747,37,4
748,37,5
749,37,6
750,37,7
751,37,8
752,37,14
753,37,15
754,37,16
755,37,17
756,37,18
757,37,19
758,37,20
759,37,21
760,37,22
761,37,23
762,38,0
763,38,1
764,38,2
765,38,3
766,38,4
767,38,5
768,38,6
769,38,7
770,38,14
771,38,15
772,38,16
773,38,17
774,38,18
775,38,19
776,38,20
777,38,21
778,38,22
779,38,23
780,39,0
781,39,1
782,39,2
783,39,3
784,39,4
785,39,5
786,39,6
787,39,7
788,39,14
789,39,15
790,39,16
791,39,17
792,39,18
793,39,19
794,39,20
795,39,21
796,39,22
797,39,23
798,40,0
799,40,1
800,40,2
801,40,3
802,40,4
803,40,5
804,40,6
805,40,7
806,40,14
807,40,15
808,40,16
809,40,17
810,40,18
811,40,19
812,40,20
813,40,21
814,40,22
815,40,23
816,41,0
817,41,1
818,41,2
819,41,3
820,41,4
821,41,5
822,41,6
823,41,7
824,41,14
825,41,15
826,41,16
827,41,17
828,41,18
829,41,19
830,41,20
831,41,21
832,41,22
833,41,23
834,42,0
835,42,1
836,42,2
837,42,3
838,42,4
839,42,5
840,42,6
841,42,7
842,42,15
843,42,16
844,42,17
845,42,18
846,42,19
847,42,20
848,42,21
849,42,22
850,42,23
851,43,0
852,43,1
853,43,2
854,43,3
855,43,4
856,43,5
857,43,6
858,43,7
859,43,15
860,43,16
861,43,17
862,43,18
863,43,19
864,43,20
865,43,21
866,43,22
867,43,23
868,44,0
869,44,1
870,44,2
871,44,3
872,44,4
873,44,5
874,44,6
875,44,7
876,44,15
877,44,16
878,44,17
879,44,18
880,44,19
881,44,20
882,44,21
883,44,22
884,44,23
885,45,0
886,45,1
887,45,2
888,45,3
889,45,4
890,45,5
891,45,6
892,45,7
893,45,15
894,45,16
895,45,17
896,45,18
897,45,19
898,45,20
899,45,21
900,45,22
901,45,23
902,46,0
903,46,1
904,46,2
905,46,3
906,46,4
907,46,5
908,46,6
909,46,7
910,46,15
911,46,16
912,46,17
913,46,18
914,46,19
915,46,20
916,46,21
917,46,22
918,46,23
919,47,0
920,47,1
921,47,2
922,47,3
923,47,4
924,47,5
925,47,6
926,47,7
927,47,15
928,47,16
929,47,17
930,47,18
931,47,19
932,47,20
933,47,21
934,47,22
935,47,23
936,48,0
937,48,1
938,48,2
939,48,3
940,48,4
941,48,5
942,48,6
943,48,7
944,48,15
945,48,16
946,48,17
947,48,18
948,48,19
949,48,20
950,48,21
951,48,22
952,48,23
953,49,0
954,49,1
955,49,2
956,49,3
957,49,4
958,49,5
959,49,6
960,49,7
961,49,15
962,49,16
963,49,17
964,49,18
965,49,19
966,49,20
967,49,21
968,49,22
969,49,23
970,50,0
971,50,1
972,50,2
973,50,3
974,50,4
975,50,5
976,50,6
977,50,7
978,50,15
979,50,16
980,50,17
981,50,18
982,50,19
983,50,20
984,50,21
985,50,22
986,50,23
987,51,0
988,51,1
989,51,2
990,51,3
991,51,4
992,51,5
993,51,6
994,51,7
995,51,15
996,51,16
997,51,17
998,51,18
999,51,19
1000,51,20
1001,51,21
1002,51,22
1003,51,23
1004,52,0
1005,52,1
1006,52,2
1007,52,3
1008,52,4
1009,52,5
1010,52,6
1011,52,7
1012,52,15
1013,52,16
1014,52,17
1015,52,18
1016,52,19
1017,52,20
1018,52,21
1019,52,22
1020,52,23
1021,53,0
1022,53,1
1023,53,2
1024,53,3
1025,53,4
1026,53,5
1027,53,6
1028,53,7
1029,53,15
1030,53,16
1031,53,17
1032,53,18
1033,53,19
1034,53,20
1035,53,21
1036,53,22
1037,53,23
1038,54,0
1039,54,1
1040,54,2
1041,54,3
1042,54,4
1043,54,5
1044,54,6
1045,54,15
1046,54,16
1047,54,17
1048,54,18
1049,54,19
1050,54,20
1051,54,21
1052,54,22
1053,54,23
1054,55,0
1055,55,1
1056,55,2
1057,55,3
1058,55,4
1059,55,5
1060,55,6
1061,55,15
1062,55,16
1063,55,17
1064,55,18
1065,55,19
1066,55,20
1067,55,21
1068,55,22
1069,55,23
1070,56,0
1071,56,1
1072,56,2
1073,56,3
1074,56,4
1075,56,5
1076,56,6
1077,56,15
1078,56,16
1079,56,17
1080,56,18
1081,56,19
1082,56,20
1083,56,21
1084,56,22
1085,56,23
1086,57,0
1087,57,1
1088,57,2
1089,57,3
1090,57,4
1091,57,5
1092,57,6
1093,57,15
1094,57,16
1095,57,17
1096,57,18
1097,57,19
1098,57,20
1099,57,21
1100,57,22
1101,57,23
1102,58,0
1103,58,1
1104,58,2
1105,58,3
1106,58,4
1107,58,5
1108,58,6
1109,58,15
1110,58,16
1111,58,17
1112,58,18
1113,58,19
1114,58,20
1115,58,21
1116,58,22
1117,58,23
1118,59,0
1119,59,1
1120,59,2
1121,59,3
1122,59,4
1123,59,5
1124,59,6
1125,59,15
1126,59,16
1127,59,17
1128,59,18
1129,59,19
1130,59,20
1131,59,21
1132,59,22
1133,59,23
1134,60,0
1135,60,1
1136,60,2
1137,60,3
1138,60,4
1139,60,5
1140,60,6
1141,60,15
1142,60,16
1143,60,17
1144,60,18
1145,60,19
1146,60,20
1147,60,21
1148,60,22
1149,60,23
1150,61,0
1151,61,1
1152,61,2
1153,61,3
1154,61,4
1155,61,5
1156,61,6
1157,61,15
1158,61,16
1159,61,17
1160,61,18
1161,61,19
1162,61,20
1163,61,21
1164,61,22
1165,61,23
1166,62,0
1167,62,1
1168,62,2
1169,62,3
1170,62,4
1171,62,5
1172,62,6
1173,62,15
1174,62,16
1175,62,17
1176,62,18
1177,62,19
1178,62,20
1179,62,21
1180,62,22
1181,62,23
1182,63,0
1183,63,1
1184,63,2
1185,63,3
1186,63,4
1187,63,5
1188,63,6
1189,63,15
1190,63,16
1191,63,17
1192,63,18
1193,63,19
1194,63,20
1195,63,21
1196,63,22
1197,63,23
1198,64,0
1199,64,1
1200,64,2
1201,64,3
1202,64,4
1203,64,5
1204,64,6
1205,64,15
1206,64,16
1207,64,17
1208,64,18
1209,64,19
1210,64,20
1211,64,21
1212,64,22
1213,64,23
1214,65,0
1215,65,1
1216,65,2
1217,65,3
1218,65,4
1219,65,5
1220,65,6
1221,65,16
1222,65,17
1223,65,18
1224,65,19
1225,65,20
1226,65,21
1227,65,22
1228,65,23
1229,66,0
1230,66,1
1231,66,2
1232,66,3
1233,66,4
1234,66,5
1235,66,6
1236,66,16
1237,66,17
1238,66,18
1239,66,19
1240,66,20
1241,66,21
1242,66,22
1243,66,23
1244,67,0
1245,67,1
1246,67,2
1247,67,3
1248,67,4
1249,67,5
1250,67,6
1251,67,16
1252,67,17
1253,67,18
1254,67,19
1255,67,20
1256,67,21
1257,67,22
1258,67,23
1259,68,0
1260,68,1
1261,68,2
1262,68,3
1263,68,4
1264,68,5
1265,68,6
1266,68,16
1267,68,17
1268,68,18
1269,68,19
1270,68,20
1271,68,21
1272,68,22
1273,68,23
1274,69,0
1275,69,1
1276,69,2
1277,69,3
1278,69,4
1279,69,5
1280,69,6
1281,69,16
1282,69,17
1283,69,18
1284,69,19
1285,69,20
1286,69,21
1287,69,22
1288,69,23
1289,70,0
1290,70,1
1291,70,2
1292,70,3
1293,70,4
1294,70,5
1295,70,6
1296,70,16
1297,70,17
1298,70,18
1299,70,19
1300,70,20
1301,70,21
1302,70,22
1303,70,23
1304,71,0
1305,71,1
1306,71,2
1307,71,3
1308,71,4
1309,71,5
1310,71,6
1311,71,16
1312,71,17
1313,71,18
1314,71,19
1315,71,20
1316,71,21
1317,71,22
1318,71,23
1319,72,0
1320,72,1
1321,72,2
1322,72,3
1323,72,4
1324,72,5
1325,72,6
1326,72,16
1327,72,17
1328,72,18
1329,72,19
1330,72,20
1331,72,21
1332,72,22
1333,72,23
1334,73,0
1335,73,1
1336,73,2
1337,73,3
1338,73,4
1339,73,5
1340,73,6
1341,73,16
1342,73,17
1343,73,18
1344,73,19
1345,73,20
1346,73,21
1347,73,22
1348,73,23
1349,74,0
1350,74,1
1351,74,2
1352,74,3
1353,74,4
1354,74,5
1355,74,6
1356,74,16
1357,74,17
1358,74,18
1359,74,19
1360,74,20
1361,74,21
1362,74,22
1363,74,23
1364,75,0
1365,75,1
1366,75,2
1367,75,3
1368,75,4
1369,75,5
1370,75,6
1371,75,16
1372,75,17
1373,75,18
1374,75,19
1375,75,20
1376,75,21
1377,75,22
1378,75,23
1379,76,0
1380,76,1
1381,76,2
1382,76,3
1383,76,4
1384,76,5
1385,76,6
1386,76,16
1387,76,17
1388,76,18
1389,76,19
1390,76,20
1391,76,21
1392,76,22
1393,76,23
1394,77,0
1395,77,1
1396,77,2
1397,77,3
1398,77,4
1399,77,5
1400,77,6
1401,77,16
1402,77,17
1403,77,18
1404,77,19
1405,77,20
1406,77,21
1407,77,22
1408,77,23
1409,78,0
1410,78,1
1411,78,2
1412,78,3
1413,78,4
1414,78,5
1415,78,16
1416,78,17
1417,78,18
1418,78,19
1419,78,20
1420,78,21
1421,78,22
1422,78,23
1423,79,0
1424,79,1
1425,79,2
1426,79,3
1427,79,4
1428,79,5
1429,79,6
1430,79,16
1431,79,17
1432,79,18
1433,79,19
1434,79,20
1435,79,21
1436,79,22
1437,79,23
1438,80,0
1439,80,1
1440,80,2
1441,80,3
1442,80,4
1443,80,5
1444,80,16
1445,80,17
1446,80,18
1447,80,19
1448,80,20
1449,80,21
1450,80,22
1451,80,23
1452,81,0
1453,81,1
1454,81,2
1455,81,3
1456,81,4
1457,81,5
1458,81,16
1459,81,17
1460,81,18
1461,81,19
1462,81,20
1463,81,21
1464,81,22
1465,81,23
1466,82,0
1467,82,1
1468,82,2
1469,82,3
1470,82,4
1471,82,5
1472,82,16
1473,82,17
1474,82,18
1475,82,19
1476,82,20
1477,82,21
1478,82,22
1479,82,23
1480,83,0
1481,83,1
1482,83,2
1483,83,3
1484,83,4
1485,83,5
1486,83,16
1487,83,17
1488,83,18
1489,83,19
1490,83,20
1491,83,21
1492,83,22
1493,83,23
1494,84,0
1495,84,1
1496,84,2
1497,84,3
1498,84,4
1499,84,5
1500,84,17
1501,84,18
1502,84,19
1503,84,20
1504,84,21
1505,84,22
1506,84,23
1507,85,0
1508,85,1
1509,85,2
1510,85,3
1511,85,4
1512,85,5
1513,85,17
1514,85,18
1515,85,19
1516,85,20
1517,85,21
1518,85,22
1519,85,23
1520,86,0
1521,86,1
1522,86,2
1523,86,3
1524,86,4
1525,86,5
1526,86,17
1527,86,18
1528,86,19
1529,86,20
1530,86,21
1531,86,22
1532,86,23
1533,87,0
1534,87,1
1535,87,2
1536,87,3
1537,87,4
1538,87,5
1539,87,17
1540,87,18
1541,87,19
1542,87,20
1543,87,21
1544,87,22
1545,87,23
1546,88,0
1547,88,1
1548,88,2
1549,88,3
1550,88,4
1551,88,5
1552,88,17
1553,88,18
1554,88,19
1555,88,20
1556,88,21
1557,88,22
1558,88,23
1559,89,0
1560,89,1
1561,89,2
1562,89,3
1563,89,4
1564,89,5
1565,89,17
1566,89,18
1567,89,19
1568,89,20
1569,89,21
1570,89,22
1571,89,23
1572,90,0
1573,90,1
1574,90,2
1575,90,3
1576,90,4
1577,90,5
1578,90,17
1579,90,18
1580,90,19
1581,90,20
1582,90,21
1583,90,22
1584,90,23
1585,91,0
1586,91,1
1587,91,2
1588,91,3
1589,91,4
1590,91,5
1591,91,17
1592,91,18
1593,91,19
1594,91,20
1595,91,21
1596,91,22
1597,91,23
1598,92,0
1599,92,1
1600,92,2
1601,92,3
1602,92,4
1603,92,5
1604,92,17
1605,92,18
1606,92,19
1607,92,20
1608,92,21
1609,92,22
1610,92,23
1611,93,0
1612,93,1
1613,93,2
1614,93,3
1615,93,4
1616,93,5
1617,93,17
1618,93,18
1619,93,19
1620,93,20
1621,93,21
1622,93,22
1623,93,23
1624,94,0
1625,94,1
1626,94,2
1627,94,3
1628,94,4
1629,94,5
1630,94,17
1631,94,18
1632,94,19
1633,94,20
1634,94,21
1635,94,22
1636,94,23
1637,95,0
1638,95,1
1639,95,2
1640,95,3
1641,95,4
1642,95,5
1643,95,17
1644,95,18
1645,95,19
1646,95,20
1647,95,21
1648,95,22
1649,95,23
1650,96,0
1651,96,1
1652,96,2
1653,96,3
1654,96,4
1655,96,5
1656,96,17
1657,96,18
1658,96,19
1659,96,20
1660,96,21
1661,96,22
1662,96,23
1663,97,0
1664,97,1
1665,97,2
1666,97,3
1667,97,4
1668,97,5
1669,97,17
1670,97,18
1671,97,19
1672,97,20
1673,97,21
1674,97,22
1675,97,23
1676,98,0
1677,98,1
1678,98,2
1679,98,3
1680,98,4
1681,98,5
1682,98,17
1683,98,18
1684,98,19
1685,98,20
1686,98,21
1687,98,22
1688,98,23
1689,99,0
1690,99,1
1691,99,2
1692,99,3
1693,99,4
1694,99,5
1695,99,17
1696,99,18
1697,99,19
1698,99,20
1699,99,21
1700,99,22
1701,99,23
1702,100,0
1703,100,1
1704,100,2
1705,100,3
1706,100,4
1707,100,5
1708,100,17
1709,100,18
1710,100,19
1711,100,20
1712,100,21
1713,100,22
1714,100,23
1715,101,0
1716,101,1
1717,101,2
1718,101,3
1719,101,4
1720,101,5
1721,101,17
1722,101,18
1723,101,19
1724,101,20
1725,101,21
1726,101,22
1727,101,23
1728,102,0
1729,102,1
1730,102,2
1731,102,3
1732,102,4
1733,102,5
1734,102,17
1735,102,18
1736,102,19
1737,102,20
1738,102,21
1739,102,22
1740,102,23
1741,103,0
1742,103,1
1743,103,2
1744,103,3
1745,103,4
1746,103,5
1747,103,17
1748,103,18
1749,103,19
1750,103,20
1751,103,21
1752,103,22
1753,103,23
1754,104,0
1755,104,1
1756,104,2
1757,104,3
1758,104,4
1759,104,17
1760,104,18
1761,104,19
1762,104,20
1763,104,21
1764,104,22
1765,104,23
1766,105,0
1767,105,1
1768,105,2
1769,105,3
1770,105,4
1771,105,17
1772,105,18
1773,105,19
1774,105,20
1775,105,21
1776,105,22
1777,105,23
1778,106,0
1779,106,1
1780,106,2
1781,106,3
1782,106,4
1783,106,5
1784,106,17
1785,106,18
1786,106,19
1787,106,20
1788,106,21
1789,106,22
1790,106,23
1791,107,0
1792,107,1
1793,107,2
1794,107,3
1795,107,4
1796,107,17
1797,107,18
1798,107,19
1799,107,20
1800,107,21
1801,107,22
1802,107,23
1803,108,0
1804,108,1
1805,108,2
1806,108,3
1807,108,4
1808,108,17
1809,108,18
1810,108,19
1811,108,20
1812,108,21
1813,108,22
1814,108,23
1815,109,0
1816,109,1
1817,109,2
1818,109,3
1819,109,4
1820,109,17
1821,109,18
1822,109,19
1823,109,20
1824,109,21
1825,109,22
1826,109,23
1827,110,0
1828,110,1
1829,110,2
1830,110,3
1831,110,4
1832,110,17
1833,110,18
1834,110,19
1835,110,20
1836,110,21
1837,110,22
1838,110,23
1839,111,0
1840,111,1
1841,111,2
1842,111,3
1843,111,4
1844,111,17
1845,111,18
1846,111,19
1847,111,20
1848,111,21
1849,111,22
1850,111,23
1851,112,0
1852,112,1
1853,112,2
1854,112,3
1855,112,4
1856,112,17
1857,112,18
1858,112,19
1859,112,20
1860,112,21
1861,112,22
1862,112,23
1863,113,0
1864,113,1
1865,113,2
1866,113,3
1867,113,4
1868,113,18
1869,113,19
1870,113,20
1871,113,21
1872,113,22
1873,113,23
1874,114,0
1875,114,1
1876,114,2
1877,114,3
1878,114,4
1879,114,18
1880,114,19
1881,114,20
1882,114,21
1883,114,22
1884,114,23
1885,115,0
1886,115,1
1887,115,2
1888,115,3
1889,115,4
1890,115,18
1891,115,19
1892,115,20
1893,115,21
1894,115,22
1895,115,23
1896,116,0
1897,116,1
1898,116,2
1899,116,3
1900,116,4
1901,116,18
1902,116,19
1903,116,20
1904,116,21
1905,116,22
1906,116,23
1907,117,0
1908,117,1
1909,117,2
1910,117,3
1911,117,4
1912,117,18
1913,117,19
1914,117,20
1915,117,21
1916,117,22
1917,117,23
1918,118,0
1919,118,1
1920,118,2
1921,118,3
1922,118,4
1923,118,18
1924,118,19
1925,118,20
1926,118,21
1927,118,22
1928,118,23
1929,119,0
1930,119,1
1931,119,2
1932,119,3
1933,119,4
1934,119,18
1935,119,19
1936,119,20
1937,119,21
1938,119,22
1939,119,23
1940,120,0
1941,120,1
1942,120,2
1943,120,3
1944,120,4
1945,120,18
1946,120,19
1947,120,20
1948,120,21
1949,120,22
1950,120,23
1951,121,0
1952,121,1
1953,121,2
1954,121,3
1955,121,4
1956,121,18
1957,121,19
1958,121,20
1959,121,21
1960,121,22
1961,121,23
1962,122,0
1963,122,1
1964,122,2
1965,122,3
1966,122,4
1967,122,18
1968,122,19
1969,122,20
1970,122,21
1971,122,22
1972,122,23
1973,123,0
1974,123,1
1975,123,2
1976,123,3
1977,123,4
1978,123,18
1979,123,19
1980,123,20
1981,123,21
1982,123,22
1983,123,23
1984,124,0
1985,124,1
1986,124,2
1987,124,3
1988,124,4
1989,124,18
1990,124,19
1991,124,20
1992,124,21
1993,124,22
1994,124,23
1995,125,0
1996,125,1
1997,125,2
1998,125,3
1999,125,4
2000,125,18
2001,125,19
2002,125,20
2003,125,21
2004,125,22
2005,125,23
2006,126,0
2007,126,1
2008,126,2
2009,126,3
2010,126,4
2011,126,18
2012,126,19
2013,126,20
2014,126,21
2015,126,22
2016,126,23
2017,127,0
2018,127,1
2019,127,2
2020,127,3
2021,127,4
2022,127,18
2023,127,19
2024,127,20
2025,127,21
2026,127,22
2027,127,23
2028,128,0
2029,128,1
2030,128,2
2031,128,3
2032,128,4
2033,128,18
2034,128,19
2035,128,20
2036,128,21
2037,128,22
2038,128,23
2039,129,0
2040,129,1
2041,129,2
2042,129,3
2043,129,4
2044,129,18
2045,129,19
2046,129,20
2047,129,21
2048,129,22
2049,129,23
2050,130,0
2051,130,1
2052,130,2
2053,130,3
2054,130,4
2055,130,18
2056,130,19
2057,130,20
2058,130,21
2059,130,22
2060,130,23
2061,131,0
2062,131,1
2063,131,2
2064,131,3
2065,131,4
2066,131,18
2067,131,19
2068,131,20
2069,131,21
2070,131,22
2071,131,23
2072,132,0
2073,132,1
2074,132,2
2075,132,3
2076,132,4
2077,132,18
2078,132,19
2079,132,20
2080,132,21
2081,132,22
2082,132,23
2083,133,0
2084,133,1
2085,133,2
2086,133,3
2087,133,4
2088,133,18
2089,133,19
2090,133,20
2091,133,21
2092,133,22
2093,133,23
2094,134,0
2095,134,1
2096,134,2
2097,134,3
2098,134,4
2099,134,18
2100,134,19
2101,134,20
2102,134,21
2103,134,22
2104,134,23
2105,135,0
2106,135,1
2107,135,2
2108,135,3
2109,135,4
2110,135,18
2111,135,19
2112,135,20
2113,135,21
2114,135,22
2115,135,23
2116,136,0
2117,136,1
2118,136,2
2119,136,3
2120,136,4
2121,136,18
2122,136,19
2123,136,20
2124,136,21
2125,136,22
2126,136,23
2127,137,0
2128,137,1
2129,137,2
2130,137,3
2131,137,4
2132,137,18
2133,137,19
2134,137,20
2135,137,21
2136,137,22
2137,137,23
2138,138,0
2139,138,1
2140,138,2
2141,138,3
2142,138,4
2143,138,18
2144,138,19
2145,138,20
2146,138,21
2147,138,22
2148,138,23
2149,139,0
2150,139,1
2151,139,2
2152,139,3
2153,139,4
2154,139,18
2155,139,19
2156,139,20
2157,139,21
2158,139,22
2159,139,23
2160,140,0
2161,140,1
2162,140,2
2163,140,3
2164,140,18
2165,140,19
2166,140,20
2167,140,21
2168,140,22
2169,140,23
2170,141,0
2171,141,1
2172,141,2
2173,141,3
2174,141,18
2175,141,19
2176,141,20
2177,141,21
2178,141,22
2179,141,23
2180,142,0
2181,142,1
2182,142,2
2183,142,3
2184,142,18
2185,142,19
2186,142,20
2187,142,21
2188,142,22
2189,142,23
2190,143,0
2191,143,1
2192,143,2
2193,143,3
2194,143,18
2195,143,19
2196,143,20
2197,143,21
2198,143,22
2199,143,23
2200,144,0
2201,144,1
2202,144,2
2203,144,3
2204,144,18
2205,144,19
2206,144,20
2207,144,21
2208,144,22
2209,144,23
2210,145,0
2211,145,1
2212,145,2
2213,145,3
2214,145,18
2215,145,19
2216,145,20
2217,145,21
2218,145,22
2219,145,23
2220,146,0
2221,146,1
2222,146,2
2223,146,3
2224,146,18
2225,146,19
2226,146,20
2227,146,21
2228,146,22
2229,146,23
2230,147,0
2231,147,1
2232,147,2
2233,147,3
2234,147,18
2235,147,19
2236,147,20
2237,147,21
2238,147,22
2239,147,23
2240,148,0
2241,148,1
2242,148,2
2243,148,3
2244,148,18
2245,148,19
2246,148,20
2247,148,21
2248,148,22
2249,148,23
2250,149,0
2251,149,1
2252,149,2
2253,149,3
2254,149,18
2255,149,19
2256,149,20
2257,149,21
2258,149,22
2259,149,23
2260,150,0
2261,150,1
2262,150,2
2263,150,3
2264,150,18
2265,150,19
2266,150,20
2267,150,21
2268,150,22
2269,150,23
2270,151,0
2271,151,1
2272,151,2
2273,151,3
2274,151,18
2275,151,19
2276,151,20
2277,151,21
2278,151,22
2279,151,23
2280,152,0
2281,152,1
2282,152,2
2283,152,3
2284,152,18
2285,152,19
2286,152,20
2287,152,21
2288,152,22
2289,152,23
2290,153,0
2291,153,1
2292,153,2
2293,153,3
2294,153,18
2295,153,19
2296,153,20
2297,153,21
2298,153,22
2299,153,23
2300,154,0
2301,154,1
2302,154,2
2303,154,3
2304,154,18
2305,154,19
2306,154,20
2307,154,21
2308,154,22
2309,154,23
2310,155,0
2311,155,1
2312,155,2
2313,155,3
2314,155,18
2315,155,19
2316,155,20
2317,155,21
2318,155,22
2319,155,23
2320,156,0
2321,156,1
2322,156,2
2323,156,3
2324,156,18
2325,156,19
2326,156,20
2327,156,21
2328,156,22
2329,156,23
2330,157,0
2331,157,1
2332,157,2
2333,157,3
2334,157,18
2335,157,19
2336,157,20
2337,157,21
2338,157,22
2339,157,23
2340,158,0
2341,158,1
2342,158,2
2343,158,3
2344,158,18
2345,158,19
2346,158,20
2347,158,21
2348,158,22
2349,158,23
2350,159,0
2351,159,1
2352,159,2
2353,159,3
2354,159,18
2355,159,19
2356,159,20
2357,159,21
2358,159,22
2359,159,23
2360,160,0
2361,160,1
2362,160,2
2363,160,3
2364,160,18
2365,160,19
2366,160,20
2367,160,21
2368,160,22
2369,160,23
2370,161,0
2371,161,1
2372,161,2
2373,161,3
2374,161,18
2375,161,19
2376,161,20
2377,161,21
2378,161,22
2379,161,23
2380,162,0
2381,162,1
2382,162,2
2383,162,3
2384,162,18
2385,162,19
2386,162,20
2387,162,21
2388,162,22
2389,162,23
2390,163,0
2391,163,1
2392,163,2
2393,163,3
2394,163,18
2395,163,19
2396,163,20
2397,163,21
2398,163,22
2399,163,23
2400,164,0
2401,164,1
2402,164,2
2403,164,3
2404,164,19
2405,164,20
2406,164,21
2407,164,22
2408,164,23
2409,165,0
2410,165,1
2411,165,2
2412,165,3
2413,165,19
2414,165,20
2415,165,21
2416,165,22
2417,165,23
2418,166,0
2419,166,1
2420,166,2
2421,166,3
2422,166,19
2423,166,20
2424,166,21
2425,166,22
2426,166,23
2427,167,0
2428,167,1
2429,167,2
2430,167,3
2431,167,18
2432,167,19
2433,167,20
2434,167,21
2435,167,22
2436,167,23
2437,168,0
2438,168,1
2439,168,2
2440,168,3
2441,168,18
2442,168,19
2443,168,20
2444,168,21
2445,168,22
2446,168,23
2447,169,0
2448,169,1
2449,169,2
2450,169,3
2451,169,18
2452,169,19
2453,169,20
2454,169,21
2455,169,22
2456,169,23
2457,170,0
2458,170,1
2459,170,2
2460,170,3
2461,170,18
2462,170,19
2463,170,20
2464,170,21
2465,170,22
2466,170,23
2467,171,0
2468,171,1
2469,171,2
2470,171,3
2471,171,19
2472,171,20
2473,171,21
2474,171,22
2475,171,23
2476,172,0
2477,172,1
2478,172,2
2479,172,3
2480,172,18
2481,172,19
2482,172,20
2483,172,21
2484,172,22
2485,172,23
2486,173,0
2487,173,1
2488,173,2
2489,173,3
2490,173,18
2491,173,19
2492,173,20
2493,173,21
2494,173,22
2495,173,23
2496,174,0
2497,174,1
2498,174,2
2499,174,3
2500,174,18
2501,174,19
2502,174,20
2503,174,21
2504,174,22
2505,174,23
2506,175,0
2507,175,1
2508,175,2
2509,175,3
2510,175,18
2511,175,19
2512,175,20
2513,175,21
2514,175,22
2515,175,23
2516,176,0
2517,176,1
2518,176,2
2519,176,3
2520,176,18
2521,176,19
2522,176,20
2523,176,21
2524,176,22
2525,176,23
2526,177,0
2527,177,1
2528,177,2
2529,177,3
2530,177,18
2531,177,19
2532,177,20
2533,177,21
2534,177,22
2535,177,23
2536,178,0
2537,178,1
2538,178,2
2539,178,3
2540,178,18
2541,178,19
2542,178,20
2543,178,21
2544,178,22
2545,178,23
2546,179,0
2547,179,1
2548,179,2
2549,179,3
2550,179,18
2551,179,19
2552,179,20
2553,179,21
2554,179,22
2555,179,23
2556,180,0
2557,180,1
2558,180,2
2559,180,3
2560,180,19
2561,180,20
2562,180,21
2563,180,22
2564,180,23
2565,181,0
2566,181,1
2567,181,2
2568,181,3
2569,181,18
2570,181,19
2571,181,20
2572,181,21
2573,181,22
2574,181,23
2575,182,0
2576,182,1
2577,182,2
2578,182,3
2579,182,18
2580,182,19
2581,182,20
2582,182,21
2583,182,22
2584,182,23
2585,183,0
2586,183,1
2587,183,2
2588,183,3
2589,183,18
2590,183,19
2591,183,20
2592,183,21
2593,183,22
2594,183,23
2595,184,0
2596,184,1
2597,184,2
2598,184,3
2599,184,18
2600,184,19
2601,184,20
2602,184,21
2603,184,22
2604,184,23
2605,185,0
2606,185,1
2607,185,2
2608,185,3
2609,185,18
2610,185,19
2611,185,20
2612,185,21
2613,185,22
2614,185,23
2615,186,0
2616,186,1
2617,186,2
2618,186,3
2619,186,18
2620,186,19
2621,186,20
2622,186,21
2623,186,22
2624,186,23
2625,187,0
2626,187,1
2627,187,2
2628,187,3
2629,187,18
2630,187,19
2631,187,20
2632,187,21
2633,187,22
2634,187,23
2635,188,0
2636,188,1
2637,188,2
2638,188,3
2639,188,18
2640,188,19
2641,188,20
2642,188,21
2643,188,22
2644,188,23
2645,189,0
2646,189,1
2647,189,2
2648,189,3
2649,189,18
2650,189,19
2651,189,20
2652,189,21
2653,189,22
2654,189,23
2655,190,0
2656,190,1
2657,190,2
2658,190,3
2659,190,18
2660,190,19
2661,190,20
2662,190,21
2663,190,22
2664,190,23
2665,191,0
2666,191,1
2667,191,2
2668,191,3
2669,191,18
2670,191,19
2671,191,20
2672,191,21
2673,191,22
2674,191,23
2675,192,0
2676,192,1
2677,192,2
2678,192,3
2679,192,18
2680,192,19
2681,192,20
2682,192,21
2683,192,22
2684,192,23
2685,193,0
2686,193,1
2687,193,2
2688,193,3
2689,193,18
2690,193,19
2691,193,20
2692,193,21
2693,193,22
2694,193,23
2695,194,0
2696,194,1
2697,194,2
2698,194,3
2699,194,18
2700,194,19
2701,194,20
2702,194,21
2703,194,22
2704,194,23
2705,195,0
2706,195,1
2707,195,2
2708,195,3
2709,195,18
2710,195,19
2711,195,20
2712,195,21
2713,195,22
2714,195,23
2715,196,0
2716,196,1
2717,196,2
2718,196,3
2719,196,18
2720,196,19
2721,196,20
2722,196,21
2723,196,22
2724,196,23
2725,197,0
2726,197,1
2727,197,2
2728,197,3
2729,197,18
2730,197,19
2731,197,20
2732,197,21
2733,197,22
2734,197,23
2735,198,0
2736,198,1
2737,198,2
2738,198,3
2739,198,18
2740,198,19
2741,198,20
2742,198,21
2743,198,22
2744,198,23
2745,199,0
2746,199,1
2747,199,2
2748,199,3
2749,199,4
2750,199,18
2751,199,19
2752,199,20
2753,199,21
2754,199,22
2755,199,23
2756,200,0
2757,200,1
2758,200,2
2759,200,3
2760,200,4
2761,200,18
2762,200,19
2763,200,20
2764,200,21
2765,200,22
2766,200,23
2767,201,0
2768,201,1
2769,201,2
2770,201,3
2771,201,4
2772,201,18
2773,201,19
2774,201,20
2775,201,21
2776,201,22
2777,201,23
2778,202,0
2779,202,1
2780,202,2
2781,202,3
2782,202,4
2783,202,18
2784,202,19
2785,202,20
2786,202,21
2787,202,22
2788,202,23
2789,203,0
2790,203,1
2791,203,2
2792,203,3
2793,203,4
2794,203,18
2795,203,19
2796,203,20
2797,203,21
2798,203,22
2799,203,23
2800,204,0
2801,204,1
2802,204,2
2803,204,3
2804,204,4
2805,204,18
2806,204,19
2807,204,20
2808,204,21
2809,204,22
2810,204,23
2811,205,0
2812,205,1
2813,205,2
2814,205,3
2815,205,4
2816,205,18
2817,205,19
2818,205,20
2819,205,21
2820,205,22
2821,205,23
2822,206,0
2823,206,1
2824,206,2
2825,206,3
2826,206,4
2827,206,18
2828,206,19
2829,206,20
2830,206,21
2831,206,22
2832,206,23
2833,207,0
2834,207,1
2835,207,2
2836,207,3
2837,207,4
2838,207,18
2839,207,19
2840,207,20
2841,207,21
2842,207,22
2843,207,23
2844,208,0
2845,208,1
2846,208,2
2847,208,3
2848,208,4
2849,208,18
2850,208,19
2851,208,20
2852,208,21
2853,208,22
2854,208,23
2855,209,0
2856,209,1
2857,209,2
2858,209,3
2859,209,4
2860,209,18
2861,209,19
2862,209,20
2863,209,21
2864,209,22
2865,209,23
2866,210,0
2867,210,1
2868,210,2
2869,210,3
2870,210,4
2871,210,18
2872,210,19
2873,210,20
2874,210,21
2875,210,22
2876,210,23
2877,211,0
2878,211,1
2879,211,2
2880,211,3
2881,211,4
2882,211,18
2883,211,19
2884,211,20
2885,211,21
2886,211,22
2887,211,23
2888,212,0
2889,212,1
2890,212,2
2891,212,3
2892,212,4
2893,212,18
2894,212,19
2895,212,20
2896,212,21
2897,212,22
2898,212,23
2899,213,0
2900,213,1
2901,213,2
2902,213,3
2903,213,4
2904,213,18
2905,213,19
2906,213,20
2907,213,21
2908,213,22
2909,213,23
2910,214,0
2911,214,1
2912,214,2
2913,214,3
2914,214,4
2915,214,18
2916,214,19
2917,214,20
2918,214,21
2919,214,22
2920,214,23
2921,215,0
2922,215,1
2923,215,2
2924,215,3
2925,215,4
2926,215,18
2927,215,19
2928,215,20
2929,215,21
2930,215,22
2931,215,23
2932,216,0
2933,216,1
2934,216,2
2935,216,3
2936,216,4
2937,216,18
2938,216,19
2939,216,20
2940,216,21
2941,216,22
2942,216,23
2943,217,0
2944,217,1
2945,217,2
2946,217,3
2947,217,4
2948,217,18
2949,217,19
2950,217,20
2951,217,21
2952,217,22
2953,217,23
2954,218,0
2955,218,1
2956,218,2
2957,218,3
2958,218,4
2959,218,18
2960,218,19
2961,218,20
2962,218,21
2963,218,22
2964,218,23
2965,219,0
2966,219,1
2967,219,2
2968,219,3
2969,219,4
2970,219,18
2971,219,19
2972,219,20
2973,219,21
2974,219,22
2975,219,23
2976,220,0
2977,220,1
2978,220,2
2979,220,3
2980,220,4
2981,220,18
2982,220,19
2983,220,20
2984,220,21
2985,220,22
2986,220,23
2987,221,0
2988,221,1
2989,221,2
2990,221,3
2991,221,4
2992,221,18
2993,221,19
2994,221,20
2995,221,21
2996,221,22
2997,221,23
2998,222,0
2999,222,1
3000,222,2
3001,222,3
3002,222,4
3003,222,18
3004,222,19
3005,222,20
3006,222,21
3007,222,22
3008,222,23
3009,223,0
3010,223,1
3011,223,2
3012,223,3
3013,223,4
3014,223,18
3015,223,19
3016,223,20
3017,223,21
3018,223,22
3019,223,23
3020,224,0
3021,224,1
3022,224,2
3023,224,3
3024,224,4
3025,224,18
3026,224,19
3027,224,20
3028,224,21
3029,224,22
3030,224,23
3031,225,0
3032,225,1
3033,225,2
3034,225,3
3035,225,4
3036,225,18
3037,225,19
3038,225,20
3039,225,21
3040,225,22
3041,225,23
3042,226,0
3043,226,1
3044,226,2
3045,226,3
3046,226,4
3047,226,18
3048,226,19
3049,226,20
3050,226,21
3051,226,22
3052,226,23
3053,227,0
3054,227,1
3055,227,2
3056,227,3
3057,227,4
3058,227,18
3059,227,19
3060,227,20
3061,227,21
3062,227,22
3063,227,23
3064,228,0
3065,228,1
3066,228,2
3067,228,3
3068,228,4
3069,228,18
3070,228,19
3071,228,20
3072,228,21
3073,228,22
3074,228,23
3075,229,0
3076,229,1
3077,229,2
3078,229,3
3079,229,4
3080,229,17
3081,229,18
3082,229,19
3083,229,20
3084,229,21
3085,229,22
3086,229,23
3087,230,0
3088,230,1
3089,230,2
3090,230,3
3091,230,4
3092,230,18
3093,230,19
3094,230,20
3095,230,21
3096,230,22
3097,230,23
3098,231,0
3099,231,1
3100,231,2
3101,231,3
3102,231,4
3103,231,17
3104,231,18
3105,231,19
3106,231,20
3107,231,21
3108,231,22
3109,231,23
3110,232,0
3111,232,1
3112,232,2
3113,232,3
3114,232,4
3115,232,17
3116,232,18
3117,232,19
3118,232,20
3119,232,21
3120,232,22
3121,232,23
3122,233,0
3123,233,1
3124,233,2
3125,233,3
3126,233,4
3127,233,17
3128,233,18
3129,233,19
3130,233,20
3131,233,21
3132,233,22
3133,233,23
3134,234,0
3135,234,1
3136,234,2
3137,234,3
3138,234,4
3139,234,17
3140,234,18
3141,234,19
3142,234,20
3143,234,21
3144,234,22
3145,234,23
3146,235,0
3147,235,1
3148,235,2
3149,235,3
3150,235,4
3151,235,17
3152,235,18
3153,235,19
3154,235,20
3155,235,21
3156,235,22
3157,235,23
3158,236,0
3159,236,1
3160,236,2
3161,236,3
3162,236,4
3163,236,17
3164,236,18
3165,236,19
3166,236,20
3167,236,21
3168,236,22
3169,236,23
3170,237,0
3171,237,1
3172,237,2
3173,237,3
3174,237,4
3175,237,17
3176,237,18
3177,237,19
3178,237,20
3179,237,21
3180,237,22
3181,237,23
3182,238,0
3183,238,1
3184,238,2
3185,238,3
3186,238,4
3187,238,17
3188,238,18
3189,238,19
3190,238,20
3191,238,21
3192,238,22
3193,238,23
3194,239,0
3195,239,1
3196,239,2
3197,239,3
3198,239,4
3199,239,5
3200,239,17
3201,239,18
3202,239,19
3203,239,20
3204,239,21
3205,239,22
3206,239,23
3207,240,0
3208,240,1
3209,240,2
3210,240,3
3211,240,4
3212,240,5
3213,240,17
3214,240,18
3215,240,19
3216,240,20
3217,240,21
3218,240,22
3219,240,23
3220,241,0
3221,241,1
3222,241,2
3223,241,3
3224,241,4
3225,241,5
3226,241,17
3227,241,18
3228,241,19
3229,241,20
3230,241,21
3231,241,22
3232,241,23
3233,242,0
3234,242,1
3235,242,2
3236,242,3
3237,242,4
3238,242,5
3239,242,17
3240,242,18
3241,242,19
3242,242,20
3243,242,21
3244,242,22
3245,242,23
3246,243,0
3247,243,1
3248,243,2
3249,243,3
3250,243,4
3251,243,5
3252,243,17
3253,243,18
3254,243,19
3255,243,20
3256,243,21
3257,243,22
3258,243,23
3259,244,0
3260,244,1
3261,244,2
3262,244,3
3263,244,4
3264,244,5
3265,244,17
3266,244,18
3267,244,19
3268,244,20
3269,244,21
3270,244,22
3271,244,23
3272,245,0
3273,245,1
3274,245,2
3275,245,3
3276,245,4
3277,245,5
3278,245,17
3279,245,18
3280,245,19
3281,245,20
3282,245,21
3283,245,22
3284,245,23
3285,246,0
3286,246,1
3287,246,2
3288,246,3
3289,246,4
3290,246,5
3291,246,17
3292,246,18
3293,246,19
3294,246,20
3295,246,21
3296,246,22
3297,246,23
3298,247,0
3299,247,1
3300,247,2
3301,247,3
3302,247,4
3303,247,5
3304,247,17
3305,247,18
3306,247,19
3307,247,20
3308,247,21
3309,247,22
3310,247,23
3311,248,0
3312,248,1
3313,248,2
3314,248,3
3315,248,4
3316,248,5
3317,248,17
3318,248,18
3319,248,19
3320,248,20
3321,248,21
3322,248,22
3323,248,23
3324,249,0
3325,249,1
3326,249,2
3327,249,3
3328,249,4
3329,249,5
3330,249,17
3331,249,18
3332,249,19
3333,249,20
3334,249,21
3335,249,22
3336,249,23
3337,250,0
3338,250,1
3339,250,2
3340,250,3
3341,250,4
3342,250,5
3343,250,17
3344,250,18
3345,250,19
3346,250,20
3347,250,21
3348,250,22
3349,250,23
3350,251,0
3351,251,1
3352,251,2
3353,251,3
3354,251,4
3355,251,5
3356,251,17
3357,251,18
3358,251,19
3359,251,20
3360,251,21
3361,251,22
3362,251,23
3363,252,0
3364,252,1
3365,252,2
3366,252,3
3367,252,4
3368,252,5
3369,252,17
3370,252,18
3371,252,19
3372,252,20
3373,252,21
3374,252,22
3375,252,23
3376,253,0
3377,253,1
3378,253,2
3379,253,3
3380,253,4
3381,253,5
3382,253,17
3383,253,18
3384,253,19
3385,253,20
3386,253,21
3387,253,22
3388,253,23
3389,254,0
3390,254,1
3391,254,2
3392,254,3
3393,254,4
3394,254,5
3395,254,17
3396,254,18
3397,254,19
3398,254,20
3399,254,21
3400,254,22
3401,254,23
3402,255,0
3403,255,1
3404,255,2
3405,255,3
3406,255,4
3407,255,5
3408,255,17
3409,255,18
3410,255,19
3411,255,20
3412,255,21
3413,255,22
3414,255,23
3415,256,0
3416,256,1
3417,256,2
3418,256,3
3419,256,4
3420,256,5
3421,256,17
3422,256,18
3423,256,19
3424,256,20
3425,256,21
3426,256,22
3427,256,23
3428,257,0
3429,257,1
3430,257,2
3431,257,3
3432,257,4
3433,257,5
3434,257,17
3435,257,18
3436,257,19
3437,257,20
3438,257,21
3439,257,22
3440,257,23
3441,258,0
3442,258,1
3443,258,2
3444,258,3
3445,258,4
3446,258,5
3447,258,17
3448,258,18
3449,258,19
3450,258,20
3451,258,21
3452,258,22
3453,258,23
3454,259,0
3455,259,1
3456,259,2
3457,259,3
3458,259,4
3459,259,5
3460,259,17
3461,259,18
3462,259,19
3463,259,20
3464,259,21
3465,259,22
3466,259,23
3467,260,0
3468,260,1
3469,260,2
3470,260,3
3471,260,4
3472,260,5
3473,260,17
3474,260,18
3475,260,19
3476,260,20
3477,260,21
3478,260,22
3479,260,23
3480,261,0
3481,261,1
3482,261,2
3483,261,3
3484,261,4
3485,261,5
3486,261,16
3487,261,17
3488,261,18
3489,261,19
3490,261,20
3491,261,21
3492,261,22
3493,261,23
3494,262,0
3495,262,1
3496,262,2
3497,262,3
3498,262,4
3499,262,5
3500,262,16
3501,262,17
3502,262,18
3503,262,19
3504,262,20
3505,262,21
3506,262,22
3507,262,23
3508,263,0
3509,263,1
3510,263,2
3511,263,3
3512,263,4
3513,263,5
3514,263,6
3515,263,16
3516,263,17
3517,263,18
3518,263,19
3519,263,20
3520,263,21
3521,263,22
3522,263,23
3523,264,0
3524,264,1
3525,264,2
3526,264,3
3527,264,4
3528,264,5
3529,264,6
3530,264,16
3531,264,17
3532,264,18
3533,264,19
3534,264,20
3535,264,21
3536,264,22
3537,264,23
3538,265,0
3539,265,1
3540,265,2
3541,265,3
3542,265,4
3543,265,5
3544,265,6
3545,265,16
3546,265,17
3547,265,18
3548,265,19
3549,265,20
3550,265,21
3551,265,22
3552,265,23
3553,266,0
3554,266,1
3555,266,2
3556,266,3
3557,266,4
3558,266,5
3559,266,6
3560,266,16
3561,266,17
3562,266,18
3563,266,19
3564,266,20
3565,266,21
3566,266,22
3567,266,23
3568,267,0
3569,267,1
3570,267,2
3571,267,3
3572,267,4
3573,267,5
3574,267,6
3575,267,16
3576,267,17
3577,267,18
3578,267,19
3579,267,20
3580,267,21
3581,267,22
3582,267,23
3583,268,0
3584,268,1
3585,268,2
3586,268,3
3587,268,4
3588,268,5
3589,268,6
3590,268,16
3591,268,17
3592,268,18
3593,268,19
3594,268,20
3595,268,21
3596,268,22
3597,268,23
3598,269,0
3599,269,1
3600,269,2
3601,269,3
3602,269,4
3603,269,5
3604,269,6
3605,269,16
3606,269,17
3607,269,18
3608,269,19
3609,269,20
3610,269,21
3611,269,22
3612,269,23
3613,270,0
3614,270,1
3615,270,2
3616,270,3
3617,270,4
3618,270,5
3619,270,6
3620,270,16
3621,270,17
3622,270,18
3623,270,19
3624,270,20
3625,270,21
3626,270,22
3627,270,23
3628,271,0
3629,271,1
3630,271,2
3631,271,3
3632,271,4
3633,271,5
3634,271,6
3635,271,16
3636,271,17
3637,271,18
3638,271,19
3639,271,20
3640,271,21
3641,271,22
3642,271,23
3643,272,0
3644,272,1
3645,272,2
3646,272,3
3647,272,4
3648,272,5
3649,272,6
3650,272,16
3651,272,17
3652,272,18
3653,272,19
3654,272,20
3655,272,21
3656,272,22
3657,272,23
3658,273,0
3659,273,1
3660,273,2
3661,273,3
3662,273,4
3663,273,5
3664,273,6
3665,273,16
3666,273,17
3667,273,18
3668,273,19
3669,273,20
3670,273,21
3671,273,22
3672,273,23
3673,274,0
3674,274,1
3675,274,2
3676,274,3
3677,274,4
3678,274,5
3679,274,6
3680,274,16
3681,274,17
3682,274,18
3683,274,19
3684,274,20
3685,274,21
3686,274,22
3687,274,23
3688,275,0
3689,275,1
3690,275,2
3691,275,3
3692,275,4
3693,275,5
3694,275,6
3695,275,16
3696,275,17
3697,275,18
3698,275,19
3699,275,20
3700,275,21
3701,275,22
3702,275,23
3703,276,0
3704,276,1
3705,276,2
3706,276,3
3707,276,4
3708,276,5
3709,276,6
3710,276,16
3711,276,17
3712,276,18
3713,276,19
3714,276,20
3715,276,21
3716,276,22
3717,276,23
3718,277,0
3719,277,1
3720,277,2
3721,277,3
3722,277,4
3723,277,5
3724,277,6
3725,277,16
3726,277,17
3727,277,18
3728,277,19
3729,277,20
3730,277,21
3731,277,22
3732,277,23
3733,278,0
3734,278,1
3735,278,2
3736,278,3
3737,278,4
3738,278,5
3739,278,6
3740,278,16
3741,278,17
3742,278,18
3743,278,19
3744,278,20
3745,278,21
3746,278,22
3747,278,23
3748,279,0
3749,279,1
3750,279,2
3751,279,3
3752,279,4
3753,279,5
3754,279,6
3755,279,16
3756,279,17
3757,279,18
3758,279,19
3759,279,20
3760,279,21
3761,279,22
3762,279,23
3763,280,0
3764,280,1
3765,280,2
3766,280,3
3767,280,4
3768,280,5
3769,280,6
3770,280,16
3771,280,17
3772,280,18
3773,280,19
3774,280,20
3775,280,21
3776,280,22
3777,280,23
3778,281,0
3779,281,1
3780,281,2
3781,281,3
3782,281,4
3783,281,5
3784,281,6
3785,281,16
3786,281,17
3787,281,18
3788,281,19
3789,281,20
3790,281,21
3791,281,22
3792,281,23
3793,282,0
3794,282,1
3795,282,2
3796,282,3
3797,282,4
3798,282,5
3799,282,6
3800,282,16
3801,282,17
3802,282,18
3803,282,19
3804,282,20
3805,282,21
3806,282,22
3807,282,23
3808,283,0
3809,283,1
3810,283,2
3811,283,3
3812,283,4
3813,283,5
3814,283,6
3815,283,16
3816,283,17
3817,283,18
3818,283,19
3819,283,20
3820,283,21
3821,283,22
3822,283,23
3823,284,0
3824,284,1
3825,284,2
3826,284,3
3827,284,4
3828,284,5
3829,284,6
3830,284,16
3831,284,17
3832,284,18
3833,284,19
3834,284,20
3835,284,21
3836,284,22
3837,284,23
3838,285,0
3839,285,1
3840,285,2
3841,285,3
3842,285,4
3843,285,5
3844,285,6
3845,285,16
3846,285,17
3847,285,18
3848,285,19
3849,285,20
3850,285,21
3851,285,22
3852,285,23
3853,286,0
3854,286,1
3855,286,2
3856,286,3
3857,286,4
3858,286,5
3859,286,6
3860,286,16
3861,286,17
3862,286,18
3863,286,19
3864,286,20
3865,286,21
3866,286,22
3867,286,23
3868,287,0
3869,287,1
3870,287,2
3871,287,3
3872,287,4
3873,287,5
3874,287,6
3875,287,16
3876,287,17
3877,287,18
3878,287,19
3879,287,20
3880,287,21
3881,287,22
3882,287,23
3883,288,0
3884,288,1
3885,288,2
3886,288,3
3887,288,4
3888,288,5
3889,288,6
3890,288,15
3891,288,16
3892,288,17
3893,288,18
3894,288,19
3895,288,20
3896,288,21
3897,288,22
3898,288,23
3899,289,0
3900,289,1
3901,289,2
3902,289,3
3903,289,4
3904,289,5
3905,289,6
3906,289,15
3907,289,16
3908,289,17
3909,289,18
3910,289,19
3911,289,20
3912,289,21
3913,289,22
3914,289,23
3915,290,0
3916,290,1
3917,290,2
3918,290,3
3919,290,4
3920,290,5
3921,290,6
3922,290,7
3923,290,15
3924,290,16
3925,290,17
3926,290,18
3927,290,19
3928,290,20
3929,290,21
3930,290,22
3931,290,23
3932,291,0
3933,291,1
3934,291,2
3935,291,3
3936,291,4
3937,291,5
3938,291,6
3939,291,7
3940,291,15
3941,291,16
3942,291,17
3943,291,18
3944,291,19
3945,291,20
3946,291,21
3947,291,22
3948,291,23
3949,292,0
3950,292,1
3951,292,2
3952,292,3
3953,292,4
3954,292,5
3955,292,6
3956,292,7
3957,292,15
3958,292,16
3959,292,17
3960,292,18
3961,292,19
3962,292,20
3963,292,21
3964,292,22
3965,292,23
3966,293,0
3967,293,1
3968,293,2
3969,293,3
3970,293,4
3971,293,5
3972,293,6
3973,293,7
3974,293,15
3975,293,16
3976,293,17
3977,293,18
3978,293,19
3979,293,20
3980,293,21
3981,293,22
3982,293,23
3983,294,0
3984,294,1
3985,294,2
3986,294,3
3987,294,4
3988,294,5
3989,294,6
3990,294,7
3991,294,15
3992,294,16
3993,294,17
3994,294,18
3995,294,19
3996,294,20
3997,294,21
3998,294,22
3999,294,23
4000,295,0
4001,295,1
4002,295,2
4003,295,3
4004,295,4
4005,295,5
4006,295,6
4007,295,7
4008,295,15
4009,295,16
4010,295,17
4011,295,18
4012,295,19
4013,295,20
4014,295,21
4015,295,22
4016,295,23
4017,296,0
4018,296,1
4019,296,2
4020,296,3
4021,296,4
4022,296,5
4023,296,6
4024,296,7
4025,296,15
4026,296,16
4027,296,17
4028,296,18
4029,296,19
4030,296,20
4031,296,21
4032,296,22
4033,296,23
4034,297,0
4035,297,1
4036,297,2
4037,297,3
4038,297,4
4039,297,5
4040,297,6
4041,297,7
4042,297,15
4043,297,16
4044,297,17
4045,297,18
4046,297,19
4047,297,20
4048,297,21
4049,297,22
4050,297,23
4051,298,0
4052,298,1
4053,298,2
4054,298,3
4055,298,4
4056,298,5
4057,298,6
4058,298,7
4059,298,15
4060,298,16
4061,298,17
4062,298,18
4063,298,19
4064,298,20
4065,298,21
4066,298,22
4067,298,23
4068,299,0
4069,299,1
4070,299,2
4071,299,3
4072,299,4
4073,299,5
4074,299,6
4075,299,7
4076,299,15
4077,299,16
4078,299,17
4079,299,18
4080,299,19
4081,299,20
4082,299,21
4083,299,22
4084,299,23
4085,300,0
4086,300,1
4087,300,2
4088,300,3
4089,300,4
4090,300,5
4091,300,6
4092,300,7
4093,300,15
4094,300,16
4095,300,17
4096,300,18
4097,300,19
4098,300,20
4099,300,21
4100,300,22
4101,300,23
4102,301,0
4103,301,1
4104,301,2
4105,301,3
4106,301,4
4107,301,5
4108,301,6
4109,301,7
4110,301,15
4111,301,16
4112,301,17
4113,301,18
4114,301,19
4115,301,20
4116,301,21
4117,301,22
4118,301,23
4119,302,0
4120,302,1
4121,302,2
4122,302,3
4123,302,4
4124,302,5
4125,302,6
4126,302,7
4127,302,15
4128,302,16
4129,302,17
4130,302,18
4131,302,19
4132,302,20
4133,302,21
4134,302,22
4135,302,23
4136,303,0
4137,303,1
4138,303,2
4139,303,3
4140,303,4
4141,303,5
4142,303,6
4143,303,7
4144,303,14
4145,303,15
4146,303,16
4147,303,17
4148,303,18
4149,303,19
4150,303,20
4151,303,21
4152,303,22
4153,303,23
4154,304,0
4155,304,1
4156,304,2
4157,304,3
4158,304,4
4159,304,5
4160,304,6
4161,304,7
4162,304,14
4163,304,15
4164,304,16
4165,304,17
4166,304,18
4167,304,19
4168,304,20
4169,304,21
4170,304,22
4171,304,23
4172,305,0
4173,305,1
4174,305,2
4175,305,3
4176,305,4
4177,305,5
4178,305,6
4179,305,7
4180,305,15
4181,305,16
4182,305,17
4183,305,18
4184,305,19
4185,305,20
4186,305,21
4187,305,22
4188,305,23
4189,306,0
4190,306,1
4191,306,2
4192,306,3
4193,306,4
4194,306,5
4195,306,6
4196,306,7
4197,306,15
4198,306,16
4199,306,17
4200,306,18
4201,306,19
4202,306,20
4203,306,21
4204,306,22
4205,306,23
4206,307,0
4207,307,1
4208,307,2
4209,307,3
4210,307,4
4211,307,5
4212,307,6
4213,307,7
4214,307,14
4215,307,15
4216,307,16
4217,307,17
4218,307,18
4219,307,19
4220,307,20
4221,307,21
4222,307,22
4223,307,23
4224,308,0
4225,308,1
4226,308,2
4227,308,3
4228,308,4
4229,308,5
4230,308,6
4231,308,7
4232,308,8
4233,308,14
4234,308,15
4235,308,16
4236,308,17
4237,308,18
4238,308,19
4239,308,20
4240,308,21
4241,308,22
4242,308,23
4243,309,0
4244,309,1
4245,309,2
4246,309,3
4247,309,4
4248,309,5
4249,309,6
4250,309,7
4251,309,8
4252,309,14
4253,309,15
4254,309,16
4255,309,17
4256,309,18
4257,309,19
4258,309,20
4259,309,21
4260,309,22
4261,309,23
4262,310,0
4263,310,1
4264,310,2
4265,310,3
4266,310,4
4267,310,5
4268,310,6
4269,310,7
4270,310,8
4271,310,14
4272,310,15
4273,310,16
4274,310,17
4275,310,18
4276,310,19
4277,310,20
4278,310,21
4279,310,22
4280,310,23
4281,311,0
4282,311,1
4283,311,2
4284,311,3
4285,311,4
4286,311,5
4287,311,6
4288,311,7
4289,311,8
4290,311,14
4291,311,15
4292,311,16
4293,311,17
4294,311,18
4295,311,19
4296,311,20
4297,311,21
4298,311,22
4299,311,23
4300,312,0
4301,312,1
4302,312,2
4303,312,3
4304,312,4
4305,312,5
4306,312,6
4307,312,7
4308,312,8
4309,312,14
4310,312,15
4311,312,16
4312,312,17
4313,312,18
4314,312,19
4315,312,20
4316,312,21
4317,312,22
4318,312,23
4319,313,0
4320,313,1
4321,313,2
4322,313,3
4323,313,4
4324,313,5
4325,313,6
4326,313,7
4327,313,8
4328,313,14
4329,313,15
4330,313,16
4331,313,17
4332,313,18
4333,313,19
4334,313,20
4335,313,21
4336,313,22
4337,313,23
4338,314,0
4339,314,1
4340,314,2
4341,314,3
4342,314,4
4343,314,5
4344,314,6
4345,314,7
4346,314,8
4347,314,14
4348,314,15
4349,314,16
4350,314,17
4351,314,18
4352,314,19
4353,314,20
4354,314,21
4355,314,22
4356,314,23
4357,315,0
4358,315,1
4359,315,2
4360,315,3
4361,315,4
4362,315,5
4363,315,6
4364,315,7
4365,315,8
4366,315,14
4367,315,15
4368,315,16
4369,315,17
4370,315,18
4371,315,19
4372,315,20
4373,315,21
4374,315,22
4375,315,23
4376,316,0
4377,316,1
4378,316,2
4379,316,3
4380,316,4
4381,316,5
4382,316,6
4383,316,7
4384,316,8
4385,316,14
4386,316,15
4387,316,16
4388,316,17
4389,316,18
4390,316,19
4391,316,20
4392,316,21
4393,316,22
4394,316,23
4395,317,0
4396,317,1
4397,317,2
4398,317,3
4399,317,4
4400,317,5
4401,317,6
4402,317,7
4403,317,8
4404,317,14
4405,317,15
4406,317,16
4407,317,17
4408,317,18
4409,317,19
4410,317,20
4411,317,21
4412,317,22
4413,317,23
4414,318,0
4415,318,1
4416,318,2
4417,318,3
4418,318,4
4419,318,5
4420,318,6
4421,318,7
4422,318,8
4423,318,14
4424,318,15
4425,318,16
4426,318,17
4427,318,18
4428,318,19
4429,318,20
4430,318,21
4431,318,22
4432,318,23
4433,319,0
4434,319,1
4435,319,2
4436,319,3
4437,319,4
4438,319,5
4439,319,6
4440,319,7
4441,319,8
4442,319,14
4443,319,15
4444,319,16
4445,319,17
4446,319,18
4447,319,19
4448,319,20
4449,319,21
4450,319,22
4451,319,23
4452,320,0
4453,320,1
4454,320,2
4455,320,3
4456,320,4
4457,320,5
4458,320,6
4459,320,7
4460,320,8
4461,320,14
4462,320,15
4463,320,16
4464,320,17
4465,320,18
4466,320,19
4467,320,20
4468,320,21
4469,320,22
4470,320,23
4471,321,0
4472,321,1
4473,321,2
4474,321,3
4475,321,4
4476,321,5
4477,321,6
4478,321,7
4479,321,8
4480,321,14
4481,321,15
4482,321,16
4483,321,17
4484,321,18
4485,321,19
4486,321,20
4487,321,21
4488,321,22
4489,321,23
4490,322,0
4491,322,1
4492,322,2
4493,322,3
4494,322,4
4495,322,5
4496,322,6
4497,322,7
4498,322,8
4499,322,14
4500,322,15
4501,322,16
4502,322,17
4503,322,18
4504,322,19
4505,322,20
4506,322,21
4507,322,22
4508,322,23
4509,323,0
4510,323,1
4511,323,2
4512,323,3
4513,323,4
4514,323,5
4515,323,6
4516,323,7
4517,323,8
4518,323,14
4519,323,15
4520,323,16
4521,323,17
4522,323,18
4523,323,19
4524,323,20
4525,323,21
4526,323,22
4527,323,23
4528,324,0
4529,324,1
4530,324,2
4531,324,3
4532,324,4
4533,324,5
4534,324,6
4535,324,7
4536,324,8
4537,324,14
4538,324,15
4539,324,16
4540,324,17
4541,324,18
4542,324,19
4543,324,20
4544,324,21
4545,324,22
4546,324,23
4547,325,0
4548,325,1
4549,325,2
4550,325,3
4551,325,4
4552,325,5
4553,325,6
4554,325,7
4555,325,8
4556,325,9
4557,325,13
4558,325,14
4559,325,15
4560,325,16
4561,325,17
4562,325,18
4563,325,19
4564,325,20
4565,325,21
4566,325,22
4567,325,23
4568,326,0
4569,326,1
4570,326,2
4571,326,3
4572,326,4
4573,326,5
4574,326,6
4575,326,7
4576,326,8
4577,326,9
4578,326,13
4579,326,14
4580,326,15
4581,326,16
4582,326,17
4583,326,18
4584,326,19
4585,326,20
4586,326,21
4587,326,22
4588,326,23
4589,327,0
4590,327,1
4591,327,2
4592,327,3
4593,327,4
4594,327,5
4595,327,6
4596,327,7
4597,327,8
4598,327,9
4599,327,13
4600,327,14
4601,327,15
4602,327,16
4603,327,17
4604,327,18
4605,327,19
4606,327,20
4607,327,21
4608,327,22
4609,327,23
4610,328,0
4611,328,1
4612,328,2
4613,328,3
4614,328,4
4615,328,5
4616,328,6
4617,328,7
4618,328,8
4619,328,9
4620,328,13
4621,328,14
4622,328,15
4623,328,16
4624,328,17
4625,328,18
4626,328,19
4627,328,20
4628,328,21
4629,328,22
4630,328,23
4631,329,0
4632,329,1
4633,329,2
4634,329,3
4635,329,4
4636,329,5
4637,329,6
4638,329,7
4639,329,8
4640,329,9
4641,329,13
4642,329,14
4643,329,15
4644,329,16
4645,329,17
4646,329,18
4647,329,19
4648,329,20
4649,329,21
4650,329,22
4651,329,23
4652,330,0
4653,330,1
4654,330,2
4655,330,3
4656,330,4
4657,330,5
4658,330,6
4659,330,7
4660,330,8
4661,330,9
4662,330,13
4663,330,14
4664,330,15
4665,330,16
4666,330,17
4667,330,18
4668,330,19
4669,330,20
4670,330,21
4671,330,22
4672,330,23
4673,331,0
4674,331,1
4675,331,2
4676,331,3
4677,331,4
4678,331,5
4679,331,6
4680,331,7
4681,331,8
4682,331,9
4683,331,13
4684,331,14
4685,331,15
4686,331,16
4687,331,17
4688,331,18
4689,331,19
4690,331,20
4691,331,21
4692,331,22
4693,331,23
4694,332,0
4695,332,1
4696,332,2
4697,332,3
4698,332,4
4699,332,5
4700,332,6
4701,332,7
4702,332,8
4703,332,9
4704,332,13
4705,332,14
4706,332,15
4707,332,16
4708,332,17
4709,332,18
4710,332,19
4711,332,20
4712,332,21
4713,332,22
4714,332,23
4715,333,0
4716,333,1
4717,333,2
4718,333,3
4719,333,4
4720,333,5
4721,333,6
4722,333,7
4723,333,8
4724,333,9
4725,333,13
4726,333,14
4727,333,15
4728,333,16
4729,333,17
4730,333,18
4731,333,19
4732,333,20
4733,333,21
4734,333,22
4735,333,23
4736,334,0
4737,334,1
4738,334,2
4739,334,3
4740,334,4
4741,334,5
4742,334,6
4743,334,7
4744,334,8
4745,334,9
4746,334,13
4747,334,14
4748,334,15
4749,334,16
4750,334,17
4751,334,18
4752,334,19
4753,334,20
4754,334,21
4755,334,22
4756,334,23
4757,335,0
4758,335,1
4759,335,2
4760,335,3
4761,335,4
4762,335,5
4763,335,6
4764,335,7
4765,335,8
4766,335,9
4767,335,13
4768,335,14
4769,335,15
4770,335,16
4771,335,17
4772,335,18
4773,335,19
4774,335,20
4775,335,21
4776,335,22
4777,335,23
4778,336,0
4779,336,1
4780,336,2
4781,336,3
4782,336,4
4783,336,5
4784,336,6
4785,336,7
4786,336,8
4787,336,9
4788,336,13
4789,336,14
4790,336,15
4791,336,16
4792,336,17
4793,336,18
4794,336,19
4795,336,20
4796,336,21
4797,336,22
4798,336,23
4799,337,0
4800,337,1
4801,337,2
4802,337,3
4803,337,4
4804,337,5
4805,337,6
4806,337,7
4807,337,8
4808,337,9
4809,337,13
4810,337,14
4811,337,15
4812,337,16
4813,337,17
4814,337,18
4815,337,19
4816,337,20
4817,337,21
4818,337,22
4819,337,23
4820,338,0
4821,338,1
4822,338,2
4823,338,3
4824,338,4
4825,338,5
4826,338,6
4827,338,7
4828,338,8
4829,338,9
4830,338,10
4831,338,12
4832,338,13
4833,338,14
4834,338,15
4835,338,16
4836,338,17
4837,338,18
4838,338,19
4839,338,20
4840,338,21
4841,338,22
4842,338,23
4843,339,0
4844,339,1
4845,339,2
4846,339,3
4847,339,4
4848,339,5
4849,339,6
4850,339,7
4851,339,8
4852,339,9
4853,339,10
4854,339,12
4855,339,13
4856,339,14
4857,339,15
4858,339,16
4859,339,17
4860,339,18
4861,339,19
4862,339,20
4863,339,21
4864,339,22
4865,339,23
4866,340,0
4867,340,1
4868,340,2
4869,340,3
4870,340,4
4871,340,5
4872,340,6
4873,340,7
4874,340,8
4875,340,9
4876,340,13
4877,340,14
4878,340,15
4879,340,16
4880,340,17
4881,340,18
4882,340,19
4883,340,20
4884,340,21
4885,340,22
4886,340,23
4887,341,0
4888,341,1
4889,341,2
4890,341,3
4891,341,4
4892,341,5
4893,341,6
4894,341,7
4895,341,8
4896,341,9
4897,341,13
4898,341,14
4899,341,15
4900,341,16
4901,341,17
4902,341,18
4903,341,19
4904,341,20
4905,341,21
4906,341,22
4907,341,23
4908,342,0
4909,342,1
4910,342,2
4911,342,3
4912,342,4
4913,342,5
4914,342,6
4915,342,7
4916,342,8
4917,342,9
4918,342,10
4919,342,12
4920,342,13
4921,342,14
4922,342,15
4923,342,16
4924,342,17
4925,342,18
4926,342,19
4927,342,20
4928,342,21
4929,342,22
4930,342,23
4931,343,0
4932,343,1
4933,343,2
4934,343,3
4935,343,4
4936,343,5
4937,343,6
4938,343,7
4939,343,8
4940,343,9
4941,343,10
4942,343,12
4943,343,13
4944,343,14
4945,343,15
4946,343,16
4947,343,17
4948,343,18
4949,343,19
4950,343,20
4951,343,21
4952,343,22
4953,343,23
4954,344,0
4955,344,1
4956,344,2
4957,344,3
4958,344,4
4959,344,5
4960,344,6
4961,344,7
4962,344,8
4963,344,9
4964,344,10
4965,344,11
4966,344,12
4967,344,13
4968,344,14
4969,344,15
4970,344,16
4971,344,17
4972,344,18
4973,344,19
4974,344,20
4975,344,21
4976,344,22
4977,344,23
4978,345,0
4979,345,1
4980,345,2
4981,345,3
4982,345,4
4983,345,5
4984,345,6
4985,345,7
4986,345,8
4987,345,9
4988,345,12
4989,345,13
4990,345,14
4991,345,15
4992,345,16
4993,345,17
4994,345,18
4995,345,19
4996,345,20
4997,345,21
4998,345,22
4999,345,23
5000,346,0
5001,346,1
5002,346,2
5003,346,3
5004,346,4
5005,346,5
5006,346,6
5007,346,7
5008,346,8
5009,346,9
5010,346,10
5011,346,12
5012,346,13
5013,346,14
5014,346,15
5015,346,16
5016,346,17
5017,346,18
5018,346,19
5019,346,20
5020,346,21
5021,346,22
5022,346,23
5023,347,0
5024,347,1
5025,347,2
5026,347,3
5027,347,4
5028,347,5
5029,347,6
5030,347,7
5031,347,8
5032,347,9
5033,347,10
5034,347,12
5035,347,13
5036,347,14
5037,347,15
5038,347,16
5039,347,17
5040,347,18
5041,347,19
5042,347,20
5043,347,21
5044,347,22
5045,347,23
5046,348,0
5047,348,1
5048,348,2
5049,348,3
5050,348,4
5051,348,5
5052,348,6
5053,348,7
5054,348,8
5055,348,9
5056,348,10
5057,348,12
5058,348,13
5059,348,14
5060,348,15
5061,348,16
5062,348,17
5063,348,18
5064,348,19
5065,348,20
5066,348,21
5067,348,22
5068,348,23
5069,349,0
5070,349,1
5071,349,2
5072,349,3
5073,349,4
5074,349,5
5075,349,6
5076,349,7
5077,349,8
5078,349,9
5079,349,10
5080,349,12
5081,349,13
5082,349,14
5083,349,15
5084,349,16
5085,349,17
5086,349,18
5087,349,19
5088,349,20
5089,349,21
5090,349,22
5091,349,23
5092,350,0
5093,350,1
5094,350,2
5095,350,3
5096,350,4
5097,350,5
5098,350,6
5099,350,7
5100,350,8
5101,350,9
5102,350,10
5103,350,11
5104,350,12
5105,350,13
5106,350,14
5107,350,15
5108,350,16
5109,350,17
5110,350,18
5111,350,19
5112,350,20
5113,350,21
5114,350,22
5115,350,23
5116,351,0
5117,351,1
5118,351,2
5119,351,3
5120,351,4
5121,351,5
5122,351,6
5123,351,7
5124,351,8
5125,351,9
5126,351,10
5127,351,12
5128,351,13
5129,351,14
5130,351,15
5131,351,16
5132,351,17
5133,351,18
5134,351,19
5135,351,20
5136,351,21
5137,351,22
5138,351,23
5139,352,0
5140,352,1
5141,352,2
5142,352,3
5143,352,4
5144,352,5
5145,352,6
5146,352,7
5147,352,8
5148,352,9
5149,352,10
5150,352,11
5151,352,12
5152,352,13
5153,352,14
5154,352,15
5155,352,16
5156,352,17
5157,352,18
5158,352,19
5159,352,20
5160,352,21
5161,352,22
5162,352,23
5163,353,0
5164,353,1
5165,353,2
5166,353,3
5167,353,4
5168,353,5
5169,353,6
5170,353,7
5171,353,8
5172,353,9
5173,353,10
5174,353,11
5175,353,12
5176,353,13
5177,353,14
5178,353,15
5179,353,16
5180,353,17
5181,353,18
5182,353,19
5183,353,20
5184,353,21
5185,353,22
5186,353,23
5187,354,0
5188,354,1
5189,354,2
5190,354,3
5191,354,4
5192,354,5
5193,354,6
5194,354,7
5195,354,8
5196,354,9
5197,354,10
5198,354,12
5199,354,13
5200,354,14
5201,354,15
5202,354,16
5203,354,17
5204,354,18
5205,354,19
5206,354,20
5207,354,21
5208,354,22
5209,354,23
5210,355,0
5211,355,1
5212,355,2
5213,355,3
5214,355,4
5215,355,5
5216,355,6
5217,355,7
5218,355,8
5219,355,9
5220,355,10
5221,355,12
5222,355,13
5223,355,14
5224,355,15
5225,355,16
5226,355,17
5227,355,18
5228,355,19
5229,355,20
5230,355,21
5231,355,22
5232,355,23
5233,356,0
5234,356,1
5235,356,2
5236,356,3
5237,356,4
5238,356,5
5239,356,6
5240,356,7
5241,356,8
5242,356,9
5243,356,10
5244,356,11
5245,356,12
5246,356,13
5247,356,14
5248,356,15
5249,356,16
5250,356,17
5251,356,18
5252,356,19
5253,356,20
5254,356,21
5255,356,22
5256,356,23
5257,357,0
5258,357,1
5259,357,2
5260,357,3
5261,357,4
5262,357,5
5263,357,6
5264,357,7
5265,357,8
5266,357,9
5267,357,10
5268,357,11
5269,357,12
5270,357,13
5271,357,14
5272,357,15
5273,357,16
5274,357,17
5275,357,18
5276,357,19
5277,357,20
5278,357,21
5279,357,22
5280,357,23
5281,358,0
5282,358,1
5283,358,2
5284,358,3
5285,358,4
5286,358,5
5287,358,6
5288,358,7
5289,358,8
5290,358,9
5291,358,10
5292,358,11
5293,358,12
5294,358,13
5295,358,14
5296,358,15
5297,358,16
5298,358,17
5299,358,18
5300,358,19
5301,358,20
5302,358,21
5303,358,22
5304,358,23
5305,359,0
5306,359,1
5307,359,2
5308,359,3
5309,359,4
5310,359,5
5311,359,6
5312,359,7
5313,359,8
5314,359,9
5315,359,10
5316,359,11
5317,359,12
5318,359,13
5319,359,14
5320,359,15
5321,359,16
5322,359,17
5323,359,18
5324,359,19
5325,359,20
5326,359,21
5327,359,22
5328,359,23
5329,360,0
5330,360,1
5331,360,2
5332,360,3
5333,360,4
5334,360,5
5335,360,6
5336,360,7
5337,360,8
5338,360,9
5339,360,10
5340,360,11
5341,360,12
5342,360,13
5343,360,14
5344,360,15
5345,360,16
5346,360,17
5347,360,18
5348,360,19
5349,360,20
5350,360,21
5351,360,22
5352,360,23
5353,361,0
5354,361,1
5355,361,2
5356,361,3
5357,361,4
5358,361,5
5359,361,6
5360,361,7
5361,361,8
5362,361,9
5363,361,10
5364,361,12
5365,361,13
5366,361,14
5367,361,15
5368,361,16
5369,361,17
5370,361,18
5371,361,19
5372,361,20
5373,361,21
5374,361,22
5375,361,23
5376,362,0
5377,362,1
5378,362,2
5379,362,3
5380,362,4
5381,362,5
5382,362,6
5383,362,7
5384,362,8
5385,362,9
5386,362,10
5387,362,12
5388,362,13
5389,362,14
5390,362,15
5391,362,16
5392,362,17
5393,362,18
5394,362,19
5395,362,20
5396,362,21
5397,362,22
5398,362,23
5399,363,0
5400,363,1
5401,363,2
5402,363,3
5403,363,4
5404,363,5
5405,363,6
5406,363,7
5407,363,8
5408,363,9
5409,363,10
5410,363,12
5411,363,13
5412,363,14
5413,363,15
5414,363,16
5415,363,17
5416,363,18
5417,363,19
5418,363,20
5419,363,21
5420,363,22
5421,363,23
5422,364,0
5423,364,1
5424,364,2
5425,364,3
5426,364,4
5427,364,5
5428,364,6
5429,364,7
5430,364,8
5431,364,9
5432,364,10
5433,364,12
5434,364,13
5435,364,14
5436,364,15
5437,364,16
5438,364,17
5439,364,18
5440,364,19
5441,364,20
5442,364,21
5443,364,22
5444,364,23
5445,365,0
5446,365,1
5447,365,2
5448,365,3
5449,365,4
5450,365,5
5451,365,6
5452,365,7
5453,365,8
5454,365,9
5455,365,10
5456,365,12
5457,365,13
5458,365,14
5459,365,15
5460,365,16
5461,365,17
5462,365,18
5463,365,19
5464,365,20
5465,365,21
5466,365,22
5467,365,23
