,day,hour
0,1,0
1,1,1
2,1,2
3,1,3
4,1,4
5,1,5
6,1,6
7,1,15
8,1,16
9,1,17
10,1,18
11,1,19
12,1,20
13,1,21
14,1,22
15,1,23
16,2,0
17,2,1
18,2,2
19,2,3
20,2,4
21,2,5
22,2,6
23,2,15
24,2,16
25,2,17
26,2,18
27,2,19
28,2,20
29,2,21
30,2,22
31,2,23
32,3,0
33,3,1
34,3,2
35,3,3
36,3,4
37,3,5
38,3,6
39,3,15
40,3,16
41,3,17
42,3,18
43,3,19
44,3,20
45,3,21
46,3,22
47,3,23
48,4,0
49,4,1
50,4,2
51,4,3
52,4,4
53,4,5
54,4,6
55,4,15
56,4,16
57,4,17
58,4,18
59,4,19
60,4,20
61,4,21
62,4,22
63,4,23
64,5,0
65,5,1
66,5,2
67,5,3
68,5,4
69,5,5
70,5,6
71,5,15
72,5,16
73,5,17
74,5,18
75,5,19
76,5,20
77,5,21
78,5,22
79,5,23
80,6,0
81,6,1
82,6,2
83,6,3
84,6,4
85,6,5
86,6,6
87,6,15
88,6,16
89,6,17
90,6,18
91,6,19
92,6,20
93,6,21
94,6,22
95,6,23
96,7,0
97,7,1
98,7,2
99,7,3
100,7,4
101,7,5
102,7,6
103,7,15
104,7,16
105,7,17
106,7,18
107,7,19
108,7,20
109,7,21
110,7,22
111,7,23
112,8,0
113,8,1
114,8,2
115,8,3
116,8,4
117,8,5
118,8,6
119,8,15
120,8,16
121,8,17
122,8,18
123,8,19
124,8,20
125,8,21
126,8,22
127,8,23
128,9,0
129,9,1
130,9,2
131,9,3
132,9,4
133,9,5
134,9,6
135,9,15
136,9,16
137,9,17
138,9,18
139,9,19
140,9,20
141,9,21
142,9,22
143,9,23
144,10,0
145,10,1
146,10,2
147,10,3
148,10,4
149,10,5
150,10,6
151,10,15
152,10,16
153,10,17
154,10,18
155,10,19
156,10,20
157,10,21
158,10,22
159,10,23
160,11,0
161,11,1
162,11,2
163,11,3
164,11,4
165,11,5
166,11,6
167,11,15
168,11,16
169,11,17
170,11,18
171,11,19
172,11,20
173,11,21
174,11,22
175,11,23
176,12,0
177,12,1
178,12,2
179,12,3
180,12,4
181,12,5
182,12,6
183,12,15
184,12,16
185,12,17
186,12,18
187,12,19
188,12,20
189,12,21
190,12,22
191,12,23
192,13,0
193,13,1
194,13,2
195,13,3
196,13,4
197,13,5
198,13,6
199,13,15
200,13,16
201,13,17
202,13,18
203,13,19
204,13,20
205,13,21
206,13,22
207,13,23
208,14,0
209,14,1
210,14,2
211,14,3
212,14,4
213,14,5
214,14,6
215,14,15
216,14,16
217,14,17
218,14,18
219,14,19
220,14,20
221,14,21
222,14,22
223,14,23
224,15,0
225,15,1
226,15,2
227,15,3
228,15,4
229,15,5
230,15,6
231,15,15
232,15,16
233,15,17
234,15,18
235,15,19
236,15,20
237,15,21
238,15,22
239,15,23
240,16,0
241,16,1
242,16,2
243,16,3
244,16,4
245,16,5
246,16,6
247,16,15
248,16,16
249,16,17
250,16,18
251,16,19
252,16,20
253,16,21
254,16,22
255,16,23
256,17,0
257,17,1
258,17,2
259,17,3
260,17,4
261,17,5
262,17,6
263,17,15
264,17,16
265,17,17
266,17,18
267,17,19
268,17,20
269,17,21
270,17,22
271,17,23
272,18,0
273,18,1
274,18,2
275,18,3
276,18,4
277,18,5
278,18,6
279,18,15
280,18,16
281,18,17
282,18,18
283,18,19
284,18,20
285,18,21
286,18,22
287,18,23
288,19,0
289,19,1
290,19,2
291,19,3
292,19,4
293,19,5
294,19,6
295,19,15
296,19,16
297,19,17
298,19,18
299,19,19
300,19,20
301,19,21
302,19,22
303,19,23
304,20,0
305,20,1
306,20,2
307,20,3
308,20,4
309,20,5
310,20,6
311,20,15
312,20,16
313,20,17
314,20,18
315,20,19
316,20,20
317,20,21
318,20,22
319,20,23
320,21,0
321,21,1
322,21,2
323,21,3
324,21,4
325,21,5
326,21,6
327,21,15
328,21,16
329,21,17
330,21,18
331,21,19
332,21,20
333,21,21
334,21,22
335,21,23
336,22,0
337,22,1
338,22,2
339,22,3
340,22,4
341,22,5
342,22,6
343,22,15
344,22,16
345,22,17
346,22,18
347,22,19
348,22,20
349,22,21
350,22,22
351,22,23
352,23,0
353,23,1
354,23,2
355,23,3
356,23,4
357,23,5
358,23,6
359,23,15
360,23,16
361,23,17
362,23,18
363,23,19
364,23,20
365,23,21
366,23,22
367,23,23
368,24,0
369,24,1
370,24,2
371,24,3
372,24,4
373,24,5
374,24,6
375,24,15
376,24,16
377,24,17
378,24,18
379,24,19
380,24,20
381,24,21
382,24,22
383,24,23
384,25,0
385,25,1
386,25,2
387,25,3
388,25,4
389,25,5
390,25,15
391,25,16
392,25,17
393,25,18
394,25,19
395,25,20
396,25,21
397,25,22
398,25,23
399,26,0
400,26,1
401,26,2
402,26,3
403,26,4
404,26,5
405,26,15
406,26,16
407,26,17
408,26,18
409,26,19
410,26,20
411,26,21
412,26,22
413,26,23
414,27,0
415,27,1
416,27,2
417,27,3
418,27,4
419,27,5
420,27,15
421,27,16
422,27,17
423,27,18
424,27,19
425,27,20
426,27,21
427,27,22
428,27,23
429,28,0
430,28,1
431,28,2
432,28,3
433,28,4
434,28,5
435,28,15
436,28,16
437,28,17
438,28,18
439,28,19
440,28,20
441,28,21
442,28,22
443,28,23
444,29,0
445,29,1
446,29,2
447,29,3
448,29,4
449,29,5
450,29,15
451,29,16
452,29,17
453,29,18
454,29,19
455,29,20
456,29,21
457,29,22
458,29,23
459,30,0
460,30,1
461,30,2
462,30,3
463,30,4
464,30,5
465,30,15
466,30,16
467,30,17
468,30,18
469,30,19
470,30,20
471,30,21
472,30,22
473,30,23
474,31,0
475,31,1
476,31,2
477,31,3
478,31,4
479,31,5
480,31,15
481,31,16
482,31,17
483,31,18
484,31,19
485,31,20
486,31,21
487,31,22
488,31,23
489,32,0
490,32,1
491,32,2
492,32,3
493,32,4
494,32,5
495,32,15
496,32,16
497,32,17
498,32,18
499,32,19
500,32,20
501,32,21
502,32,22
503,32,23
504,33,0
505,33,1
506,33,2
507,33,3
508,33,4
509,33,5
510,33,15
511,33,16
512,33,17
513,33,18
514,33,19
515,33,20
516,33,21
517,33,22
518,33,23
519,34,0
520,34,1
521,34,2
522,34,3
523,34,4
524,34,5
525,34,15
526,34,16
527,34,17
528,34,18
529,34,19
530,34,20
531,34,21
532,34,22
533,34,23
534,35,0
535,35,1
536,35,2
537,35,3
538,35,4
539,35,5
540,35,15
541,35,16
542,35,17
543,35,18
544,35,19
545,35,20
546,35,21
547,35,22
548,35,23
549,36,0
550,36,1
551,36,2
552,36,3
553,36,4
554,36,5
555,36,15
556,36,16
557,36,17
558,36,18
559,36,19
560,36,20
561,36,21
562,36,22
563,36,23
564,37,0
565,37,1
566,37,2
567,37,3
568,37,4
569,37,5
570,37,15
571,37,16
572,37,17
573,37,18
574,37,19
575,37,20
576,37,21
577,37,22
578,37,23
579,38,0
580,38,1
581,38,2
582,38,3
583,38,4
584,38,5
585,38,15
586,38,16
587,38,17
588,38,18
589,38,19
590,38,20
591,38,21
592,38,22
593,38,23
594,39,0
595,39,1
596,39,2
597,39,3
598,39,4
599,39,5
600,39,15
601,39,16
602,39,17
603,39,18
604,39,19
605,39,20
606,39,21
607,39,22
608,39,23
609,40,0
610,40,1
611,40,2
612,40,3
613,40,4
614,40,5
615,40,15
616,40,16
617,40,17
618,40,18
619,40,19
620,40,20
621,40,21
622,40,22
623,40,23
624,41,0
625,41,1
626,41,2
627,41,3
628,41,4
629,41,5
630,41,15
631,41,16
632,41,17
633,41,18
634,41,19
635,41,20
636,41,21
637,41,22
638,41,23
639,42,0
640,42,1
641,42,2
642,42,3
643,42,4
644,42,5
645,42,15
646,42,16
647,42,17
648,42,18
649,42,19
650,42,20
651,42,21
652,42,22
653,42,23
654,43,0
655,43,1
656,43,2
657,43,3
658,43,4
659,43,5
660,43,15
661,43,16
662,43,17
663,43,18
664,43,19
665,43,20
666,43,21
667,43,22
668,43,23
669,44,0
670,44,1
671,44,2
672,44,3
673,44,4
674,44,5
675,44,15
676,44,16
677,44,17
678,44,18
679,44,19
680,44,20
681,44,21
682,44,22
683,44,23
684,45,0
685,45,1
686,45,2
687,45,3
688,45,4
689,45,5
690,45,15
691,45,16
692,45,17
693,45,18
694,45,19
695,45,20
696,45,21
697,45,22
698,45,23
699,46,0
700,46,1
701,46,2
702,46,3
703,46,4
704,46,5
705,46,15
706,46,16
707,46,17
708,46,18
709,46,19
710,46,20
711,46,21
712,46,22
713,46,23
714,47,0
715,47,1
716,47,2
717,47,3
718,47,4
719,47,5
720,47,15
721,47,16
722,47,17
723,47,18
724,47,19
725,47,20
726,47,21
727,47,22
728,47,23
729,48,0
730,48,1
731,48,2
732,48,3
733,48,4
734,48,5
735,48,15
736,48,16
737,48,17
738,48,18
739,48,19
740,48,20
741,48,21
742,48,22
743,48,23
744,49,0
745,49,1
746,49,2
747,49,3
748,49,4
749,49,5
750,49,15
751,49,16
752,49,17
753,49,18
754,49,19
755,49,20
756,49,21
757,49,22
758,49,23
759,50,0
760,50,1
761,50,2
762,50,3
763,50,4
764,50,5
765,50,15
766,50,16
767,50,17
768,50,18
769,50,19
770,50,20
771,50,21
772,50,22
773,50,23
774,51,0
775,51,1
776,51,2
777,51,3
778,51,4
779,51,5
780,51,15
781,51,16
782,51,17
783,51,18
784,51,19
785,51,20
786,51,21
787,51,22
788,51,23
789,52,0
790,52,1
791,52,2
792,52,3
793,52,4
794,52,5
795,52,15
796,52,16
797,52,17
798,52,18
799,52,19
800,52,20
801,52,21
802,52,22
803,52,23
804,53,0
805,53,1
806,53,2
807,53,3
808,53,4
809,53,5
810,53,15
811,53,16
812,53,17
813,53,18
814,53,19
815,53,20
816,53,21
817,53,22
818,53,23
819,54,0
820,54,1
821,54,2
822,54,3
823,54,4
824,54,5
825,54,15
826,54,16
827,54,17
828,54,18
829,54,19
830,54,20
831,54,21
832,54,22
833,54,23
834,55,0
835,55,1
836,55,2
837,55,3
838,55,4
839,55,5
840,55,15
841,55,16
842,55,17
843,55,18
844,55,19
845,55,20
846,55,21
847,55,22
848,55,23
849,56,0
850,56,1
851,56,2
852,56,3
853,56,4
854,56,5
855,56,15
856,56,16
857,56,17
858,56,18
859,56,19
860,56,20
861,56,21
862,56,22
863,56,23
864,57,0
865,57,1
866,57,2
867,57,3
868,57,4
869,57,5
870,57,16
871,57,17
872,57,18
873,57,19
874,57,20
875,57,21
876,57,22
877,57,23
878,58,0
879,58,1
880,58,2
881,58,3
882,58,4
883,58,5
884,58,16
885,58,17
886,58,18
887,58,19
888,58,20
889,58,21
890,58,22
891,58,23
892,59,0
893,59,1
894,59,2
895,59,3
896,59,4
897,59,5
898,59,16
899,59,17
900,59,18
901,59,19
902,59,20
903,59,21
904,59,22
905,59,23
906,60,0
907,60,1
908,60,2
909,60,3
910,60,4
911,60,5
912,60,16
913,60,17
914,60,18
915,60,19
916,60,20
917,60,21
918,60,22
919,60,23
920,61,0
921,61,1
922,61,2
923,61,3
924,61,4
925,61,5
926,61,15
927,61,16
928,61,17
929,61,18
930,61,19
931,61,20
932,61,21
933,61,22
934,61,23
935,62,0
936,62,1
937,62,2
938,62,3
939,62,4
940,62,5
941,62,16
942,62,17
943,62,18
944,62,19
945,62,20
946,62,21
947,62,22
948,62,23
949,63,0
950,63,1
951,63,2
952,63,3
953,63,4
954,63,5
955,63,16
956,63,17
957,63,18
958,63,19
959,63,20
960,63,21
961,63,22
962,63,23
963,64,0
964,64,1
965,64,2
966,64,3
967,64,4
968,64,5
969,64,16
970,64,17
971,64,18
972,64,19
973,64,20
974,64,21
975,64,22
976,64,23
977,65,0
978,65,1
979,65,2
980,65,3
981,65,4
982,65,5
983,65,16
984,65,17
985,65,18
986,65,19
987,65,20
988,65,21
989,65,22
990,65,23
991,66,0
992,66,1
993,66,2
994,66,3
995,66,4
996,66,5
997,66,16
998,66,17
999,66,18
1000,66,19
1001,66,20
1002,66,21
1003,66,22
1004,66,23
1005,67,0
1006,67,1
1007,67,2
1008,67,3
1009,67,4
1010,67,5
1011,67,16
1012,67,17
1013,67,18
1014,67,19
1015,67,20
1016,67,21
1017,67,22
1018,67,23
1019,68,0
1020,68,1
1021,68,2
1022,68,3
1023,68,4
1024,68,5
1025,68,16
1026,68,17
1027,68,18
1028,68,19
1029,68,20
1030,68,21
1031,68,22
1032,68,23
1033,69,0
1034,69,1
1035,69,2
1036,69,3
1037,69,4
1038,69,5
1039,69,16
1040,69,17
1041,69,18
1042,69,19
1043,69,20
1044,69,21
1045,69,22
1046,69,23
1047,70,0
1048,70,1
1049,70,2
1050,70,3
1051,70,4
1052,70,5
1053,70,16
1054,70,17
1055,70,18
1056,70,19
1057,70,20
1058,70,21
1059,70,22
1060,70,23
1061,71,0
1062,71,1
1063,71,2
1064,71,3
1065,71,4
1066,71,5
1067,71,16
1068,71,17
1069,71,18
1070,71,19
1071,71,20
1072,71,21
1073,71,22
1074,71,23
1075,72,0
1076,72,1
1077,72,2
1078,72,3
1079,72,4
1080,72,5
1081,72,16
1082,72,17
1083,72,18
1084,72,19
1085,72,20
1086,72,21
1087,72,22
1088,72,23
1089,73,0
1090,73,1
1091,73,2
1092,73,3
1093,73,4
1094,73,16
1095,73,17
1096,73,18
1097,73,19
1098,73,20
1099,73,21
1100,73,22
1101,73,23
1102,74,0
1103,74,1
1104,74,2
1105,74,3
1106,74,4
1107,74,16
1108,74,17
1109,74,18
1110,74,19
1111,74,20
1112,74,21
1113,74,22
1114,74,23
1115,75,0
1116,75,1
1117,75,2
1118,75,3
1119,75,4
1120,75,16
1121,75,17
1122,75,18
1123,75,19
1124,75,20
1125,75,21
1126,75,22
1127,75,23
1128,76,0
1129,76,1
1130,76,2
1131,76,3
1132,76,4
1133,76,16
1134,76,17
1135,76,18
1136,76,19
1137,76,20
1138,76,21
1139,76,22
1140,76,23
1141,77,0
1142,77,1
1143,77,2
1144,77,3
1145,77,4
1146,77,16
1147,77,17
1148,77,18
1149,77,19
1150,77,20
1151,77,21
1152,77,22
1153,77,23
1154,78,0
1155,78,1
1156,78,2
1157,78,3
1158,78,4
1159,78,16
1160,78,17
1161,78,18
1162,78,19
1163,78,20
1164,78,21
1165,78,22
1166,78,23
1167,79,0
1168,79,1
1169,79,2
1170,79,3
1171,79,4
1172,79,16
1173,79,17
1174,79,18
1175,79,19
1176,79,20
1177,79,21
1178,79,22
1179,79,23
1180,80,0
1181,80,1
1182,80,2
1183,80,3
1184,80,4
1185,80,16
1186,80,17
1187,80,18
1188,80,19
1189,80,20
1190,80,21
1191,80,22
1192,80,23
1193,81,0
1194,81,1
1195,81,2
1196,81,3
1197,81,4
1198,81,16
1199,81,17
1200,81,18
1201,81,19
1202,81,20
1203,81,21
1204,81,22
1205,81,23
1206,82,0
1207,82,1
1208,82,2
1209,82,3
1210,82,4
1211,82,16
1212,82,17
1213,82,18
1214,82,19
1215,82,20
1216,82,21
1217,82,22
1218,82,23
1219,83,0
1220,83,1
1221,83,2
1222,83,3
1223,83,4
1224,83,16
1225,83,17
1226,83,18
1227,83,19
1228,83,20
1229,83,21
1230,83,22
1231,83,23
1232,84,0
1233,84,1
1234,84,2
1235,84,3
1236,84,4
1237,84,16
1238,84,17
1239,84,18
1240,84,19
1241,84,20
1242,84,21
1243,84,22
1244,84,23
1245,85,0
1246,85,1
1247,85,2
1248,85,3
1249,85,4
1250,85,16
1251,85,17
1252,85,18
1253,85,19
1254,85,20
1255,85,21
1256,85,22
1257,85,23
1258,86,0
1259,86,1
1260,86,2
1261,86,3
1262,86,4
1263,86,16
1264,86,17
1265,86,18
1266,86,19
1267,86,20
1268,86,21
1269,86,22
1270,86,23
1271,87,0
1272,87,1
1273,87,2
1274,87,3
1275,87,4
1276,87,16
1277,87,17
1278,87,18
1279,87,19
1280,87,20
1281,87,21
1282,87,22
1283,87,23
1284,88,0
1285,88,1
1286,88,2
1287,88,3
1288,88,4
1289,88,16
1290,88,17
1291,88,18
1292,88,19
1293,88,20
1294,88,21
1295,88,22
1296,88,23
1297,89,0
1298,89,1
1299,89,2
1300,89,3
1301,89,4
1302,89,16
1303,89,17
1304,89,18
1305,89,19
1306,89,20
1307,89,21
1308,89,22
1309,89,23
1310,90,0
1311,90,1
1312,90,2
1313,90,3
1314,90,4
1315,90,16
1316,90,17
1317,90,18
1318,90,19
1319,90,20
1320,90,21
1321,90,22
1322,90,23
1323,91,0
1324,91,1
1325,91,2
1326,91,3
1327,91,4
1328,91,16
1329,91,17
1330,91,18
1331,91,19
1332,91,20
1333,91,21
1334,91,22
1335,91,23
1336,92,0
1337,92,1
1338,92,2
1339,92,3
1340,92,4
1341,92,16
1342,92,17
1343,92,18
1344,92,19
1345,92,20
1346,92,21
1347,92,22
1348,92,23
1349,93,0
1350,93,1
1351,93,2
1352,93,3
1353,93,4
1354,93,16
1355,93,17
1356,93,18
1357,93,19
1358,93,20
1359,93,21
1360,93,22
1361,93,23
1362,94,0
1363,94,1
1364,94,2
1365,94,3
1366,94,4
1367,94,16
1368,94,17
1369,94,18
1370,94,19
1371,94,20
1372,94,21
1373,94,22
1374,94,23
1375,95,0
1376,95,1
1377,95,2
1378,95,3
1379,95,4
1380,95,16
1381,95,17
1382,95,18
1383,95,19
1384,95,20
1385,95,21
1386,95,22
1387,95,23
1388,96,0
1389,96,1
1390,96,2
1391,96,3
1392,96,4
1393,96,16
1394,96,17
1395,96,18
1396,96,19
1397,96,20
1398,96,21
1399,96,22
1400,96,23
1401,97,0
1402,97,1
1403,97,2
1404,97,3
1405,97,4
1406,97,16
1407,97,17
1408,97,18
1409,97,19
1410,97,20
1411,97,21
1412,97,22
1413,97,23
1414,98,0
1415,98,1
1416,98,2
1417,98,3
1418,98,4
1419,98,16
1420,98,17
1421,98,18
1422,98,19
1423,98,20
1424,98,21
1425,98,22
1426,98,23
1427,99,0
1428,99,1
1429,99,2
1430,99,3
1431,99,4
1432,99,16
1433,99,17
1434,99,18
1435,99,19
1436,99,20
1437,99,21
1438,99,22
1439,99,23
1440,100,0
1441,100,1
1442,100,2
1443,100,3
1444,100,4
1445,100,16
1446,100,17
1447,100,18
1448,100,19
1449,100,20
1450,100,21
1451,100,22
1452,100,23
1453,101,0
1454,101,1
1455,101,2
1456,101,3
1457,101,4
1458,101,16
1459,101,17
1460,101,18
1461,101,19
1462,101,20
1463,101,21
1464,101,22
1465,101,23
1466,102,0
1467,102,1
1468,102,2
1469,102,3
1470,102,4
1471,102,16
1472,102,17
1473,102,18
1474,102,19
1475,102,20
1476,102,21
1477,102,22
1478,102,23
1479,103,0
1480,103,1
1481,103,2
1482,103,3
1483,103,4
1484,103,16
1485,103,17
1486,103,18
1487,103,19
1488,103,20
1489,103,21
1490,103,22
1491,103,23
1492,104,0
1493,104,1
1494,104,2
1495,104,3
1496,104,4
1497,104,16
1498,104,17
1499,104,18
1500,104,19
1501,104,20
1502,104,21
1503,104,22
1504,104,23
1505,105,0
1506,105,1
1507,105,2
1508,105,3
1509,105,4
1510,105,17
1511,105,18
1512,105,19
1513,105,20
1514,105,21
1515,105,22
1516,105,23
1517,106,0
1518,106,1
1519,106,2
1520,106,3
1521,106,4
1522,106,16
1523,106,17
1524,106,18
1525,106,19
1526,106,20
1527,106,21
1528,106,22
1529,106,23
1530,107,0
1531,107,1
1532,107,2
1533,107,3
1534,107,4
1535,107,16
1536,107,17
1537,107,18
1538,107,19
1539,107,20
1540,107,21
1541,107,22
1542,107,23
1543,108,0
1544,108,1
1545,108,2
1546,108,3
1547,108,4
1548,108,17
1549,108,18
1550,108,19
1551,108,20
1552,108,21
1553,108,22
1554,108,23
1555,109,0
1556,109,1
1557,109,2
1558,109,3
1559,109,4
1560,109,17
1561,109,18
1562,109,19
1563,109,20
1564,109,21
1565,109,22
1566,109,23
1567,110,0
1568,110,1
1569,110,2
1570,110,3
1571,110,4
1572,110,17
1573,110,18
1574,110,19
1575,110,20
1576,110,21
1577,110,22
1578,110,23
1579,111,0
1580,111,1
1581,111,2
1582,111,3
1583,111,4
1584,111,17
1585,111,18
1586,111,19
1587,111,20
1588,111,21
1589,111,22
1590,111,23
1591,112,0
1592,112,1
1593,112,2
1594,112,3
1595,112,4
1596,112,17
1597,112,18
1598,112,19
1599,112,20
1600,112,21
1601,112,22
1602,112,23
1603,113,0
1604,113,1
1605,113,2
1606,113,3
1607,113,4
1608,113,17
1609,113,18
1610,113,19
1611,113,20
1612,113,21
1613,113,22
1614,113,23
1615,114,0
1616,114,1
1617,114,2
1618,114,3
1619,114,4
1620,114,17
1621,114,18
1622,114,19
1623,114,20
1624,114,21
1625,114,22
1626,114,23
1627,115,0
1628,115,1
1629,115,2
1630,115,3
1631,115,4
1632,115,17
1633,115,18
1634,115,19
1635,115,20
1636,115,21
1637,115,22
1638,115,23
1639,116,0
1640,116,1
1641,116,2
1642,116,3
1643,116,4
1644,116,17
1645,116,18
1646,116,19
1647,116,20
1648,116,21
1649,116,22
1650,116,23
1651,117,0
1652,117,1
1653,117,2
1654,117,3
1655,117,4
1656,117,17
1657,117,18
1658,117,19
1659,117,20
1660,117,21
1661,117,22
1662,117,23
1663,118,0
1664,118,1
1665,118,2
1666,118,3
1667,118,4
1668,118,17
1669,118,18
1670,118,19
1671,118,20
1672,118,21
1673,118,22
1674,118,23
1675,119,0
1676,119,1
1677,119,2
1678,119,3
1679,119,4
1680,119,17
1681,119,18
1682,119,19
1683,119,20
1684,119,21
1685,119,22
1686,119,23
1687,120,0
1688,120,1
1689,120,2
1690,120,3
1691,120,4
1692,120,17
1693,120,18
1694,120,19
1695,120,20
1696,120,21
1697,120,22
1698,120,23
1699,121,0
1700,121,1
1701,121,2
1702,121,3
1703,121,4
1704,121,17
1705,121,18
1706,121,19
1707,121,20
1708,121,21
1709,121,22
1710,121,23
1711,122,0
1712,122,1
1713,122,2
1714,122,3
1715,122,4
1716,122,17
1717,122,18
1718,122,19
1719,122,20
1720,122,21
1721,122,22
1722,122,23
1723,123,0
1724,123,1
1725,123,2
1726,123,3
1727,123,4
1728,123,17
1729,123,18
1730,123,19
1731,123,20
1732,123,21
1733,123,22
1734,123,23
1735,124,0
1736,124,1
1737,124,2
1738,124,3
1739,124,4
1740,124,17
1741,124,18
1742,124,19
1743,124,20
1744,124,21
1745,124,22
1746,124,23
1747,125,0
1748,125,1
1749,125,2
1750,125,3
1751,125,4
1752,125,17
1753,125,18
1754,125,19
1755,125,20
1756,125,21
1757,125,22
1758,125,23
1759,126,0
1760,126,1
1761,126,2
1762,126,3
1763,126,4
1764,126,17
1765,126,18
1766,126,19
1767,126,20
1768,126,21
1769,126,22
1770,126,23
1771,127,0
1772,127,1
1773,127,2
1774,127,3
1775,127,4
1776,127,17
1777,127,18
1778,127,19
1779,127,20
1780,127,21
1781,127,22
1782,127,23
1783,128,0
1784,128,1
1785,128,2
1786,128,3
1787,128,4
1788,128,17
1789,128,18
1790,128,19
1791,128,20
1792,128,21
1793,128,22
1794,128,23
1795,129,0
1796,129,1
1797,129,2
1798,129,3
1799,129,4
1800,129,17
1801,129,18
1802,129,19
1803,129,20
1804,129,21
1805,129,22
1806,129,23
1807,130,0
1808,130,1
1809,130,2
1810,130,3
1811,130,17
1812,130,18
1813,130,19
1814,130,20
1815,130,21
1816,130,22
1817,130,23
1818,131,0
1819,131,1
1820,131,2
1821,131,3
1822,131,17
1823,131,18
1824,131,19
1825,131,20
1826,131,21
1827,131,22
1828,131,23
1829,132,0
1830,132,1
1831,132,2
1832,132,3
1833,132,17
1834,132,18
1835,132,19
1836,132,20
1837,132,21
1838,132,22
1839,132,23
1840,133,0
1841,133,1
1842,133,2
1843,133,3
1844,133,17
1845,133,18
1846,133,19
1847,133,20
1848,133,21
1849,133,22
1850,133,23
1851,134,0
1852,134,1
1853,134,2
1854,134,3
1855,134,17
1856,134,18
1857,134,19
1858,134,20
1859,134,21
1860,134,22
1861,134,23
1862,135,0
1863,135,1
1864,135,2
1865,135,3
1866,135,4
1867,135,17
1868,135,18
1869,135,19
1870,135,20
1871,135,21
1872,135,22
1873,135,23
1874,136,0
1875,136,1
1876,136,2
1877,136,3
1878,136,17
1879,136,18
1880,136,19
1881,136,20
1882,136,21
1883,136,22
1884,136,23
1885,137,0
1886,137,1
1887,137,2
1888,137,3
1889,137,17
1890,137,18
1891,137,19
1892,137,20
1893,137,21
1894,137,22
1895,137,23
1896,138,0
1897,138,1
1898,138,2
1899,138,3
1900,138,17
1901,138,18
1902,138,19
1903,138,20
1904,138,21
1905,138,22
1906,138,23
1907,139,0
1908,139,1
1909,139,2
1910,139,3
1911,139,17
1912,139,18
1913,139,19
1914,139,20
1915,139,21
1916,139,22
1917,139,23
1918,140,0
1919,140,1
1920,140,2
1921,140,3
1922,140,17
1923,140,18
1924,140,19
1925,140,20
1926,140,21
1927,140,22
1928,140,23
1929,141,0
1930,141,1
1931,141,2
1932,141,3
1933,141,17
1934,141,18
1935,141,19
1936,141,20
1937,141,21
1938,141,22
1939,141,23
1940,142,0
1941,142,1
1942,142,2
1943,142,3
1944,142,17
1945,142,18
1946,142,19
1947,142,20
1948,142,21
1949,142,22
1950,142,23
1951,143,0
1952,143,1
1953,143,2
1954,143,3
1955,143,17
1956,143,18
1957,143,19
1958,143,20
1959,143,21
1960,143,22
1961,143,23
1962,144,0
1963,144,1
1964,144,2
1965,144,3
1966,144,17
1967,144,18
1968,144,19
1969,144,20
1970,144,21
1971,144,22
1972,144,23
1973,145,0
1974,145,1
1975,145,2
1976,145,3
1977,145,17
1978,145,18
1979,145,19
1980,145,20
1981,145,21
1982,145,22
1983,145,23
1984,146,0
1985,146,1
1986,146,2
1987,146,3
1988,146,17
1989,146,18
1990,146,19
1991,146,20
1992,146,21
1993,146,22
1994,146,23
1995,147,0
1996,147,1
1997,147,2
1998,147,3
1999,147,17
2000,147,18
2001,147,19
2002,147,20
2003,147,21
2004,147,22
2005,147,23
2006,148,0
2007,148,1
2008,148,2
2009,148,3
2010,148,17
2011,148,18
2012,148,19
2013,148,20
2014,148,21
2015,148,22
2016,148,23
2017,149,0
2018,149,1
2019,149,2
2020,149,3
2021,149,17
2022,149,18
2023,149,19
2024,149,20
2025,149,21
2026,149,22
2027,149,23
2028,150,0
2029,150,1
2030,150,2
2031,150,3
2032,150,17
2033,150,18
2034,150,19
2035,150,20
2036,150,21
2037,150,22
2038,150,23
2039,151,0
2040,151,1
2041,151,2
2042,151,3
2043,151,17
2044,151,18
2045,151,19
2046,151,20
2047,151,21
2048,151,22
2049,151,23
2050,152,0
2051,152,1
2052,152,2
2053,152,3
2054,152,17
2055,152,18
2056,152,19
2057,152,20
2058,152,21
2059,152,22
2060,152,23
2061,153,0
2062,153,1
2063,153,2
2064,153,3
2065,153,17
2066,153,18
2067,153,19
2068,153,20
2069,153,21
2070,153,22
2071,153,23
2072,154,0
2073,154,1
2074,154,2
2075,154,3
2076,154,17
2077,154,18
2078,154,19
2079,154,20
2080,154,21
2081,154,22
2082,154,23
2083,155,0
2084,155,1
2085,155,2
2086,155,3
2087,155,17
2088,155,18
2089,155,19
2090,155,20
2091,155,21
2092,155,22
2093,155,23
2094,156,0
2095,156,1
2096,156,2
2097,156,3
2098,156,17
2099,156,18
2100,156,19
2101,156,20
2102,156,21
2103,156,22
2104,156,23
2105,157,0
2106,157,1
2107,157,2
2108,157,3
2109,157,17
2110,157,18
2111,157,19
2112,157,20
2113,157,21
2114,157,22
2115,157,23
2116,158,0
2117,158,1
2118,158,2
2119,158,3
2120,158,17
2121,158,18
2122,158,19
2123,158,20
2124,158,21
2125,158,22
2126,158,23
2127,159,0
2128,159,1
2129,159,2
2130,159,3
2131,159,17
2132,159,18
2133,159,19
2134,159,20
2135,159,21
2136,159,22
2137,159,23
2138,160,0
2139,160,1
2140,160,2
2141,160,3
2142,160,17
2143,160,18
2144,160,19
2145,160,20
2146,160,21
2147,160,22
2148,160,23
2149,161,0
2150,161,1
2151,161,2
2152,161,3
2153,161,17
2154,161,18
2155,161,19
2156,161,20
2157,161,21
2158,161,22
2159,161,23
2160,162,0
2161,162,1
2162,162,2
2163,162,3
2164,162,17
2165,162,18
2166,162,19
2167,162,20
2168,162,21
2169,162,22
2170,162,23
2171,163,0
2172,163,1
2173,163,2
2174,163,3
2175,163,17
2176,163,18
2177,163,19
2178,163,20
2179,163,21
2180,163,22
2181,163,23
2182,164,0
2183,164,1
2184,164,2
2185,164,3
2186,164,17
2187,164,18
2188,164,19
2189,164,20
2190,164,21
2191,164,22
2192,164,23
2193,165,0
2194,165,1
2195,165,2
2196,165,3
2197,165,17
2198,165,18
2199,165,19
2200,165,20
2201,165,21
2202,165,22
2203,165,23
2204,166,0
2205,166,1
2206,166,2
2207,166,3
2208,166,17
2209,166,18
2210,166,19
2211,166,20
2212,166,21
2213,166,22
2214,166,23
2215,167,0
2216,167,1
2217,167,2
2218,167,3
2219,167,17
2220,167,18
2221,167,19
2222,167,20
2223,167,21
2224,167,22
2225,167,23
2226,168,0
2227,168,1
2228,168,2
2229,168,3
2230,168,17
2231,168,18
2232,168,19
2233,168,20
2234,168,21
2235,168,22
2236,168,23
2237,169,0
2238,169,1
2239,169,2
2240,169,3
2241,169,17
2242,169,18
2243,169,19
2244,169,20
2245,169,21
2246,169,22
2247,169,23
2248,170,0
2249,170,1
2250,170,2
2251,170,3
2252,170,17
2253,170,18
2254,170,19
2255,170,20
2256,170,21
2257,170,22
2258,170,23
2259,171,0
2260,171,1
2261,171,2
2262,171,3
2263,171,17
2264,171,18
2265,171,19
2266,171,20
2267,171,21
2268,171,22
2269,171,23
2270,172,0
2271,172,1
2272,172,2
2273,172,3
2274,172,17
2275,172,18
2276,172,19
2277,172,20
2278,172,21
2279,172,22
2280,172,23
2281,173,0
2282,173,1
2283,173,2
2284,173,3
2285,173,17
2286,173,18
2287,173,19
2288,173,20
2289,173,21
2290,173,22
2291,173,23
2292,174,0
2293,174,1
2294,174,2
2295,174,3
2296,174,17
2297,174,18
2298,174,19
2299,174,20
2300,174,21
2301,174,22
2302,174,23
2303,175,0
2304,175,1
2305,175,2
2306,175,3
2307,175,17
2308,175,18
2309,175,19
2310,175,20
2311,175,21
2312,175,22
2313,175,23
2314,176,0
2315,176,1
2316,176,2
2317,176,3
2318,176,17
2319,176,18
2320,176,19
2321,176,20
2322,176,21
2323,176,22
2324,176,23
2325,177,0
2326,177,1
2327,177,2
2328,177,3
2329,177,17
2330,177,18
2331,177,19
2332,177,20
2333,177,21
2334,177,22
2335,177,23
2336,178,0
2337,178,1
2338,178,2
2339,178,3
2340,178,17
2341,178,18
2342,178,19
2343,178,20
2344,178,21
2345,178,22
2346,178,23
2347,179,0
2348,179,1
2349,179,2
2350,179,3
2351,179,17
2352,179,18
2353,179,19
2354,179,20
2355,179,21
2356,179,22
2357,179,23
2358,180,0
2359,180,1
2360,180,2
2361,180,3
2362,180,17
2363,180,18
2364,180,19
2365,180,20
2366,180,21
2367,180,22
2368,180,23
2369,181,0
2370,181,1
2371,181,2
2372,181,3
2373,181,17
2374,181,18
2375,181,19
2376,181,20
2377,181,21
2378,181,22
2379,181,23
2380,182,0
2381,182,1
2382,182,2
2383,182,3
2384,182,17
2385,182,18
2386,182,19
2387,182,20
2388,182,21
2389,182,22
2390,182,23
2391,183,0
2392,183,1
2393,183,2
2394,183,3
2395,183,17
2396,183,18
2397,183,19
2398,183,20
2399,183,21
2400,183,22
2401,183,23
2402,184,0
2403,184,1
2404,184,2
2405,184,3
2406,184,17
2407,184,18
2408,184,19
2409,184,20
2410,184,21
2411,184,22
2412,184,23
2413,185,0
2414,185,1
2415,185,2
2416,185,3
2417,185,17
2418,185,18
2419,185,19
2420,185,20
2421,185,21
2422,185,22
2423,185,23
2424,186,0
2425,186,1
2426,186,2
2427,186,3
2428,186,17
2429,186,18
2430,186,19
2431,186,20
2432,186,21
2433,186,22
2434,186,23
2435,187,0
2436,187,1
2437,187,2
2438,187,3
2439,187,17
2440,187,18
2441,187,19
2442,187,20
2443,187,21
2444,187,22
2445,187,23
2446,188,0
2447,188,1
2448,188,2
2449,188,3
2450,188,17
2451,188,18
2452,188,19
2453,188,20
2454,188,21
2455,188,22
2456,188,23
2457,189,0
2458,189,1
2459,189,2
2460,189,3
2461,189,17
2462,189,18
2463,189,19
2464,189,20
2465,189,21
2466,189,22
2467,189,23
2468,190,0
2469,190,1
2470,190,2
2471,190,3
2472,190,17
2473,190,18
2474,190,19
2475,190,20
2476,190,21
2477,190,22
2478,190,23
2479,191,0
2480,191,1
2481,191,2
2482,191,3
2483,191,17
2484,191,18
2485,191,19
2486,191,20
2487,191,21
2488,191,22
2489,191,23
2490,192,0
2491,192,1
2492,192,2
2493,192,3
2494,192,17
2495,192,18
2496,192,19
2497,192,20
2498,192,21
2499,192,22
2500,192,23
2501,193,0
2502,193,1
2503,193,2
2504,193,3
2505,193,17
2506,193,18
2507,193,19
2508,193,20
2509,193,21
2510,193,22
2511,193,23
2512,194,0
2513,194,1
2514,194,2
2515,194,3
2516,194,17
2517,194,18
2518,194,19
2519,194,20
2520,194,21
2521,194,22
2522,194,23
2523,195,0
2524,195,1
2525,195,2
2526,195,3
2527,195,17
2528,195,18
2529,195,19
2530,195,20
2531,195,21
2532,195,22
2533,195,23
2534,196,0
2535,196,1
2536,196,2
2537,196,3
2538,196,17
2539,196,18
2540,196,19
2541,196,20
2542,196,21
2543,196,22
2544,196,23
2545,197,0
2546,197,1
2547,197,2
2548,197,3
2549,197,17
2550,197,18
2551,197,19
2552,197,20
2553,197,21
2554,197,22
2555,197,23
2556,198,0
2557,198,1
2558,198,2
2559,198,3
2560,198,17
2561,198,18
2562,198,19
2563,198,20
2564,198,21
2565,198,22
2566,198,23
2567,199,0
2568,199,1
2569,199,2
2570,199,3
2571,199,17
2572,199,18
2573,199,19
2574,199,20
2575,199,21
2576,199,22
2577,199,23
2578,200,0
2579,200,1
2580,200,2
2581,200,3
2582,200,17
2583,200,18
2584,200,19
2585,200,20
2586,200,21
2587,200,22
2588,200,23
2589,201,0
2590,201,1
2591,201,2
2592,201,3
2593,201,17
2594,201,18
2595,201,19
2596,201,20
2597,201,21
2598,201,22
2599,201,23
2600,202,0
2601,202,1
2602,202,2
2603,202,3
2604,202,17
2605,202,18
2606,202,19
2607,202,20
2608,202,21
2609,202,22
2610,202,23
2611,203,0
2612,203,1
2613,203,2
2614,203,3
2615,203,17
2616,203,18
2617,203,19
2618,203,20
2619,203,21
2620,203,22
2621,203,23
2622,204,0
2623,204,1
2624,204,2
2625,204,3
2626,204,17
2627,204,18
2628,204,19
2629,204,20
2630,204,21
2631,204,22
2632,204,23
2633,205,0
2634,205,1
2635,205,2
2636,205,3
2637,205,17
2638,205,18
2639,205,19
2640,205,20
2641,205,21
2642,205,22
2643,205,23
2644,206,0
2645,206,1
2646,206,2
2647,206,3
2648,206,17
2649,206,18
2650,206,19
2651,206,20
2652,206,21
2653,206,22
2654,206,23
2655,207,0
2656,207,1
2657,207,2
2658,207,3
2659,207,17
2660,207,18
2661,207,19
2662,207,20
2663,207,21
2664,207,22
2665,207,23
2666,208,0
2667,208,1
2668,208,2
2669,208,3
2670,208,17
2671,208,18
2672,208,19
2673,208,20
2674,208,21
2675,208,22
2676,208,23
2677,209,0
2678,209,1
2679,209,2
2680,209,3
2681,209,17
2682,209,18
2683,209,19
2684,209,20
2685,209,21
2686,209,22
2687,209,23
2688,210,0
2689,210,1
2690,210,2
2691,210,3
2692,210,17
2693,210,18
2694,210,19
2695,210,20
2696,210,21
2697,210,22
2698,210,23
2699,211,0
2700,211,1
2701,211,2
2702,211,3
2703,211,17
2704,211,18
2705,211,19
2706,211,20
2707,211,21
2708,211,22
2709,211,23
2710,212,0
2711,212,1
2712,212,2
2713,212,3
2714,212,17
2715,212,18
2716,212,19
2717,212,20
2718,212,21
2719,212,22
2720,212,23
2721,213,0
2722,213,1
2723,213,2
2724,213,3
2725,213,17
2726,213,18
2727,213,19
2728,213,20
2729,213,21
2730,213,22
2731,213,23
2732,214,0
2733,214,1
2734,214,2
2735,214,3
2736,214,17
2737,214,18
2738,214,19
2739,214,20
2740,214,21
2741,214,22
2742,214,23
2743,215,0
2744,215,1
2745,215,2
2746,215,3
2747,215,17
2748,215,18
2749,215,19
2750,215,20
2751,215,21
2752,215,22
2753,215,23
2754,216,0
2755,216,1
2756,216,2
2757,216,3
2758,216,17
2759,216,18
2760,216,19
2761,216,20
2762,216,21
2763,216,22
2764,216,23
2765,217,0
2766,217,1
2767,217,2
2768,217,3
2769,217,17
2770,217,18
2771,217,19
2772,217,20
2773,217,21
2774,217,22
2775,217,23
2776,218,0
2777,218,1
2778,218,2
2779,218,3
2780,218,17
2781,218,18
2782,218,19
2783,218,20
2784,218,21
2785,218,22
2786,218,23
2787,219,0
2788,219,1
2789,219,2
2790,219,3
2791,219,4
2792,219,17
2793,219,18
2794,219,19
2795,219,20
2796,219,21
2797,219,22
2798,219,23
2799,220,0
2800,220,1
2801,220,2
2802,220,3
2803,220,4
2804,220,17
2805,220,18
2806,220,19
2807,220,20
2808,220,21
2809,220,22
2810,220,23
2811,221,0
2812,221,1
2813,221,2
2814,221,3
2815,221,4
2816,221,17
2817,221,18
2818,221,19
2819,221,20
2820,221,21
2821,221,22
2822,221,23
2823,222,0
2824,222,1
2825,222,2
2826,222,3
2827,222,4
2828,222,17
2829,222,18
2830,222,19
2831,222,20
2832,222,21
2833,222,22
2834,222,23
2835,223,0
2836,223,1
2837,223,2
2838,223,3
2839,223,4
2840,223,17
2841,223,18
2842,223,19
2843,223,20
2844,223,21
2845,223,22
2846,223,23
2847,224,0
2848,224,1
2849,224,2
2850,224,3
2851,224,4
2852,224,17
2853,224,18
2854,224,19
2855,224,20
2856,224,21
2857,224,22
2858,224,23
2859,225,0
2860,225,1
2861,225,2
2862,225,3
2863,225,4
2864,225,17
2865,225,18
2866,225,19
2867,225,20
2868,225,21
2869,225,22
2870,225,23
2871,226,0
2872,226,1
2873,226,2
2874,226,3
2875,226,4
2876,226,17
2877,226,18
2878,226,19
2879,226,20
2880,226,21
2881,226,22
2882,226,23
2883,227,0
2884,227,1
2885,227,2
2886,227,3
2887,227,4
2888,227,17
2889,227,18
2890,227,19
2891,227,20
2892,227,21
2893,227,22
2894,227,23
2895,228,0
2896,228,1
2897,228,2
2898,228,3
2899,228,4
2900,228,17
2901,228,18
2902,228,19
2903,228,20
2904,228,21
2905,228,22
2906,228,23
2907,229,0
2908,229,1
2909,229,2
2910,229,3
2911,229,4
2912,229,17
2913,229,18
2914,229,19
2915,229,20
2916,229,21
2917,229,22
2918,229,23
2919,230,0
2920,230,1
2921,230,2
2922,230,3
2923,230,4
2924,230,17
2925,230,18
2926,230,19
2927,230,20
2928,230,21
2929,230,22
2930,230,23
2931,231,0
2932,231,1
2933,231,2
2934,231,3
2935,231,4
2936,231,17
2937,231,18
2938,231,19
2939,231,20
2940,231,21
2941,231,22
2942,231,23
2943,232,0
2944,232,1
2945,232,2
2946,232,3
2947,232,4
2948,232,17
2949,232,18
2950,232,19
2951,232,20
2952,232,21
2953,232,22
2954,232,23
2955,233,0
2956,233,1
2957,233,2
2958,233,3
2959,233,4
2960,233,17
2961,233,18
2962,233,19
2963,233,20
2964,233,21
2965,233,22
2966,233,23
2967,234,0
2968,234,1
2969,234,2
2970,234,3
2971,234,4
2972,234,17
2973,234,18
2974,234,19
2975,234,20
2976,234,21
2977,234,22
2978,234,23
2979,235,0
2980,235,1
2981,235,2
2982,235,3
2983,235,4
2984,235,17
2985,235,18
2986,235,19
2987,235,20
2988,235,21
2989,235,22
2990,235,23
2991,236,0
2992,236,1
2993,236,2
2994,236,3
2995,236,4
2996,236,17
2997,236,18
2998,236,19
2999,236,20
3000,236,21
3001,236,22
3002,236,23
3003,237,0
3004,237,1
3005,237,2
3006,237,3
3007,237,4
3008,237,17
3009,237,18
3010,237,19
3011,237,20
3012,237,21
3013,237,22
3014,237,23
3015,238,0
3016,238,1
3017,238,2
3018,238,3
3019,238,4
3020,238,17
3021,238,18
3022,238,19
3023,238,20
3024,238,21
3025,238,22
3026,238,23
3027,239,0
3028,239,1
3029,239,2
3030,239,3
3031,239,4
3032,239,17
3033,239,18
3034,239,19
3035,239,20
3036,239,21
3037,239,22
3038,239,23
3039,240,0
3040,240,1
3041,240,2
3042,240,3
3043,240,4
3044,240,17
3045,240,18
3046,240,19
3047,240,20
3048,240,21
3049,240,22
3050,240,23
3051,241,0
3052,241,1
3053,241,2
3054,241,3
3055,241,4
3056,241,16
3057,241,17
3058,241,18
3059,241,19
3060,241,20
3061,241,21
3062,241,22
3063,241,23
3064,242,0
3065,242,1
3066,242,2
3067,242,3
3068,242,4
3069,242,16
3070,242,17
3071,242,18
3072,242,19
3073,242,20
3074,242,21
3075,242,22
3076,242,23
3077,243,0
3078,243,1
3079,243,2
3080,243,3
3081,243,4
3082,243,16
3083,243,17
3084,243,18
3085,243,19
3086,243,20
3087,243,21
3088,243,22
3089,243,23
3090,244,0
3091,244,1
3092,244,2
3093,244,3
3094,244,4
3095,244,16
3096,244,17
3097,244,18
3098,244,19
3099,244,20
3100,244,21
3101,244,22
3102,244,23
3103,245,0
3104,245,1
3105,245,2
3106,245,3
3107,245,4
3108,245,16
3109,245,17
3110,245,18
3111,245,19
3112,245,20
3113,245,21
3114,245,22
3115,245,23
3116,246,0
3117,246,1
3118,246,2
3119,246,3
3120,246,4
3121,246,16
3122,246,17
3123,246,18
3124,246,19
3125,246,20
3126,246,21
3127,246,22
3128,246,23
3129,247,0
3130,247,1
3131,247,2
3132,247,3
3133,247,4
3134,247,16
3135,247,17
3136,247,18
3137,247,19
3138,247,20
3139,247,21
3140,247,22
3141,247,23
3142,248,0
3143,248,1
3144,248,2
3145,248,3
3146,248,4
3147,248,16
3148,248,17
3149,248,18
3150,248,19
3151,248,20
3152,248,21
3153,248,22
3154,248,23
3155,249,0
3156,249,1
3157,249,2
3158,249,3
3159,249,4
3160,249,16
3161,249,17
3162,249,18
3163,249,19
3164,249,20
3165,249,21
3166,249,22
3167,249,23
3168,250,0
3169,250,1
3170,250,2
3171,250,3
3172,250,4
3173,250,16
3174,250,17
3175,250,18
3176,250,19
3177,250,20
3178,250,21
3179,250,22
3180,250,23
3181,251,0
3182,251,1
3183,251,2
3184,251,3
3185,251,4
3186,251,16
3187,251,17
3188,251,18
3189,251,19
3190,251,20
3191,251,21
3192,251,22
3193,251,23
3194,252,0
3195,252,1
3196,252,2
3197,252,3
3198,252,4
3199,252,16
3200,252,17
3201,252,18
3202,252,19
3203,252,20
3204,252,21
3205,252,22
3206,252,23
3207,253,0
3208,253,1
3209,253,2
3210,253,3
3211,253,4
3212,253,16
3213,253,17
3214,253,18
3215,253,19
3216,253,20
3217,253,21
3218,253,22
3219,253,23
3220,254,0
3221,254,1
3222,254,2
3223,254,3
3224,254,4
3225,254,16
3226,254,17
3227,254,18
3228,254,19
3229,254,20
3230,254,21
3231,254,22
3232,254,23
3233,255,0
3234,255,1
3235,255,2
3236,255,3
3237,255,4
3238,255,16
3239,255,17
3240,255,18
3241,255,19
3242,255,20
3243,255,21
3244,255,22
3245,255,23
3246,256,0
3247,256,1
3248,256,2
3249,256,3
3250,256,4
3251,256,16
3252,256,17
3253,256,18
3254,256,19
3255,256,20
3256,256,21
3257,256,22
3258,256,23
3259,257,0
3260,257,1
3261,257,2
3262,257,3
3263,257,4
3264,257,16
3265,257,17
3266,257,18
3267,257,19
3268,257,20
3269,257,21
3270,257,22
3271,257,23
3272,258,0
3273,258,1
3274,258,2
3275,258,3
3276,258,4
3277,258,16
3278,258,17
3279,258,18
3280,258,19
3281,258,20
3282,258,21
3283,258,22
3284,258,23
3285,259,0
3286,259,1
3287,259,2
3288,259,3
3289,259,4
3290,259,16
3291,259,17
3292,259,18
3293,259,19
3294,259,20
3295,259,21
3296,259,22
3297,259,23
3298,260,0
3299,260,1
3300,260,2
3301,260,3
3302,260,4
3303,260,16
3304,260,17
3305,260,18
3306,260,19
3307,260,20
3308,260,21
3309,260,22
3310,260,23
3311,261,0
3312,261,1
3313,261,2
3314,261,3
3315,261,4
3316,261,16
3317,261,17
3318,261,18
3319,261,19
3320,261,20
3321,261,21
3322,261,22
3323,261,23
3324,262,0
3325,262,1
3326,262,2
3327,262,3
3328,262,4
3329,262,16
3330,262,17
3331,262,18
3332,262,19
3333,262,20
3334,262,21
3335,262,22
3336,262,23
3337,263,0
3338,263,1
3339,263,2
3340,263,3
3341,263,4
3342,263,16
3343,263,17
3344,263,18
3345,263,19
3346,263,20
3347,263,21
3348,263,22
3349,263,23
3350,264,0
3351,264,1
3352,264,2
3353,264,3
3354,264,4
3355,264,16
3356,264,17
3357,264,18
3358,264,19
3359,264,20
3360,264,21
3361,264,22
3362,264,23
3363,265,0
3364,265,1
3365,265,2
3366,265,3
3367,265,4
3368,265,16
3369,265,17
3370,265,18
3371,265,19
3372,265,20
3373,265,21
3374,265,22
3375,265,23
3376,266,0
3377,266,1
3378,266,2
3379,266,3
3380,266,4
3381,266,16
3382,266,17
3383,266,18
3384,266,19
3385,266,20
3386,266,21
3387,266,22
3388,266,23
3389,267,0
3390,267,1
3391,267,2
3392,267,3
3393,267,4
3394,267,16
3395,267,17
3396,267,18
3397,267,19
3398,267,20
3399,267,21
3400,267,22
3401,267,23
3402,268,0
3403,268,1
3404,268,2
3405,268,3
3406,268,4
3407,268,16
3408,268,17
3409,268,18
3410,268,19
3411,268,20
3412,268,21
3413,268,22
3414,268,23
3415,269,0
3416,269,1
3417,269,2
3418,269,3
3419,269,4
3420,269,16
3421,269,17
3422,269,18
3423,269,19
3424,269,20
3425,269,21
3426,269,22
3427,269,23
3428,270,0
3429,270,1
3430,270,2
3431,270,3
3432,270,4
3433,270,16
3434,270,17
3435,270,18
3436,270,19
3437,270,20
3438,270,21
3439,270,22
3440,270,23
3441,271,0
3442,271,1
3443,271,2
3444,271,3
3445,271,4
3446,271,16
3447,271,17
3448,271,18
3449,271,19
3450,271,20
3451,271,21
3452,271,22
3453,271,23
3454,272,0
3455,272,1
3456,272,2
3457,272,3
3458,272,4
3459,272,16
3460,272,17
3461,272,18
3462,272,19
3463,272,20
3464,272,21
3465,272,22
3466,272,23
3467,273,0
3468,273,1
3469,273,2
3470,273,3
3471,273,4
3472,273,16
3473,273,17
3474,273,18
3475,273,19
3476,273,20
3477,273,21
3478,273,22
3479,273,23
3480,274,0
3481,274,1
3482,274,2
3483,274,3
3484,274,4
3485,274,5
3486,274,16
3487,274,17
3488,274,18
3489,274,19
3490,274,20
3491,274,21
3492,274,22
3493,274,23
3494,275,0
3495,275,1
3496,275,2
3497,275,3
3498,275,4
3499,275,5
3500,275,16
3501,275,17
3502,275,18
3503,275,19
3504,275,20
3505,275,21
3506,275,22
3507,275,23
3508,276,0
3509,276,1
3510,276,2
3511,276,3
3512,276,4
3513,276,5
3514,276,16
3515,276,17
3516,276,18
3517,276,19
3518,276,20
3519,276,21
3520,276,22
3521,276,23
3522,277,0
3523,277,1
3524,277,2
3525,277,3
3526,277,4
3527,277,5
3528,277,16
3529,277,17
3530,277,18
3531,277,19
3532,277,20
3533,277,21
3534,277,22
3535,277,23
3536,278,0
3537,278,1
3538,278,2
3539,278,3
3540,278,4
3541,278,5
3542,278,16
3543,278,17
3544,278,18
3545,278,19
3546,278,20
3547,278,21
3548,278,22
3549,278,23
3550,279,0
3551,279,1
3552,279,2
3553,279,3
3554,279,4
3555,279,5
3556,279,16
3557,279,17
3558,279,18
3559,279,19
3560,279,20
3561,279,21
3562,279,22
3563,279,23
3564,280,0
3565,280,1
3566,280,2
3567,280,3
3568,280,4
3569,280,5
3570,280,16
3571,280,17
3572,280,18
3573,280,19
3574,280,20
3575,280,21
3576,280,22
3577,280,23
3578,281,0
3579,281,1
3580,281,2
3581,281,3
3582,281,4
3583,281,5
3584,281,16
3585,281,17
3586,281,18
3587,281,19
3588,281,20
3589,281,21
3590,281,22
3591,281,23
3592,282,0
3593,282,1
3594,282,2
3595,282,3
3596,282,4
3597,282,5
3598,282,16
3599,282,17
3600,282,18
3601,282,19
3602,282,20
3603,282,21
3604,282,22
3605,282,23
3606,283,0
3607,283,1
3608,283,2
3609,283,3
3610,283,4
3611,283,5
3612,283,16
3613,283,17
3614,283,18
3615,283,19
3616,283,20
3617,283,21
3618,283,22
3619,283,23
3620,284,0
3621,284,1
3622,284,2
3623,284,3
3624,284,4
3625,284,5
3626,284,16
3627,284,17
3628,284,18
3629,284,19
3630,284,20
3631,284,21
3632,284,22
3633,284,23
3634,285,0
3635,285,1
3636,285,2
3637,285,3
3638,285,4
3639,285,5
3640,285,16
3641,285,17
3642,285,18
3643,285,19
3644,285,20
3645,285,21
3646,285,22
3647,285,23
3648,286,0
3649,286,1
3650,286,2
3651,286,3
3652,286,4
3653,286,5
3654,286,16
3655,286,17
3656,286,18
3657,286,19
3658,286,20
3659,286,21
3660,286,22
3661,286,23
3662,287,0
3663,287,1
3664,287,2
3665,287,3
3666,287,4
3667,287,5
3668,287,16
3669,287,17
3670,287,18
3671,287,19
3672,287,20
3673,287,21
3674,287,22
3675,287,23
3676,288,0
3677,288,1
3678,288,2
3679,288,3
3680,288,4
3681,288,5
3682,288,16
3683,288,17
3684,288,18
3685,288,19
3686,288,20
3687,288,21
3688,288,22
3689,288,23
3690,289,0
3691,289,1
3692,289,2
3693,289,3
3694,289,4
3695,289,5
3696,289,16
3697,289,17
3698,289,18
3699,289,19
3700,289,20
3701,289,21
3702,289,22
3703,289,23
3704,290,0
3705,290,1
3706,290,2
3707,290,3
3708,290,4
3709,290,5
3710,290,16
3711,290,17
3712,290,18
3713,290,19
3714,290,20
3715,290,21
3716,290,22
3717,290,23
3718,291,0
3719,291,1
3720,291,2
3721,291,3
3722,291,4
3723,291,5
3724,291,16
3725,291,17
3726,291,18
3727,291,19
3728,291,20
3729,291,21
3730,291,22
3731,291,23
3732,292,0
3733,292,1
3734,292,2
3735,292,3
3736,292,4
3737,292,5
3738,292,16
3739,292,17
3740,292,18
3741,292,19
3742,292,20
3743,292,21
3744,292,22
3745,292,23
3746,293,0
3747,293,1
3748,293,2
3749,293,3
3750,293,4
3751,293,5
3752,293,15
3753,293,16
3754,293,17
3755,293,18
3756,293,19
3757,293,20
3758,293,21
3759,293,22
3760,293,23
3761,294,0
3762,294,1
3763,294,2
3764,294,3
3765,294,4
3766,294,5
3767,294,15
3768,294,16
3769,294,17
3770,294,18
3771,294,19
3772,294,20
3773,294,21
3774,294,22
3775,294,23
3776,295,0
3777,295,1
3778,295,2
3779,295,3
3780,295,4
3781,295,5
3782,295,15
3783,295,16
3784,295,17
3785,295,18
3786,295,19
3787,295,20
3788,295,21
3789,295,22
3790,295,23
3791,296,0
3792,296,1
3793,296,2
3794,296,3
3795,296,4
3796,296,5
3797,296,15
3798,296,16
3799,296,17
3800,296,18
3801,296,19
3802,296,20
3803,296,21
3804,296,22
3805,296,23
3806,297,0
3807,297,1
3808,297,2
3809,297,3
3810,297,4
3811,297,5
3812,297,15
3813,297,16
3814,297,17
3815,297,18
3816,297,19
3817,297,20
3818,297,21
3819,297,22
3820,297,23
3821,298,0
3822,298,1
3823,298,2
3824,298,3
3825,298,4
3826,298,5
3827,298,15
3828,298,16
3829,298,17
3830,298,18
3831,298,19
3832,298,20
3833,298,21
3834,298,22
3835,298,23
3836,299,0
3837,299,1
3838,299,2
3839,299,3
3840,299,4
3841,299,5
3842,299,15
3843,299,16
3844,299,17
3845,299,18
3846,299,19
3847,299,20
3848,299,21
3849,299,22
3850,299,23
3851,300,0
3852,300,1
3853,300,2
3854,300,3
3855,300,4
3856,300,5
3857,300,15
3858,300,16
3859,300,17
3860,300,18
3861,300,19
3862,300,20
3863,300,21
3864,300,22
3865,300,23
3866,301,0
3867,301,1
3868,301,2
3869,301,3
3870,301,4
3871,301,5
3872,301,15
3873,301,16
3874,301,17
3875,301,18
3876,301,19
3877,301,20
3878,301,21
3879,301,22
3880,301,23
3881,302,0
3882,302,1
3883,302,2
3884,302,3
3885,302,4
3886,302,5
3887,302,15
3888,302,16
3889,302,17
3890,302,18
3891,302,19
3892,302,20
3893,302,21
3894,302,22
3895,302,23
3896,303,0
3897,303,1
3898,303,2
3899,303,3
3900,303,4
3901,303,5
3902,303,15
3903,303,16
3904,303,17
3905,303,18
3906,303,19
3907,303,20
3908,303,21
3909,303,22
3910,303,23
3911,304,0
3912,304,1
3913,304,2
3914,304,3
3915,304,4
3916,304,5
3917,304,15
3918,304,16
3919,304,17
3920,304,18
3921,304,19
3922,304,20
3923,304,21
3924,304,22
3925,304,23
3926,305,0
3927,305,1
3928,305,2
3929,305,3
3930,305,4
3931,305,5
3932,305,15
3933,305,16
3934,305,17
3935,305,18
3936,305,19
3937,305,20
3938,305,21
3939,305,22
3940,305,23
3941,306,0
3942,306,1
3943,306,2
3944,306,3
3945,306,4
3946,306,5
3947,306,15
3948,306,16
3949,306,17
3950,306,18
3951,306,19
3952,306,20
3953,306,21
3954,306,22
3955,306,23
3956,307,0
3957,307,1
3958,307,2
3959,307,3
3960,307,4
3961,307,5
3962,307,15
3963,307,16
3964,307,17
3965,307,18
3966,307,19
3967,307,20
3968,307,21
3969,307,22
3970,307,23
3971,308,0
3972,308,1
3973,308,2
3974,308,3
3975,308,4
3976,308,5
3977,308,15
3978,308,16
3979,308,17
3980,308,18
3981,308,19
3982,308,20
3983,308,21
3984,308,22
3985,308,23
3986,309,0
3987,309,1
3988,309,2
3989,309,3
3990,309,4
3991,309,5
3992,309,15
3993,309,16
3994,309,17
3995,309,18
3996,309,19
3997,309,20
3998,309,21
3999,309,22
4000,309,23
4001,310,0
4002,310,1
4003,310,2
4004,310,3
4005,310,4
4006,310,5
4007,310,15
4008,310,16
4009,310,17
4010,310,18
4011,310,19
4012,310,20
4013,310,21
4014,310,22
4015,310,23
4016,311,0
4017,311,1
4018,311,2
4019,311,3
4020,311,4
4021,311,5
4022,311,15
4023,311,16
4024,311,17
4025,311,18
4026,311,19
4027,311,20
4028,311,21
4029,311,22
4030,311,23
4031,312,0
4032,312,1
4033,312,2
4034,312,3
4035,312,4
4036,312,5
4037,312,15
4038,312,16
4039,312,17
4040,312,18
4041,312,19
4042,312,20
4043,312,21
4044,312,22
4045,312,23
4046,313,0
4047,313,1
4048,313,2
4049,313,3
4050,313,4
4051,313,5
4052,313,15
4053,313,16
4054,313,17
4055,313,18
4056,313,19
4057,313,20
4058,313,21
4059,313,22
4060,313,23
4061,314,0
4062,314,1
4063,314,2
4064,314,3
4065,314,4
4066,314,5
4067,314,6
4068,314,15
4069,314,16
4070,314,17
4071,314,18
4072,314,19
4073,314,20
4074,314,21
4075,314,22
4076,314,23
4077,315,0
4078,315,1
4079,315,2
4080,315,3
4081,315,4
4082,315,5
4083,315,15
4084,315,16
4085,315,17
4086,315,18
4087,315,19
4088,315,20
4089,315,21
4090,315,22
4091,315,23
4092,316,0
4093,316,1
4094,316,2
4095,316,3
4096,316,4
4097,316,5
4098,316,6
4099,316,15
4100,316,16
4101,316,17
4102,316,18
4103,316,19
4104,316,20
4105,316,21
4106,316,22
4107,316,23
4108,317,0
4109,317,1
4110,317,2
4111,317,3
4112,317,4
4113,317,5
4114,317,6
4115,317,15
4116,317,16
4117,317,17
4118,317,18
4119,317,19
4120,317,20
4121,317,21
4122,317,22
4123,317,23
4124,318,0
4125,318,1
4126,318,2
4127,318,3
4128,318,4
4129,318,5
4130,318,15
4131,318,16
4132,318,17
4133,318,18
4134,318,19
4135,318,20
4136,318,21
4137,318,22
4138,318,23
4139,319,0
4140,319,1
4141,319,2
4142,319,3
4143,319,4
4144,319,5
4145,319,6
4146,319,15
4147,319,16
4148,319,17
4149,319,18
4150,319,19
4151,319,20
4152,319,21
4153,319,22
4154,319,23
4155,320,0
4156,320,1
4157,320,2
4158,320,3
4159,320,4
4160,320,5
4161,320,6
4162,320,15
4163,320,16
4164,320,17
4165,320,18
4166,320,19
4167,320,20
4168,320,21
4169,320,22
4170,320,23
4171,321,0
4172,321,1
4173,321,2
4174,321,3
4175,321,4
4176,321,5
4177,321,6
4178,321,15
4179,321,16
4180,321,17
4181,321,18
4182,321,19
4183,321,20
4184,321,21
4185,321,22
4186,321,23
4187,322,0
4188,322,1
4189,322,2
4190,322,3
4191,322,4
4192,322,5
4193,322,6
4194,322,15
4195,322,16
4196,322,17
4197,322,18
4198,322,19
4199,322,20
4200,322,21
4201,322,22
4202,322,23
4203,323,0
4204,323,1
4205,323,2
4206,323,3
4207,323,4
4208,323,5
4209,323,6
4210,323,15
4211,323,16
4212,323,17
4213,323,18
4214,323,19
4215,323,20
4216,323,21
4217,323,22
4218,323,23
4219,324,0
4220,324,1
4221,324,2
4222,324,3
4223,324,4
4224,324,5
4225,324,6
4226,324,15
4227,324,16
4228,324,17
4229,324,18
4230,324,19
4231,324,20
4232,324,21
4233,324,22
4234,324,23
4235,325,0
4236,325,1
4237,325,2
4238,325,3
4239,325,4
4240,325,5
4241,325,6
4242,325,15
4243,325,16
4244,325,17
4245,325,18
4246,325,19
4247,325,20
4248,325,21
4249,325,22
4250,325,23
4251,326,0
4252,326,1
4253,326,2
4254,326,3
4255,326,4
4256,326,5
4257,326,6
4258,326,15
4259,326,16
4260,326,17
4261,326,18
4262,326,19
4263,326,20
4264,326,21
4265,326,22
4266,326,23
4267,327,0
4268,327,1
4269,327,2
4270,327,3
4271,327,4
4272,327,5
4273,327,6
4274,327,15
4275,327,16
4276,327,17
4277,327,18
4278,327,19
4279,327,20
4280,327,21
4281,327,22
4282,327,23
4283,328,0
4284,328,1
4285,328,2
4286,328,3
4287,328,4
4288,328,5
4289,328,6
4290,328,15
4291,328,16
4292,328,17
4293,328,18
4294,328,19
4295,328,20
4296,328,21
4297,328,22
4298,328,23
4299,329,0
4300,329,1
4301,329,2
4302,329,3
4303,329,4
4304,329,5
4305,329,6
4306,329,15
4307,329,16
4308,329,17
4309,329,18
4310,329,19
4311,329,20
4312,329,21
4313,329,22
4314,329,23
4315,330,0
4316,330,1
4317,330,2
4318,330,3
4319,330,4
4320,330,5
4321,330,6
4322,330,15
4323,330,16
4324,330,17
4325,330,18
4326,330,19
4327,330,20
4328,330,21
4329,330,22
4330,330,23
4331,331,0
4332,331,1
4333,331,2
4334,331,3
4335,331,4
4336,331,5
4337,331,6
4338,331,15
4339,331,16
4340,331,17
4341,331,18
4342,331,19
4343,331,20
4344,331,21
4345,331,22
4346,331,23
4347,332,0
4348,332,1
4349,332,2
4350,332,3
4351,332,4
4352,332,5
4353,332,6
4354,332,15
4355,332,16
4356,332,17
4357,332,18
4358,332,19
4359,332,20
4360,332,21
4361,332,22
4362,332,23
4363,333,0
4364,333,1
4365,333,2
4366,333,3
4367,333,4
4368,333,5
4369,333,6
4370,333,15
4371,333,16
4372,333,17
4373,333,18
4374,333,19
4375,333,20
4376,333,21
4377,333,22
4378,333,23
4379,334,0
4380,334,1
4381,334,2
4382,334,3
4383,334,4
4384,334,5
4385,334,6
4386,334,15
4387,334,16
4388,334,17
4389,334,18
4390,334,19
4391,334,20
4392,334,21
4393,334,22
4394,334,23
4395,335,0
4396,335,1
4397,335,2
4398,335,3
4399,335,4
4400,335,5
4401,335,6
4402,335,15
4403,335,16
4404,335,17
4405,335,18
4406,335,19
4407,335,20
4408,335,21
4409,335,22
4410,335,23
4411,336,0
4412,336,1
4413,336,2
4414,336,3
4415,336,4
4416,336,5
4417,336,6
4418,336,15
4419,336,16
4420,336,17
4421,336,18
4422,336,19
4423,336,20
4424,336,21
4425,336,22
4426,336,23
4427,337,0
4428,337,1
4429,337,2
4430,337,3
4431,337,4
4432,337,5
4433,337,6
4434,337,15
4435,337,16
4436,337,17
4437,337,18
4438,337,19
4439,337,20
4440,337,21
4441,337,22
4442,337,23
4443,338,0
4444,338,1
4445,338,2
4446,338,3
4447,338,4
4448,338,5
4449,338,6
4450,338,15
4451,338,16
4452,338,17
4453,338,18
4454,338,19
4455,338,20
4456,338,21
4457,338,22
4458,338,23
4459,339,0
4460,339,1
4461,339,2
4462,339,3
4463,339,4
4464,339,5
4465,339,6
4466,339,15
4467,339,16
4468,339,17
4469,339,18
4470,339,19
4471,339,20
4472,339,21
4473,339,22
4474,339,23
4475,340,0
4476,340,1
4477,340,2
4478,340,3
4479,340,4
4480,340,5
4481,340,6
4482,340,15
4483,340,16
4484,340,17
4485,340,18
4486,340,19
4487,340,20
4488,340,21
4489,340,22
4490,340,23
4491,341,0
4492,341,1
4493,341,2
4494,341,3
4495,341,4
4496,341,5
4497,341,6
4498,341,15
4499,341,16
4500,341,17
4501,341,18
4502,341,19
4503,341,20
4504,341,21
4505,341,22
4506,341,23
4507,342,0
4508,342,1
4509,342,2
4510,342,3
4511,342,4
4512,342,5
4513,342,6
4514,342,15
4515,342,16
4516,342,17
4517,342,18
4518,342,19
4519,342,20
4520,342,21
4521,342,22
4522,342,23
4523,343,0
4524,343,1
4525,343,2
4526,343,3
4527,343,4
4528,343,5
4529,343,6
4530,343,15
4531,343,16
4532,343,17
4533,343,18
4534,343,19
4535,343,20
4536,343,21
4537,343,22
4538,343,23
4539,344,0
4540,344,1
4541,344,2
4542,344,3
4543,344,4
4544,344,5
4545,344,6
4546,344,15
4547,344,16
4548,344,17
4549,344,18
4550,344,19
4551,344,20
4552,344,21
4553,344,22
4554,344,23
4555,345,0
4556,345,1
4557,345,2
4558,345,3
4559,345,4
4560,345,5
4561,345,6
4562,345,15
4563,345,16
4564,345,17
4565,345,18
4566,345,19
4567,345,20
4568,345,21
4569,345,22
4570,345,23
4571,346,0
4572,346,1
4573,346,2
4574,346,3
4575,346,4
4576,346,5
4577,346,6
4578,346,15
4579,346,16
4580,346,17
4581,346,18
4582,346,19
4583,346,20
4584,346,21
4585,346,22
4586,346,23
4587,347,0
4588,347,1
4589,347,2
4590,347,3
4591,347,4
4592,347,5
4593,347,6
4594,347,15
4595,347,16
4596,347,17
4597,347,18
4598,347,19
4599,347,20
4600,347,21
4601,347,22
4602,347,23
4603,348,0
4604,348,1
4605,348,2
4606,348,3
4607,348,4
4608,348,5
4609,348,6
4610,348,15
4611,348,16
4612,348,17
4613,348,18
4614,348,19
4615,348,20
4616,348,21
4617,348,22
4618,348,23
4619,349,0
4620,349,1
4621,349,2
4622,349,3
4623,349,4
4624,349,5
4625,349,6
4626,349,14
4627,349,15
4628,349,16
4629,349,17
4630,349,18
4631,349,19
4632,349,20
4633,349,21
4634,349,22
4635,349,23
4636,350,0
4637,350,1
4638,350,2
4639,350,3
4640,350,4
4641,350,5
4642,350,6
4643,350,15
4644,350,16
4645,350,17
4646,350,18
4647,350,19
4648,350,20
4649,350,21
4650,350,22
4651,350,23
4652,351,0
4653,351,1
4654,351,2
4655,351,3
4656,351,4
4657,351,5
4658,351,6
4659,351,15
4660,351,16
4661,351,17
4662,351,18
4663,351,19
4664,351,20
4665,351,21
4666,351,22
4667,351,23
4668,352,0
4669,352,1
4670,352,2
4671,352,3
4672,352,4
4673,352,5
4674,352,6
4675,352,15
4676,352,16
4677,352,17
4678,352,18
4679,352,19
4680,352,20
4681,352,21
4682,352,22
4683,352,23
4684,353,0
4685,353,1
4686,353,2
4687,353,3
4688,353,4
4689,353,5
4690,353,6
4691,353,15
4692,353,16
4693,353,17
4694,353,18
4695,353,19
4696,353,20
4697,353,21
4698,353,22
4699,353,23
4700,354,0
4701,354,1
4702,354,2
4703,354,3
4704,354,4
4705,354,5
4706,354,6
4707,354,15
4708,354,16
4709,354,17
4710,354,18
4711,354,19
4712,354,20
4713,354,21
4714,354,22
4715,354,23
4716,355,0
4717,355,1
4718,355,2
4719,355,3
4720,355,4
4721,355,5
4722,355,6
4723,355,15
4724,355,16
4725,355,17
4726,355,18
4727,355,19
4728,355,20
4729,355,21
4730,355,22
4731,355,23
4732,356,0
4733,356,1
4734,356,2
4735,356,3
4736,356,4
4737,356,5
4738,356,6
4739,356,15
4740,356,16
4741,356,17
4742,356,18
4743,356,19
4744,356,20
4745,356,21
4746,356,22
4747,356,23
4748,357,0
4749,357,1
4750,357,2
4751,357,3
4752,357,4
4753,357,5
4754,357,6
4755,357,15
4756,357,16
4757,357,17
4758,357,18
4759,357,19
4760,357,20
4761,357,21
4762,357,22
4763,357,23
4764,358,0
4765,358,1
4766,358,2
4767,358,3
4768,358,4
4769,358,5
4770,358,6
4771,358,15
4772,358,16
4773,358,17
4774,358,18
4775,358,19
4776,358,20
4777,358,21
4778,358,22
4779,358,23
4780,359,0
4781,359,1
4782,359,2
4783,359,3
4784,359,4
4785,359,5
4786,359,6
4787,359,15
4788,359,16
4789,359,17
4790,359,18
4791,359,19
4792,359,20
4793,359,21
4794,359,22
4795,359,23
4796,360,0
4797,360,1
4798,360,2
4799,360,3
4800,360,4
4801,360,5
4802,360,6
4803,360,15
4804,360,16
4805,360,17
4806,360,18
4807,360,19
4808,360,20
4809,360,21
4810,360,22
4811,360,23
4812,361,0
4813,361,1
4814,361,2
4815,361,3
4816,361,4
4817,361,5
4818,361,6
4819,361,14
4820,361,15
4821,361,16
4822,361,17
4823,361,18
4824,361,19
4825,361,20
4826,361,21
4827,361,22
4828,361,23
4829,362,0
4830,362,1
4831,362,2
4832,362,3
4833,362,4
4834,362,5
4835,362,6
4836,362,15
4837,362,16
4838,362,17
4839,362,18
4840,362,19
4841,362,20
4842,362,21
4843,362,22
4844,362,23
4845,363,0
4846,363,1
4847,363,2
4848,363,3
4849,363,4
4850,363,5
4851,363,6
4852,363,15
4853,363,16
4854,363,17
4855,363,18
4856,363,19
4857,363,20
4858,363,21
4859,363,22
4860,363,23
4861,364,0
4862,364,1
4863,364,2
4864,364,3
4865,364,4
4866,364,5
4867,364,6
4868,364,15
4869,364,16
4870,364,17
4871,364,18
4872,364,19
4873,364,20
4874,364,21
4875,364,22
4876,364,23
4877,365,0
4878,365,1
4879,365,2
4880,365,3
4881,365,4
4882,365,5
4883,365,6
4884,365,15
4885,365,16
4886,365,17
4887,365,18
4888,365,19
4889,365,20
4890,365,21
4891,365,22
4892,365,23
