,day,hour
0,1,0
1,1,1
2,1,2
3,1,3
4,1,4
5,1,5
6,1,6
7,1,15
8,1,16
9,1,17
10,1,18
11,1,19
12,1,20
13,1,21
14,1,22
15,1,23
16,2,0
17,2,1
18,2,2
19,2,3
20,2,4
21,2,5
22,2,6
23,2,15
24,2,16
25,2,17
26,2,18
27,2,19
28,2,20
29,2,21
30,2,22
31,2,23
32,3,0
33,3,1
34,3,2
35,3,3
36,3,4
37,3,5
38,3,6
39,3,15
40,3,16
41,3,17
42,3,18
43,3,19
44,3,20
45,3,21
46,3,22
47,3,23
48,4,0
49,4,1
50,4,2
51,4,3
52,4,4
53,4,5
54,4,6
55,4,15
56,4,16
57,4,17
58,4,18
59,4,19
60,4,20
61,4,21
62,4,22
63,4,23
64,5,0
65,5,1
66,5,2
67,5,3
68,5,4
69,5,5
70,5,6
71,5,15
72,5,16
73,5,17
74,5,18
75,5,19
76,5,20
77,5,21
78,5,22
79,5,23
80,6,0
81,6,1
82,6,2
83,6,3
84,6,4
85,6,5
86,6,6
87,6,15
88,6,16
89,6,17
90,6,18
91,6,19
92,6,20
93,6,21
94,6,22
95,6,23
96,7,0
97,7,1
98,7,2
99,7,3
100,7,4
101,7,5
102,7,6
103,7,15
104,7,16
105,7,17
106,7,18
107,7,19
108,7,20
109,7,21
110,7,22
111,7,23
112,8,0
113,8,1
114,8,2
115,8,3
116,8,4
117,8,5
118,8,6
119,8,15
120,8,16
121,8,17
122,8,18
123,8,19
124,8,20
125,8,21
126,8,22
127,8,23
128,9,0
129,9,1
130,9,2
131,9,3
132,9,4
133,9,5
134,9,15
135,9,16
136,9,17
137,9,18
138,9,19
139,9,20
140,9,21
141,9,22
142,9,23
143,10,0
144,10,1
145,10,2
146,10,3
147,10,4
148,10,5
149,10,6
150,10,15
151,10,16
152,10,17
153,10,18
154,10,19
155,10,20
156,10,21
157,10,22
158,10,23
159,11,0
160,11,1
161,11,2
162,11,3
163,11,4
164,11,5
165,11,6
166,11,15
167,11,16
168,11,17
169,11,18
170,11,19
171,11,20
172,11,21
173,11,22
174,11,23
175,12,0
176,12,1
177,12,2
178,12,3
179,12,4
180,12,5
181,12,6
182,12,15
183,12,16
184,12,17
185,12,18
186,12,19
187,12,20
188,12,21
189,12,22
190,12,23
191,13,0
192,13,1
193,13,2
194,13,3
195,13,4
196,13,5
197,13,15
198,13,16
199,13,17
200,13,18
201,13,19
202,13,20
203,13,21
204,13,22
205,13,23
206,14,0
207,14,1
208,14,2
209,14,3
210,14,4
211,14,5
212,14,6
213,14,15
214,14,16
215,14,17
216,14,18
217,14,19
218,14,20
219,14,21
220,14,22
221,14,23
222,15,0
223,15,1
224,15,2
225,15,3
226,15,4
227,15,5
228,15,6
229,15,15
230,15,16
231,15,17
232,15,18
233,15,19
234,15,20
235,15,21
236,15,22
237,15,23
238,16,0
239,16,1
240,16,2
241,16,3
242,16,4
243,16,5
244,16,15
245,16,16
246,16,17
247,16,18
248,16,19
249,16,20
250,16,21
251,16,22
252,16,23
253,17,0
254,17,1
255,17,2
256,17,3
257,17,4
258,17,5
259,17,15
260,17,16
261,17,17
262,17,18
263,17,19
264,17,20
265,17,21
266,17,22
267,17,23
268,18,0
269,18,1
270,18,2
271,18,3
272,18,4
273,18,5
274,18,15
275,18,16
276,18,17
277,18,18
278,18,19
279,18,20
280,18,21
281,18,22
282,18,23
283,19,0
284,19,1
285,19,2
286,19,3
287,19,4
288,19,5
289,19,15
290,19,16
291,19,17
292,19,18
293,19,19
294,19,20
295,19,21
296,19,22
297,19,23
298,20,0
299,20,1
300,20,2
301,20,3
302,20,4
303,20,5
304,20,15
305,20,16
306,20,17
307,20,18
308,20,19
309,20,20
310,20,21
311,20,22
312,20,23
313,21,0
314,21,1
315,21,2
316,21,3
317,21,4
318,21,5
319,21,15
320,21,16
321,21,17
322,21,18
323,21,19
324,21,20
325,21,21
326,21,22
327,21,23
328,22,0
329,22,1
330,22,2
331,22,3
332,22,4
333,22,5
334,22,15
335,22,16
336,22,17
337,22,18
338,22,19
339,22,20
340,22,21
341,22,22
342,22,23
343,23,0
344,23,1
345,23,2
346,23,3
347,23,4
348,23,5
349,23,15
350,23,16
351,23,17
352,23,18
353,23,19
354,23,20
355,23,21
356,23,22
357,23,23
358,24,0
359,24,1
360,24,2
361,24,3
362,24,4
363,24,5
364,24,15
365,24,16
366,24,17
367,24,18
368,24,19
369,24,20
370,24,21
371,24,22
372,24,23
373,25,0
374,25,1
375,25,2
376,25,3
377,25,4
378,25,5
379,25,15
380,25,16
381,25,17
382,25,18
383,25,19
384,25,20
385,25,21
386,25,22
387,25,23
388,26,0
389,26,1
390,26,2
391,26,3
392,26,4
393,26,5
394,26,15
395,26,16
396,26,17
397,26,18
398,26,19
399,26,20
400,26,21
401,26,22
402,26,23
403,27,0
404,27,1
405,27,2
406,27,3
407,27,4
408,27,5
409,27,15
410,27,16
411,27,17
412,27,18
413,27,19
414,27,20
415,27,21
416,27,22
417,27,23
418,28,0
419,28,1
420,28,2
421,28,3
422,28,4
423,28,5
424,28,15
425,28,16
426,28,17
427,28,18
428,28,19
429,28,20
430,28,21
431,28,22
432,28,23
433,29,0
434,29,1
435,29,2
436,29,3
437,29,4
438,29,5
439,29,15
440,29,16
441,29,17
442,29,18
443,29,19
444,29,20
445,29,21
446,29,22
447,29,23
448,30,0
449,30,1
450,30,2
451,30,3
452,30,4
453,30,5
454,30,15
455,30,16
456,30,17
457,30,18
458,30,19
459,30,20
460,30,21
461,30,22
462,30,23
463,31,0
464,31,1
465,31,2
466,31,3
467,31,4
468,31,5
469,31,15
470,31,16
471,31,17
472,31,18
473,31,19
474,31,20
475,31,21
476,31,22
477,31,23
478,32,0
479,32,1
480,32,2
481,32,3
482,32,4
483,32,5
484,32,15
485,32,16
486,32,17
487,32,18
488,32,19
489,32,20
490,32,21
491,32,22
492,32,23
493,33,0
494,33,1
495,33,2
496,33,3
497,33,4
498,33,5
499,33,15
500,33,16
501,33,17
502,33,18
503,33,19
504,33,20
505,33,21
506,33,22
507,33,23
508,34,0
509,34,1
510,34,2
511,34,3
512,34,4
513,34,5
514,34,15
515,34,16
516,34,17
517,34,18
518,34,19
519,34,20
520,34,21
521,34,22
522,34,23
523,35,0
524,35,1
525,35,2
526,35,3
527,35,4
528,35,5
529,35,15
530,35,16
531,35,17
532,35,18
533,35,19
534,35,20
535,35,21
536,35,22
537,35,23
538,36,0
539,36,1
540,36,2
541,36,3
542,36,4
543,36,5
544,36,15
545,36,16
546,36,17
547,36,18
548,36,19
549,36,20
550,36,21
551,36,22
552,36,23
553,37,0
554,37,1
555,37,2
556,37,3
557,37,4
558,37,5
559,37,15
560,37,16
561,37,17
562,37,18
563,37,19
564,37,20
565,37,21
566,37,22
567,37,23
568,38,0
569,38,1
570,38,2
571,38,3
572,38,4
573,38,5
574,38,15
575,38,16
576,38,17
577,38,18
578,38,19
579,38,20
580,38,21
581,38,22
582,38,23
583,39,0
584,39,1
585,39,2
586,39,3
587,39,4
588,39,5
589,39,15
590,39,16
591,39,17
592,39,18
593,39,19
594,39,20
595,39,21
596,39,22
597,39,23
598,40,0
599,40,1
600,40,2
601,40,3
602,40,4
603,40,5
604,40,15
605,40,16
606,40,17
607,40,18
608,40,19
609,40,20
610,40,21
611,40,22
612,40,23
613,41,0
614,41,1
615,41,2
616,41,3
617,41,4
618,41,5
619,41,15
620,41,16
621,41,17
622,41,18
623,41,19
624,41,20
625,41,21
626,41,22
627,41,23
628,42,0
629,42,1
630,42,2
631,42,3
632,42,4
633,42,5
634,42,15
635,42,16
636,42,17
637,42,18
638,42,19
639,42,20
640,42,21
641,42,22
642,42,23
643,43,0
644,43,1
645,43,2
646,43,3
647,43,4
648,43,5
649,43,15
650,43,16
651,43,17
652,43,18
653,43,19
654,43,20
655,43,21
656,43,22
657,43,23
658,44,0
659,44,1
660,44,2
661,44,3
662,44,4
663,44,5
664,44,15
665,44,16
666,44,17
667,44,18
668,44,19
669,44,20
670,44,21
671,44,22
672,44,23
673,45,0
674,45,1
675,45,2
676,45,3
677,45,4
678,45,5
679,45,15
680,45,16
681,45,17
682,45,18
683,45,19
684,45,20
685,45,21
686,45,22
687,45,23
688,46,0
689,46,1
690,46,2
691,46,3
692,46,4
693,46,5
694,46,15
695,46,16
696,46,17
697,46,18
698,46,19
699,46,20
700,46,21
701,46,22
702,46,23
703,47,0
704,47,1
705,47,2
706,47,3
707,47,4
708,47,5
709,47,15
710,47,16
711,47,17
712,47,18
713,47,19
714,47,20
715,47,21
716,47,22
717,47,23
718,48,0
719,48,1
720,48,2
721,48,3
722,48,4
723,48,5
724,48,15
725,48,16
726,48,17
727,48,18
728,48,19
729,48,20
730,48,21
731,48,22
732,48,23
733,49,0
734,49,1
735,49,2
736,49,3
737,49,4
738,49,5
739,49,15
740,49,16
741,49,17
742,49,18
743,49,19
744,49,20
745,49,21
746,49,22
747,49,23
748,50,0
749,50,1
750,50,2
751,50,3
752,50,4
753,50,5
754,50,15
755,50,16
756,50,17
757,50,18
758,50,19
759,50,20
760,50,21
761,50,22
762,50,23
763,51,0
764,51,1
765,51,2
766,51,3
767,51,4
768,51,5
769,51,15
770,51,16
771,51,17
772,51,18
773,51,19
774,51,20
775,51,21
776,51,22
777,51,23
778,52,0
779,52,1
780,52,2
781,52,3
782,52,4
783,52,5
784,52,16
785,52,17
786,52,18
787,52,19
788,52,20
789,52,21
790,52,22
791,52,23
792,53,0
793,53,1
794,53,2
795,53,3
796,53,4
797,53,5
798,53,15
799,53,16
800,53,17
801,53,18
802,53,19
803,53,20
804,53,21
805,53,22
806,53,23
807,54,0
808,54,1
809,54,2
810,54,3
811,54,4
812,54,5
813,54,15
814,54,16
815,54,17
816,54,18
817,54,19
818,54,20
819,54,21
820,54,22
821,54,23
822,55,0
823,55,1
824,55,2
825,55,3
826,55,4
827,55,5
828,55,15
829,55,16
830,55,17
831,55,18
832,55,19
833,55,20
834,55,21
835,55,22
836,55,23
837,56,0
838,56,1
839,56,2
840,56,3
841,56,4
842,56,5
843,56,16
844,56,17
845,56,18
846,56,19
847,56,20
848,56,21
849,56,22
850,56,23
851,57,0
852,57,1
853,57,2
854,57,3
855,57,4
856,57,5
857,57,16
858,57,17
859,57,18
860,57,19
861,57,20
862,57,21
863,57,22
864,57,23
865,58,0
866,58,1
867,58,2
868,58,3
869,58,4
870,58,5
871,58,16
872,58,17
873,58,18
874,58,19
875,58,20
876,58,21
877,58,22
878,58,23
879,59,0
880,59,1
881,59,2
882,59,3
883,59,4
884,59,5
885,59,16
886,59,17
887,59,18
888,59,19
889,59,20
890,59,21
891,59,22
892,59,23
893,60,0
894,60,1
895,60,2
896,60,3
897,60,4
898,60,5
899,60,16
900,60,17
901,60,18
902,60,19
903,60,20
904,60,21
905,60,22
906,60,23
907,61,0
908,61,1
909,61,2
910,61,3
911,61,4
912,61,5
913,61,16
914,61,17
915,61,18
916,61,19
917,61,20
918,61,21
919,61,22
920,61,23
921,62,0
922,62,1
923,62,2
924,62,3
925,62,4
926,62,5
927,62,16
928,62,17
929,62,18
930,62,19
931,62,20
932,62,21
933,62,22
934,62,23
935,63,0
936,63,1
937,63,2
938,63,3
939,63,4
940,63,5
941,63,16
942,63,17
943,63,18
944,63,19
945,63,20
946,63,21
947,63,22
948,63,23
949,64,0
950,64,1
951,64,2
952,64,3
953,64,4
954,64,5
955,64,16
956,64,17
957,64,18
958,64,19
959,64,20
960,64,21
961,64,22
962,64,23
963,65,0
964,65,1
965,65,2
966,65,3
967,65,4
968,65,5
969,65,16
970,65,17
971,65,18
972,65,19
973,65,20
974,65,21
975,65,22
976,65,23
977,66,0
978,66,1
979,66,2
980,66,3
981,66,4
982,66,5
983,66,16
984,66,17
985,66,18
986,66,19
987,66,20
988,66,21
989,66,22
990,66,23
991,67,0
992,67,1
993,67,2
994,67,3
995,67,4
996,67,5
997,67,16
998,67,17
999,67,18
1000,67,19
1001,67,20
1002,67,21
1003,67,22
1004,67,23
1005,68,0
1006,68,1
1007,68,2
1008,68,3
1009,68,4
1010,68,5
1011,68,16
1012,68,17
1013,68,18
1014,68,19
1015,68,20
1016,68,21
1017,68,22
1018,68,23
1019,69,0
1020,69,1
1021,69,2
1022,69,3
1023,69,4
1024,69,5
1025,69,16
1026,69,17
1027,69,18
1028,69,19
1029,69,20
1030,69,21
1031,69,22
1032,69,23
1033,70,0
1034,70,1
1035,70,2
1036,70,3
1037,70,4
1038,70,5
1039,70,16
1040,70,17
1041,70,18
1042,70,19
1043,70,20
1044,70,21
1045,70,22
1046,70,23
1047,71,0
1048,71,1
1049,71,2
1050,71,3
1051,71,4
1052,71,5
1053,71,16
1054,71,17
1055,71,18
1056,71,19
1057,71,20
1058,71,21
1059,71,22
1060,71,23
1061,72,0
1062,72,1
1063,72,2
1064,72,3
1065,72,4
1066,72,5
1067,72,16
1068,72,17
1069,72,18
1070,72,19
1071,72,20
1072,72,21
1073,72,22
1074,72,23
1075,73,0
1076,73,1
1077,73,2
1078,73,3
1079,73,4
1080,73,5
1081,73,16
1082,73,17
1083,73,18
1084,73,19
1085,73,20
1086,73,21
1087,73,22
1088,73,23
1089,74,0
1090,74,1
1091,74,2
1092,74,3
1093,74,4
1094,74,5
1095,74,16
1096,74,17
1097,74,18
1098,74,19
1099,74,20
1100,74,21
1101,74,22
1102,74,23
1103,75,0
1104,75,1
1105,75,2
1106,75,3
1107,75,4
1108,75,5
1109,75,16
1110,75,17
1111,75,18
1112,75,19
1113,75,20
1114,75,21
1115,75,22
1116,75,23
1117,76,0
1118,76,1
1119,76,2
1120,76,3
1121,76,4
1122,76,5
1123,76,16
1124,76,17
1125,76,18
1126,76,19
1127,76,20
1128,76,21
1129,76,22
1130,76,23
1131,77,0
1132,77,1
1133,77,2
1134,77,3
1135,77,4
1136,77,16
1137,77,17
1138,77,18
1139,77,19
1140,77,20
1141,77,21
1142,77,22
1143,77,23
1144,78,0
1145,78,1
1146,78,2
1147,78,3
1148,78,4
1149,78,16
1150,78,17
1151,78,18
1152,78,19
1153,78,20
1154,78,21
1155,78,22
1156,78,23
1157,79,0
1158,79,1
1159,79,2
1160,79,3
1161,79,4
1162,79,16
1163,79,17
1164,79,18
1165,79,19
1166,79,20
1167,79,21
1168,79,22
1169,79,23
1170,80,0
1171,80,1
1172,80,2
1173,80,3
1174,80,4
1175,80,16
1176,80,17
1177,80,18
1178,80,19
1179,80,20
1180,80,21
1181,80,22
1182,80,23
1183,81,0
1184,81,1
1185,81,2
1186,81,3
1187,81,4
1188,81,16
1189,81,17
1190,81,18
1191,81,19
1192,81,20
1193,81,21
1194,81,22
1195,81,23
1196,82,0
1197,82,1
1198,82,2
1199,82,3
1200,82,4
1201,82,16
1202,82,17
1203,82,18
1204,82,19
1205,82,20
1206,82,21
1207,82,22
1208,82,23
1209,83,0
1210,83,1
1211,83,2
1212,83,3
1213,83,4
1214,83,16
1215,83,17
1216,83,18
1217,83,19
1218,83,20
1219,83,21
1220,83,22
1221,83,23
1222,84,0
1223,84,1
1224,84,2
1225,84,3
1226,84,4
1227,84,16
1228,84,17
1229,84,18
1230,84,19
1231,84,20
1232,84,21
1233,84,22
1234,84,23
1235,85,0
1236,85,1
1237,85,2
1238,85,3
1239,85,4
1240,85,16
1241,85,17
1242,85,18
1243,85,19
1244,85,20
1245,85,21
1246,85,22
1247,85,23
1248,86,0
1249,86,1
1250,86,2
1251,86,3
1252,86,4
1253,86,16
1254,86,17
1255,86,18
1256,86,19
1257,86,20
1258,86,21
1259,86,22
1260,86,23
1261,87,0
1262,87,1
1263,87,2
1264,87,3
1265,87,4
1266,87,16
1267,87,17
1268,87,18
1269,87,19
1270,87,20
1271,87,21
1272,87,22
1273,87,23
1274,88,0
1275,88,1
1276,88,2
1277,88,3
1278,88,4
1279,88,16
1280,88,17
1281,88,18
1282,88,19
1283,88,20
1284,88,21
1285,88,22
1286,88,23
1287,89,0
1288,89,1
1289,89,2
1290,89,3
1291,89,4
1292,89,16
1293,89,17
1294,89,18
1295,89,19
1296,89,20
1297,89,21
1298,89,22
1299,89,23
1300,90,0
1301,90,1
1302,90,2
1303,90,3
1304,90,4
1305,90,16
1306,90,17
1307,90,18
1308,90,19
1309,90,20
1310,90,21
1311,90,22
1312,90,23
1313,91,0
1314,91,1
1315,91,2
1316,91,3
1317,91,4
1318,91,16
1319,91,17
1320,91,18
1321,91,19
1322,91,20
1323,91,21
1324,91,22
1325,91,23
1326,92,0
1327,92,1
1328,92,2
1329,92,3
1330,92,4
1331,92,16
1332,92,17
1333,92,18
1334,92,19
1335,92,20
1336,92,21
1337,92,22
1338,92,23
1339,93,0
1340,93,1
1341,93,2
1342,93,3
1343,93,4
1344,93,16
1345,93,17
1346,93,18
1347,93,19
1348,93,20
1349,93,21
1350,93,22
1351,93,23
1352,94,0
1353,94,1
1354,94,2
1355,94,3
1356,94,4
1357,94,16
1358,94,17
1359,94,18
1360,94,19
1361,94,20
1362,94,21
1363,94,22
1364,94,23
1365,95,0
1366,95,1
1367,95,2
1368,95,3
1369,95,4
1370,95,16
1371,95,17
1372,95,18
1373,95,19
1374,95,20
1375,95,21
1376,95,22
1377,95,23
1378,96,0
1379,96,1
1380,96,2
1381,96,3
1382,96,4
1383,96,16
1384,96,17
1385,96,18
1386,96,19
1387,96,20
1388,96,21
1389,96,22
1390,96,23
1391,97,0
1392,97,1
1393,97,2
1394,97,3
1395,97,4
1396,97,16
1397,97,17
1398,97,18
1399,97,19
1400,97,20
1401,97,21
1402,97,22
1403,97,23
1404,98,0
1405,98,1
1406,98,2
1407,98,3
1408,98,4
1409,98,16
1410,98,17
1411,98,18
1412,98,19
1413,98,20
1414,98,21
1415,98,22
1416,98,23
1417,99,0
1418,99,1
1419,99,2
1420,99,3
1421,99,4
1422,99,16
1423,99,17
1424,99,18
1425,99,19
1426,99,20
1427,99,21
1428,99,22
1429,99,23
1430,100,0
1431,100,1
1432,100,2
1433,100,3
1434,100,4
1435,100,16
1436,100,17
1437,100,18
1438,100,19
1439,100,20
1440,100,21
1441,100,22
1442,100,23
1443,101,0
1444,101,1
1445,101,2
1446,101,3
1447,101,4
1448,101,16
1449,101,17
1450,101,18
1451,101,19
1452,101,20
1453,101,21
1454,101,22
1455,101,23
1456,102,0
1457,102,1
1458,102,2
1459,102,3
1460,102,4
1461,102,16
1462,102,17
1463,102,18
1464,102,19
1465,102,20
1466,102,21
1467,102,22
1468,102,23
1469,103,0
1470,103,1
1471,103,2
1472,103,3
1473,103,4
1474,103,16
1475,103,17
1476,103,18
1477,103,19
1478,103,20
1479,103,21
1480,103,22
1481,103,23
1482,104,0
1483,104,1
1484,104,2
1485,104,3
1486,104,4
1487,104,16
1488,104,17
1489,104,18
1490,104,19
1491,104,20
1492,104,21
1493,104,22
1494,104,23
1495,105,0
1496,105,1
1497,105,2
1498,105,3
1499,105,4
1500,105,16
1501,105,17
1502,105,18
1503,105,19
1504,105,20
1505,105,21
1506,105,22
1507,105,23
1508,106,0
1509,106,1
1510,106,2
1511,106,3
1512,106,4
1513,106,17
1514,106,18
1515,106,19
1516,106,20
1517,106,21
1518,106,22
1519,106,23
1520,107,0
1521,107,1
1522,107,2
1523,107,3
1524,107,4
1525,107,16
1526,107,17
1527,107,18
1528,107,19
1529,107,20
1530,107,21
1531,107,22
1532,107,23
1533,108,0
1534,108,1
1535,108,2
1536,108,3
1537,108,4
1538,108,16
1539,108,17
1540,108,18
1541,108,19
1542,108,20
1543,108,21
1544,108,22
1545,108,23
1546,109,0
1547,109,1
1548,109,2
1549,109,3
1550,109,4
1551,109,17
1552,109,18
1553,109,19
1554,109,20
1555,109,21
1556,109,22
1557,109,23
1558,110,0
1559,110,1
1560,110,2
1561,110,3
1562,110,4
1563,110,17
1564,110,18
1565,110,19
1566,110,20
1567,110,21
1568,110,22
1569,110,23
1570,111,0
1571,111,1
1572,111,2
1573,111,3
1574,111,4
1575,111,17
1576,111,18
1577,111,19
1578,111,20
1579,111,21
1580,111,22
1581,111,23
1582,112,0
1583,112,1
1584,112,2
1585,112,3
1586,112,4
1587,112,17
1588,112,18
1589,112,19
1590,112,20
1591,112,21
1592,112,22
1593,112,23
1594,113,0
1595,113,1
1596,113,2
1597,113,3
1598,113,4
1599,113,17
1600,113,18
1601,113,19
1602,113,20
1603,113,21
1604,113,22
1605,113,23
1606,114,0
1607,114,1
1608,114,2
1609,114,3
1610,114,4
1611,114,17
1612,114,18
1613,114,19
1614,114,20
1615,114,21
1616,114,22
1617,114,23
1618,115,0
1619,115,1
1620,115,2
1621,115,3
1622,115,4
1623,115,17
1624,115,18
1625,115,19
1626,115,20
1627,115,21
1628,115,22
1629,115,23
1630,116,0
1631,116,1
1632,116,2
1633,116,3
1634,116,4
1635,116,17
1636,116,18
1637,116,19
1638,116,20
1639,116,21
1640,116,22
1641,116,23
1642,117,0
1643,117,1
1644,117,2
1645,117,3
1646,117,4
1647,117,17
1648,117,18
1649,117,19
1650,117,20
1651,117,21
1652,117,22
1653,117,23
1654,118,0
1655,118,1
1656,118,2
1657,118,3
1658,118,4
1659,118,17
1660,118,18
1661,118,19
1662,118,20
1663,118,21
1664,118,22
1665,118,23
1666,119,0
1667,119,1
1668,119,2
1669,119,3
1670,119,4
1671,119,17
1672,119,18
1673,119,19
1674,119,20
1675,119,21
1676,119,22
1677,119,23
1678,120,0
1679,120,1
1680,120,2
1681,120,3
1682,120,4
1683,120,17
1684,120,18
1685,120,19
1686,120,20
1687,120,21
1688,120,22
1689,120,23
1690,121,0
1691,121,1
1692,121,2
1693,121,3
1694,121,4
1695,121,17
1696,121,18
1697,121,19
1698,121,20
1699,121,21
1700,121,22
1701,121,23
1702,122,0
1703,122,1
1704,122,2
1705,122,3
1706,122,4
1707,122,17
1708,122,18
1709,122,19
1710,122,20
1711,122,21
1712,122,22
1713,122,23
1714,123,0
1715,123,1
1716,123,2
1717,123,3
1718,123,4
1719,123,17
1720,123,18
1721,123,19
1722,123,20
1723,123,21
1724,123,22
1725,123,23
1726,124,0
1727,124,1
1728,124,2
1729,124,3
1730,124,4
1731,124,17
1732,124,18
1733,124,19
1734,124,20
1735,124,21
1736,124,22
1737,124,23
1738,125,0
1739,125,1
1740,125,2
1741,125,3
1742,125,4
1743,125,17
1744,125,18
1745,125,19
1746,125,20
1747,125,21
1748,125,22
1749,125,23
1750,126,0
1751,126,1
1752,126,2
1753,126,3
1754,126,4
1755,126,17
1756,126,18
1757,126,19
1758,126,20
1759,126,21
1760,126,22
1761,126,23
1762,127,0
1763,127,1
1764,127,2
1765,127,3
1766,127,4
1767,127,17
1768,127,18
1769,127,19
1770,127,20
1771,127,21
1772,127,22
1773,127,23
1774,128,0
1775,128,1
1776,128,2
1777,128,3
1778,128,4
1779,128,17
1780,128,18
1781,128,19
1782,128,20
1783,128,21
1784,128,22
1785,128,23
1786,129,0
1787,129,1
1788,129,2
1789,129,3
1790,129,4
1791,129,17
1792,129,18
1793,129,19
1794,129,20
1795,129,21
1796,129,22
1797,129,23
1798,130,0
1799,130,1
1800,130,2
1801,130,3
1802,130,4
1803,130,17
1804,130,18
1805,130,19
1806,130,20
1807,130,21
1808,130,22
1809,130,23
1810,131,0
1811,131,1
1812,131,2
1813,131,3
1814,131,4
1815,131,17
1816,131,18
1817,131,19
1818,131,20
1819,131,21
1820,131,22
1821,131,23
1822,132,0
1823,132,1
1824,132,2
1825,132,3
1826,132,4
1827,132,17
1828,132,18
1829,132,19
1830,132,20
1831,132,21
1832,132,22
1833,132,23
1834,133,0
1835,133,1
1836,133,2
1837,133,3
1838,133,4
1839,133,17
1840,133,18
1841,133,19
1842,133,20
1843,133,21
1844,133,22
1845,133,23
1846,134,0
1847,134,1
1848,134,2
1849,134,3
1850,134,4
1851,134,17
1852,134,18
1853,134,19
1854,134,20
1855,134,21
1856,134,22
1857,134,23
1858,135,0
1859,135,1
1860,135,2
1861,135,3
1862,135,4
1863,135,17
1864,135,18
1865,135,19
1866,135,20
1867,135,21
1868,135,22
1869,135,23
1870,136,0
1871,136,1
1872,136,2
1873,136,3
1874,136,4
1875,136,17
1876,136,18
1877,136,19
1878,136,20
1879,136,21
1880,136,22
1881,136,23
1882,137,0
1883,137,1
1884,137,2
1885,137,3
1886,137,4
1887,137,17
1888,137,18
1889,137,19
1890,137,20
1891,137,21
1892,137,22
1893,137,23
1894,138,0
1895,138,1
1896,138,2
1897,138,3
1898,138,4
1899,138,17
1900,138,18
1901,138,19
1902,138,20
1903,138,21
1904,138,22
1905,138,23
1906,139,0
1907,139,1
1908,139,2
1909,139,3
1910,139,4
1911,139,17
1912,139,18
1913,139,19
1914,139,20
1915,139,21
1916,139,22
1917,139,23
1918,140,0
1919,140,1
1920,140,2
1921,140,3
1922,140,4
1923,140,17
1924,140,18
1925,140,19
1926,140,20
1927,140,21
1928,140,22
1929,140,23
1930,141,0
1931,141,1
1932,141,2
1933,141,3
1934,141,4
1935,141,17
1936,141,18
1937,141,19
1938,141,20
1939,141,21
1940,141,22
1941,141,23
1942,142,0
1943,142,1
1944,142,2
1945,142,3
1946,142,4
1947,142,17
1948,142,18
1949,142,19
1950,142,20
1951,142,21
1952,142,22
1953,142,23
1954,143,0
1955,143,1
1956,143,2
1957,143,3
1958,143,4
1959,143,17
1960,143,18
1961,143,19
1962,143,20
1963,143,21
1964,143,22
1965,143,23
1966,144,0
1967,144,1
1968,144,2
1969,144,3
1970,144,4
1971,144,17
1972,144,18
1973,144,19
1974,144,20
1975,144,21
1976,144,22
1977,144,23
1978,145,0
1979,145,1
1980,145,2
1981,145,3
1982,145,4
1983,145,17
1984,145,18
1985,145,19
1986,145,20
1987,145,21
1988,145,22
1989,145,23
1990,146,0
1991,146,1
1992,146,2
1993,146,3
1994,146,4
1995,146,17
1996,146,18
1997,146,19
1998,146,20
1999,146,21
2000,146,22
2001,146,23
2002,147,0
2003,147,1
2004,147,2
2005,147,3
2006,147,4
2007,147,17
2008,147,18
2009,147,19
2010,147,20
2011,147,21
2012,147,22
2013,147,23
2014,148,0
2015,148,1
2016,148,2
2017,148,3
2018,148,4
2019,148,17
2020,148,18
2021,148,19
2022,148,20
2023,148,21
2024,148,22
2025,148,23
2026,149,0
2027,149,1
2028,149,2
2029,149,3
2030,149,4
2031,149,17
2032,149,18
2033,149,19
2034,149,20
2035,149,21
2036,149,22
2037,149,23
2038,150,0
2039,150,1
2040,150,2
2041,150,3
2042,150,4
2043,150,17
2044,150,18
2045,150,19
2046,150,20
2047,150,21
2048,150,22
2049,150,23
2050,151,0
2051,151,1
2052,151,2
2053,151,3
2054,151,17
2055,151,18
2056,151,19
2057,151,20
2058,151,21
2059,151,22
2060,151,23
2061,152,0
2062,152,1
2063,152,2
2064,152,3
2065,152,17
2066,152,18
2067,152,19
2068,152,20
2069,152,21
2070,152,22
2071,152,23
2072,153,0
2073,153,1
2074,153,2
2075,153,3
2076,153,17
2077,153,18
2078,153,19
2079,153,20
2080,153,21
2081,153,22
2082,153,23
2083,154,0
2084,154,1
2085,154,2
2086,154,3
2087,154,4
2088,154,17
2089,154,18
2090,154,19
2091,154,20
2092,154,21
2093,154,22
2094,154,23
2095,155,0
2096,155,1
2097,155,2
2098,155,3
2099,155,17
2100,155,18
2101,155,19
2102,155,20
2103,155,21
2104,155,22
2105,155,23
2106,156,0
2107,156,1
2108,156,2
2109,156,3
2110,156,17
2111,156,18
2112,156,19
2113,156,20
2114,156,21
2115,156,22
2116,156,23
2117,157,0
2118,157,1
2119,157,2
2120,157,3
2121,157,4
2122,157,17
2123,157,18
2124,157,19
2125,157,20
2126,157,21
2127,157,22
2128,157,23
2129,158,0
2130,158,1
2131,158,2
2132,158,3
2133,158,17
2134,158,18
2135,158,19
2136,158,20
2137,158,21
2138,158,22
2139,158,23
2140,159,0
2141,159,1
2142,159,2
2143,159,3
2144,159,17
2145,159,18
2146,159,19
2147,159,20
2148,159,21
2149,159,22
2150,159,23
2151,160,0
2152,160,1
2153,160,2
2154,160,3
2155,160,17
2156,160,18
2157,160,19
2158,160,20
2159,160,21
2160,160,22
2161,160,23
2162,161,0
2163,161,1
2164,161,2
2165,161,3
2166,161,17
2167,161,18
2168,161,19
2169,161,20
2170,161,21
2171,161,22
2172,161,23
2173,162,0
2174,162,1
2175,162,2
2176,162,3
2177,162,17
2178,162,18
2179,162,19
2180,162,20
2181,162,21
2182,162,22
2183,162,23
2184,163,0
2185,163,1
2186,163,2
2187,163,3
2188,163,17
2189,163,18
2190,163,19
2191,163,20
2192,163,21
2193,163,22
2194,163,23
2195,164,0
2196,164,1
2197,164,2
2198,164,3
2199,164,17
2200,164,18
2201,164,19
2202,164,20
2203,164,21
2204,164,22
2205,164,23
2206,165,0
2207,165,1
2208,165,2
2209,165,3
2210,165,17
2211,165,18
2212,165,19
2213,165,20
2214,165,21
2215,165,22
2216,165,23
2217,166,0
2218,166,1
2219,166,2
2220,166,3
2221,166,17
2222,166,18
2223,166,19
2224,166,20
2225,166,21
2226,166,22
2227,166,23
2228,167,0
2229,167,1
2230,167,2
2231,167,3
2232,167,17
2233,167,18
2234,167,19
2235,167,20
2236,167,21
2237,167,22
2238,167,23
2239,168,0
2240,168,1
2241,168,2
2242,168,3
2243,168,17
2244,168,18
2245,168,19
2246,168,20
2247,168,21
2248,168,22
2249,168,23
2250,169,0
2251,169,1
2252,169,2
2253,169,3
2254,169,17
2255,169,18
2256,169,19
2257,169,20
2258,169,21
2259,169,22
2260,169,23
2261,170,0
2262,170,1
2263,170,2
2264,170,3
2265,170,17
2266,170,18
2267,170,19
2268,170,20
2269,170,21
2270,170,22
2271,170,23
2272,171,0
2273,171,1
2274,171,2
2275,171,3
2276,171,17
2277,171,18
2278,171,19
2279,171,20
2280,171,21
2281,171,22
2282,171,23
2283,172,0
2284,172,1
2285,172,2
2286,172,3
2287,172,17
2288,172,18
2289,172,19
2290,172,20
2291,172,21
2292,172,22
2293,172,23
2294,173,0
2295,173,1
2296,173,2
2297,173,3
2298,173,17
2299,173,18
2300,173,19
2301,173,20
2302,173,21
2303,173,22
2304,173,23
2305,174,0
2306,174,1
2307,174,2
2308,174,3
2309,174,17
2310,174,18
2311,174,19
2312,174,20
2313,174,21
2314,174,22
2315,174,23
2316,175,0
2317,175,1
2318,175,2
2319,175,3
2320,175,17
2321,175,18
2322,175,19
2323,175,20
2324,175,21
2325,175,22
2326,175,23
2327,176,0
2328,176,1
2329,176,2
2330,176,3
2331,176,17
2332,176,18
2333,176,19
2334,176,20
2335,176,21
2336,176,22
2337,176,23
2338,177,0
2339,177,1
2340,177,2
2341,177,3
2342,177,17
2343,177,18
2344,177,19
2345,177,20
2346,177,21
2347,177,22
2348,177,23
2349,178,0
2350,178,1
2351,178,2
2352,178,3
2353,178,17
2354,178,18
2355,178,19
2356,178,20
2357,178,21
2358,178,22
2359,178,23
2360,179,0
2361,179,1
2362,179,2
2363,179,3
2364,179,17
2365,179,18
2366,179,19
2367,179,20
2368,179,21
2369,179,22
2370,179,23
2371,180,0
2372,180,1
2373,180,2
2374,180,3
2375,180,17
2376,180,18
2377,180,19
2378,180,20
2379,180,21
2380,180,22
2381,180,23
2382,181,0
2383,181,1
2384,181,2
2385,181,3
2386,181,17
2387,181,18
2388,181,19
2389,181,20
2390,181,21
2391,181,22
2392,181,23
2393,182,0
2394,182,1
2395,182,2
2396,182,3
2397,182,17
2398,182,18
2399,182,19
2400,182,20
2401,182,21
2402,182,22
2403,182,23
2404,183,0
2405,183,1
2406,183,2
2407,183,3
2408,183,17
2409,183,18
2410,183,19
2411,183,20
2412,183,21
2413,183,22
2414,183,23
2415,184,0
2416,184,1
2417,184,2
2418,184,3
2419,184,4
2420,184,17
2421,184,18
2422,184,19
2423,184,20
2424,184,21
2425,184,22
2426,184,23
2427,185,0
2428,185,1
2429,185,2
2430,185,3
2431,185,4
2432,185,17
2433,185,18
2434,185,19
2435,185,20
2436,185,21
2437,185,22
2438,185,23
2439,186,0
2440,186,1
2441,186,2
2442,186,3
2443,186,4
2444,186,17
2445,186,18
2446,186,19
2447,186,20
2448,186,21
2449,186,22
2450,186,23
2451,187,0
2452,187,1
2453,187,2
2454,187,3
2455,187,4
2456,187,17
2457,187,18
2458,187,19
2459,187,20
2460,187,21
2461,187,22
2462,187,23
2463,188,0
2464,188,1
2465,188,2
2466,188,3
2467,188,4
2468,188,17
2469,188,18
2470,188,19
2471,188,20
2472,188,21
2473,188,22
2474,188,23
2475,189,0
2476,189,1
2477,189,2
2478,189,3
2479,189,4
2480,189,17
2481,189,18
2482,189,19
2483,189,20
2484,189,21
2485,189,22
2486,189,23
2487,190,0
2488,190,1
2489,190,2
2490,190,3
2491,190,4
2492,190,17
2493,190,18
2494,190,19
2495,190,20
2496,190,21
2497,190,22
2498,190,23
2499,191,0
2500,191,1
2501,191,2
2502,191,3
2503,191,4
2504,191,17
2505,191,18
2506,191,19
2507,191,20
2508,191,21
2509,191,22
2510,191,23
2511,192,0
2512,192,1
2513,192,2
2514,192,3
2515,192,4
2516,192,17
2517,192,18
2518,192,19
2519,192,20
2520,192,21
2521,192,22
2522,192,23
2523,193,0
2524,193,1
2525,193,2
2526,193,3
2527,193,4
2528,193,17
2529,193,18
2530,193,19
2531,193,20
2532,193,21
2533,193,22
2534,193,23
2535,194,0
2536,194,1
2537,194,2
2538,194,3
2539,194,4
2540,194,17
2541,194,18
2542,194,19
2543,194,20
2544,194,21
2545,194,22
2546,194,23
2547,195,0
2548,195,1
2549,195,2
2550,195,3
2551,195,4
2552,195,17
2553,195,18
2554,195,19
2555,195,20
2556,195,21
2557,195,22
2558,195,23
2559,196,0
2560,196,1
2561,196,2
2562,196,3
2563,196,4
2564,196,17
2565,196,18
2566,196,19
2567,196,20
2568,196,21
2569,196,22
2570,196,23
2571,197,0
2572,197,1
2573,197,2
2574,197,3
2575,197,4
2576,197,17
2577,197,18
2578,197,19
2579,197,20
2580,197,21
2581,197,22
2582,197,23
2583,198,0
2584,198,1
2585,198,2
2586,198,3
2587,198,4
2588,198,17
2589,198,18
2590,198,19
2591,198,20
2592,198,21
2593,198,22
2594,198,23
2595,199,0
2596,199,1
2597,199,2
2598,199,3
2599,199,4
2600,199,17
2601,199,18
2602,199,19
2603,199,20
2604,199,21
2605,199,22
2606,199,23
2607,200,0
2608,200,1
2609,200,2
2610,200,3
2611,200,4
2612,200,17
2613,200,18
2614,200,19
2615,200,20
2616,200,21
2617,200,22
2618,200,23
2619,201,0
2620,201,1
2621,201,2
2622,201,3
2623,201,4
2624,201,17
2625,201,18
2626,201,19
2627,201,20
2628,201,21
2629,201,22
2630,201,23
2631,202,0
2632,202,1
2633,202,2
2634,202,3
2635,202,4
2636,202,17
2637,202,18
2638,202,19
2639,202,20
2640,202,21
2641,202,22
2642,202,23
2643,203,0
2644,203,1
2645,203,2
2646,203,3
2647,203,4
2648,203,17
2649,203,18
2650,203,19
2651,203,20
2652,203,21
2653,203,22
2654,203,23
2655,204,0
2656,204,1
2657,204,2
2658,204,3
2659,204,4
2660,204,17
2661,204,18
2662,204,19
2663,204,20
2664,204,21
2665,204,22
2666,204,23
2667,205,0
2668,205,1
2669,205,2
2670,205,3
2671,205,4
2672,205,17
2673,205,18
2674,205,19
2675,205,20
2676,205,21
2677,205,22
2678,205,23
2679,206,0
2680,206,1
2681,206,2
2682,206,3
2683,206,4
2684,206,17
2685,206,18
2686,206,19
2687,206,20
2688,206,21
2689,206,22
2690,206,23
2691,207,0
2692,207,1
2693,207,2
2694,207,3
2695,207,4
2696,207,17
2697,207,18
2698,207,19
2699,207,20
2700,207,21
2701,207,22
2702,207,23
2703,208,0
2704,208,1
2705,208,2
2706,208,3
2707,208,4
2708,208,17
2709,208,18
2710,208,19
2711,208,20
2712,208,21
2713,208,22
2714,208,23
2715,209,0
2716,209,1
2717,209,2
2718,209,3
2719,209,4
2720,209,17
2721,209,18
2722,209,19
2723,209,20
2724,209,21
2725,209,22
2726,209,23
2727,210,0
2728,210,1
2729,210,2
2730,210,3
2731,210,4
2732,210,17
2733,210,18
2734,210,19
2735,210,20
2736,210,21
2737,210,22
2738,210,23
2739,211,0
2740,211,1
2741,211,2
2742,211,3
2743,211,4
2744,211,17
2745,211,18
2746,211,19
2747,211,20
2748,211,21
2749,211,22
2750,211,23
2751,212,0
2752,212,1
2753,212,2
2754,212,3
2755,212,4
2756,212,17
2757,212,18
2758,212,19
2759,212,20
2760,212,21
2761,212,22
2762,212,23
2763,213,0
2764,213,1
2765,213,2
2766,213,3
2767,213,4
2768,213,17
2769,213,18
2770,213,19
2771,213,20
2772,213,21
2773,213,22
2774,213,23
2775,214,0
2776,214,1
2777,214,2
2778,214,3
2779,214,4
2780,214,17
2781,214,18
2782,214,19
2783,214,20
2784,214,21
2785,214,22
2786,214,23
2787,215,0
2788,215,1
2789,215,2
2790,215,3
2791,215,4
2792,215,17
2793,215,18
2794,215,19
2795,215,20
2796,215,21
2797,215,22
2798,215,23
2799,216,0
2800,216,1
2801,216,2
2802,216,3
2803,216,4
2804,216,17
2805,216,18
2806,216,19
2807,216,20
2808,216,21
2809,216,22
2810,216,23
2811,217,0
2812,217,1
2813,217,2
2814,217,3
2815,217,4
2816,217,17
2817,217,18
2818,217,19
2819,217,20
2820,217,21
2821,217,22
2822,217,23
2823,218,0
2824,218,1
2825,218,2
2826,218,3
2827,218,4
2828,218,17
2829,218,18
2830,218,19
2831,218,20
2832,218,21
2833,218,22
2834,218,23
2835,219,0
2836,219,1
2837,219,2
2838,219,3
2839,219,4
2840,219,17
2841,219,18
2842,219,19
2843,219,20
2844,219,21
2845,219,22
2846,219,23
2847,220,0
2848,220,1
2849,220,2
2850,220,3
2851,220,4
2852,220,17
2853,220,18
2854,220,19
2855,220,20
2856,220,21
2857,220,22
2858,220,23
2859,221,0
2860,221,1
2861,221,2
2862,221,3
2863,221,4
2864,221,17
2865,221,18
2866,221,19
2867,221,20
2868,221,21
2869,221,22
2870,221,23
2871,222,0
2872,222,1
2873,222,2
2874,222,3
2875,222,4
2876,222,17
2877,222,18
2878,222,19
2879,222,20
2880,222,21
2881,222,22
2882,222,23
2883,223,0
2884,223,1
2885,223,2
2886,223,3
2887,223,4
2888,223,17
2889,223,18
2890,223,19
2891,223,20
2892,223,21
2893,223,22
2894,223,23
2895,224,0
2896,224,1
2897,224,2
2898,224,3
2899,224,4
2900,224,17
2901,224,18
2902,224,19
2903,224,20
2904,224,21
2905,224,22
2906,224,23
2907,225,0
2908,225,1
2909,225,2
2910,225,3
2911,225,4
2912,225,17
2913,225,18
2914,225,19
2915,225,20
2916,225,21
2917,225,22
2918,225,23
2919,226,0
2920,226,1
2921,226,2
2922,226,3
2923,226,4
2924,226,17
2925,226,18
2926,226,19
2927,226,20
2928,226,21
2929,226,22
2930,226,23
2931,227,0
2932,227,1
2933,227,2
2934,227,3
2935,227,4
2936,227,17
2937,227,18
2938,227,19
2939,227,20
2940,227,21
2941,227,22
2942,227,23
2943,228,0
2944,228,1
2945,228,2
2946,228,3
2947,228,4
2948,228,17
2949,228,18
2950,228,19
2951,228,20
2952,228,21
2953,228,22
2954,228,23
2955,229,0
2956,229,1
2957,229,2
2958,229,3
2959,229,4
2960,229,17
2961,229,18
2962,229,19
2963,229,20
2964,229,21
2965,229,22
2966,229,23
2967,230,0
2968,230,1
2969,230,2
2970,230,3
2971,230,4
2972,230,17
2973,230,18
2974,230,19
2975,230,20
2976,230,21
2977,230,22
2978,230,23
2979,231,0
2980,231,1
2981,231,2
2982,231,3
2983,231,4
2984,231,17
2985,231,18
2986,231,19
2987,231,20
2988,231,21
2989,231,22
2990,231,23
2991,232,0
2992,232,1
2993,232,2
2994,232,3
2995,232,4
2996,232,17
2997,232,18
2998,232,19
2999,232,20
3000,232,21
3001,232,22
3002,232,23
3003,233,0
3004,233,1
3005,233,2
3006,233,3
3007,233,4
3008,233,17
3009,233,18
3010,233,19
3011,233,20
3012,233,21
3013,233,22
3014,233,23
3015,234,0
3016,234,1
3017,234,2
3018,234,3
3019,234,4
3020,234,17
3021,234,18
3022,234,19
3023,234,20
3024,234,21
3025,234,22
3026,234,23
3027,235,0
3028,235,1
3029,235,2
3030,235,3
3031,235,4
3032,235,17
3033,235,18
3034,235,19
3035,235,20
3036,235,21
3037,235,22
3038,235,23
3039,236,0
3040,236,1
3041,236,2
3042,236,3
3043,236,4
3044,236,17
3045,236,18
3046,236,19
3047,236,20
3048,236,21
3049,236,22
3050,236,23
3051,237,0
3052,237,1
3053,237,2
3054,237,3
3055,237,4
3056,237,17
3057,237,18
3058,237,19
3059,237,20
3060,237,21
3061,237,22
3062,237,23
3063,238,0
3064,238,1
3065,238,2
3066,238,3
3067,238,4
3068,238,17
3069,238,18
3070,238,19
3071,238,20
3072,238,21
3073,238,22
3074,238,23
3075,239,0
3076,239,1
3077,239,2
3078,239,3
3079,239,4
3080,239,17
3081,239,18
3082,239,19
3083,239,20
3084,239,21
3085,239,22
3086,239,23
3087,240,0
3088,240,1
3089,240,2
3090,240,3
3091,240,4
3092,240,17
3093,240,18
3094,240,19
3095,240,20
3096,240,21
3097,240,22
3098,240,23
3099,241,0
3100,241,1
3101,241,2
3102,241,3
3103,241,4
3104,241,17
3105,241,18
3106,241,19
3107,241,20
3108,241,21
3109,241,22
3110,241,23
3111,242,0
3112,242,1
3113,242,2
3114,242,3
3115,242,4
3116,242,17
3117,242,18
3118,242,19
3119,242,20
3120,242,21
3121,242,22
3122,242,23
3123,243,0
3124,243,1
3125,243,2
3126,243,3
3127,243,4
3128,243,17
3129,243,18
3130,243,19
3131,243,20
3132,243,21
3133,243,22
3134,243,23
3135,244,0
3136,244,1
3137,244,2
3138,244,3
3139,244,4
3140,244,16
3141,244,17
3142,244,18
3143,244,19
3144,244,20
3145,244,21
3146,244,22
3147,244,23
3148,245,0
3149,245,1
3150,245,2
3151,245,3
3152,245,4
3153,245,16
3154,245,17
3155,245,18
3156,245,19
3157,245,20
3158,245,21
3159,245,22
3160,245,23
3161,246,0
3162,246,1
3163,246,2
3164,246,3
3165,246,4
3166,246,16
3167,246,17
3168,246,18
3169,246,19
3170,246,20
3171,246,21
3172,246,22
3173,246,23
3174,247,0
3175,247,1
3176,247,2
3177,247,3
3178,247,4
3179,247,16
3180,247,17
3181,247,18
3182,247,19
3183,247,20
3184,247,21
3185,247,22
3186,247,23
3187,248,0
3188,248,1
3189,248,2
3190,248,3
3191,248,4
3192,248,16
3193,248,17
3194,248,18
3195,248,19
3196,248,20
3197,248,21
3198,248,22
3199,248,23
3200,249,0
3201,249,1
3202,249,2
3203,249,3
3204,249,4
3205,249,16
3206,249,17
3207,249,18
3208,249,19
3209,249,20
3210,249,21
3211,249,22
3212,249,23
3213,250,0
3214,250,1
3215,250,2
3216,250,3
3217,250,4
3218,250,16
3219,250,17
3220,250,18
3221,250,19
3222,250,20
3223,250,21
3224,250,22
3225,250,23
3226,251,0
3227,251,1
3228,251,2
3229,251,3
3230,251,4
3231,251,16
3232,251,17
3233,251,18
3234,251,19
3235,251,20
3236,251,21
3237,251,22
3238,251,23
3239,252,0
3240,252,1
3241,252,2
3242,252,3
3243,252,4
3244,252,16
3245,252,17
3246,252,18
3247,252,19
3248,252,20
3249,252,21
3250,252,22
3251,252,23
3252,253,0
3253,253,1
3254,253,2
3255,253,3
3256,253,4
3257,253,16
3258,253,17
3259,253,18
3260,253,19
3261,253,20
3262,253,21
3263,253,22
3264,253,23
3265,254,0
3266,254,1
3267,254,2
3268,254,3
3269,254,4
3270,254,16
3271,254,17
3272,254,18
3273,254,19
3274,254,20
3275,254,21
3276,254,22
3277,254,23
3278,255,0
3279,255,1
3280,255,2
3281,255,3
3282,255,4
3283,255,16
3284,255,17
3285,255,18
3286,255,19
3287,255,20
3288,255,21
3289,255,22
3290,255,23
3291,256,0
3292,256,1
3293,256,2
3294,256,3
3295,256,4
3296,256,16
3297,256,17
3298,256,18
3299,256,19
3300,256,20
3301,256,21
3302,256,22
3303,256,23
3304,257,0
3305,257,1
3306,257,2
3307,257,3
3308,257,4
3309,257,16
3310,257,17
3311,257,18
3312,257,19
3313,257,20
3314,257,21
3315,257,22
3316,257,23
3317,258,0
3318,258,1
3319,258,2
3320,258,3
3321,258,4
3322,258,16
3323,258,17
3324,258,18
3325,258,19
3326,258,20
3327,258,21
3328,258,22
3329,258,23
3330,259,0
3331,259,1
3332,259,2
3333,259,3
3334,259,4
3335,259,16
3336,259,17
3337,259,18
3338,259,19
3339,259,20
3340,259,21
3341,259,22
3342,259,23
3343,260,0
3344,260,1
3345,260,2
3346,260,3
3347,260,4
3348,260,16
3349,260,17
3350,260,18
3351,260,19
3352,260,20
3353,260,21
3354,260,22
3355,260,23
3356,261,0
3357,261,1
3358,261,2
3359,261,3
3360,261,4
3361,261,16
3362,261,17
3363,261,18
3364,261,19
3365,261,20
3366,261,21
3367,261,22
3368,261,23
3369,262,0
3370,262,1
3371,262,2
3372,262,3
3373,262,4
3374,262,16
3375,262,17
3376,262,18
3377,262,19
3378,262,20
3379,262,21
3380,262,22
3381,262,23
3382,263,0
3383,263,1
3384,263,2
3385,263,3
3386,263,4
3387,263,16
3388,263,17
3389,263,18
3390,263,19
3391,263,20
3392,263,21
3393,263,22
3394,263,23
3395,264,0
3396,264,1
3397,264,2
3398,264,3
3399,264,4
3400,264,16
3401,264,17
3402,264,18
3403,264,19
3404,264,20
3405,264,21
3406,264,22
3407,264,23
3408,265,0
3409,265,1
3410,265,2
3411,265,3
3412,265,4
3413,265,16
3414,265,17
3415,265,18
3416,265,19
3417,265,20
3418,265,21
3419,265,22
3420,265,23
3421,266,0
3422,266,1
3423,266,2
3424,266,3
3425,266,4
3426,266,16
3427,266,17
3428,266,18
3429,266,19
3430,266,20
3431,266,21
3432,266,22
3433,266,23
3434,267,0
3435,267,1
3436,267,2
3437,267,3
3438,267,4
3439,267,16
3440,267,17
3441,267,18
3442,267,19
3443,267,20
3444,267,21
3445,267,22
3446,267,23
3447,268,0
3448,268,1
3449,268,2
3450,268,3
3451,268,4
3452,268,16
3453,268,17
3454,268,18
3455,268,19
3456,268,20
3457,268,21
3458,268,22
3459,268,23
3460,269,0
3461,269,1
3462,269,2
3463,269,3
3464,269,4
3465,269,5
3466,269,16
3467,269,17
3468,269,18
3469,269,19
3470,269,20
3471,269,21
3472,269,22
3473,269,23
3474,270,0
3475,270,1
3476,270,2
3477,270,3
3478,270,4
3479,270,16
3480,270,17
3481,270,18
3482,270,19
3483,270,20
3484,270,21
3485,270,22
3486,270,23
3487,271,0
3488,271,1
3489,271,2
3490,271,3
3491,271,4
3492,271,5
3493,271,16
3494,271,17
3495,271,18
3496,271,19
3497,271,20
3498,271,21
3499,271,22
3500,271,23
3501,272,0
3502,272,1
3503,272,2
3504,272,3
3505,272,4
3506,272,16
3507,272,17
3508,272,18
3509,272,19
3510,272,20
3511,272,21
3512,272,22
3513,272,23
3514,273,0
3515,273,1
3516,273,2
3517,273,3
3518,273,4
3519,273,5
3520,273,16
3521,273,17
3522,273,18
3523,273,19
3524,273,20
3525,273,21
3526,273,22
3527,273,23
3528,274,0
3529,274,1
3530,274,2
3531,274,3
3532,274,4
3533,274,5
3534,274,16
3535,274,17
3536,274,18
3537,274,19
3538,274,20
3539,274,21
3540,274,22
3541,274,23
3542,275,0
3543,275,1
3544,275,2
3545,275,3
3546,275,4
3547,275,5
3548,275,16
3549,275,17
3550,275,18
3551,275,19
3552,275,20
3553,275,21
3554,275,22
3555,275,23
3556,276,0
3557,276,1
3558,276,2
3559,276,3
3560,276,4
3561,276,5
3562,276,16
3563,276,17
3564,276,18
3565,276,19
3566,276,20
3567,276,21
3568,276,22
3569,276,23
3570,277,0
3571,277,1
3572,277,2
3573,277,3
3574,277,4
3575,277,5
3576,277,16
3577,277,17
3578,277,18
3579,277,19
3580,277,20
3581,277,21
3582,277,22
3583,277,23
3584,278,0
3585,278,1
3586,278,2
3587,278,3
3588,278,4
3589,278,5
3590,278,16
3591,278,17
3592,278,18
3593,278,19
3594,278,20
3595,278,21
3596,278,22
3597,278,23
3598,279,0
3599,279,1
3600,279,2
3601,279,3
3602,279,4
3603,279,5
3604,279,16
3605,279,17
3606,279,18
3607,279,19
3608,279,20
3609,279,21
3610,279,22
3611,279,23
3612,280,0
3613,280,1
3614,280,2
3615,280,3
3616,280,4
3617,280,5
3618,280,16
3619,280,17
3620,280,18
3621,280,19
3622,280,20
3623,280,21
3624,280,22
3625,280,23
3626,281,0
3627,281,1
3628,281,2
3629,281,3
3630,281,4
3631,281,5
3632,281,16
3633,281,17
3634,281,18
3635,281,19
3636,281,20
3637,281,21
3638,281,22
3639,281,23
3640,282,0
3641,282,1
3642,282,2
3643,282,3
3644,282,4
3645,282,5
3646,282,16
3647,282,17
3648,282,18
3649,282,19
3650,282,20
3651,282,21
3652,282,22
3653,282,23
3654,283,0
3655,283,1
3656,283,2
3657,283,3
3658,283,4
3659,283,5
3660,283,16
3661,283,17
3662,283,18
3663,283,19
3664,283,20
3665,283,21
3666,283,22
3667,283,23
3668,284,0
3669,284,1
3670,284,2
3671,284,3
3672,284,4
3673,284,5
3674,284,16
3675,284,17
3676,284,18
3677,284,19
3678,284,20
3679,284,21
3680,284,22
3681,284,23
3682,285,0
3683,285,1
3684,285,2
3685,285,3
3686,285,4
3687,285,5
3688,285,16
3689,285,17
3690,285,18
3691,285,19
3692,285,20
3693,285,21
3694,285,22
3695,285,23
3696,286,0
3697,286,1
3698,286,2
3699,286,3
3700,286,4
3701,286,5
3702,286,16
3703,286,17
3704,286,18
3705,286,19
3706,286,20
3707,286,21
3708,286,22
3709,286,23
3710,287,0
3711,287,1
3712,287,2
3713,287,3
3714,287,4
3715,287,5
3716,287,16
3717,287,17
3718,287,18
3719,287,19
3720,287,20
3721,287,21
3722,287,22
3723,287,23
3724,288,0
3725,288,1
3726,288,2
3727,288,3
3728,288,4
3729,288,5
3730,288,16
3731,288,17
3732,288,18
3733,288,19
3734,288,20
3735,288,21
3736,288,22
3737,288,23
3738,289,0
3739,289,1
3740,289,2
3741,289,3
3742,289,4
3743,289,5
3744,289,16
3745,289,17
3746,289,18
3747,289,19
3748,289,20
3749,289,21
3750,289,22
3751,289,23
3752,290,0
3753,290,1
3754,290,2
3755,290,3
3756,290,4
3757,290,5
3758,290,16
3759,290,17
3760,290,18
3761,290,19
3762,290,20
3763,290,21
3764,290,22
3765,290,23
3766,291,0
3767,291,1
3768,291,2
3769,291,3
3770,291,4
3771,291,5
3772,291,16
3773,291,17
3774,291,18
3775,291,19
3776,291,20
3777,291,21
3778,291,22
3779,291,23
3780,292,0
3781,292,1
3782,292,2
3783,292,3
3784,292,4
3785,292,5
3786,292,16
3787,292,17
3788,292,18
3789,292,19
3790,292,20
3791,292,21
3792,292,22
3793,292,23
3794,293,0
3795,293,1
3796,293,2
3797,293,3
3798,293,4
3799,293,5
3800,293,16
3801,293,17
3802,293,18
3803,293,19
3804,293,20
3805,293,21
3806,293,22
3807,293,23
3808,294,0
3809,294,1
3810,294,2
3811,294,3
3812,294,4
3813,294,5
3814,294,16
3815,294,17
3816,294,18
3817,294,19
3818,294,20
3819,294,21
3820,294,22
3821,294,23
3822,295,0
3823,295,1
3824,295,2
3825,295,3
3826,295,4
3827,295,5
3828,295,15
3829,295,16
3830,295,17
3831,295,18
3832,295,19
3833,295,20
3834,295,21
3835,295,22
3836,295,23
3837,296,0
3838,296,1
3839,296,2
3840,296,3
3841,296,4
3842,296,5
3843,296,16
3844,296,17
3845,296,18
3846,296,19
3847,296,20
3848,296,21
3849,296,22
3850,296,23
3851,297,0
3852,297,1
3853,297,2
3854,297,3
3855,297,4
3856,297,5
3857,297,16
3858,297,17
3859,297,18
3860,297,19
3861,297,20
3862,297,21
3863,297,22
3864,297,23
3865,298,0
3866,298,1
3867,298,2
3868,298,3
3869,298,4
3870,298,5
3871,298,15
3872,298,16
3873,298,17
3874,298,18
3875,298,19
3876,298,20
3877,298,21
3878,298,22
3879,298,23
3880,299,0
3881,299,1
3882,299,2
3883,299,3
3884,299,4
3885,299,5
3886,299,16
3887,299,17
3888,299,18
3889,299,19
3890,299,20
3891,299,21
3892,299,22
3893,299,23
3894,300,0
3895,300,1
3896,300,2
3897,300,3
3898,300,4
3899,300,5
3900,300,15
3901,300,16
3902,300,17
3903,300,18
3904,300,19
3905,300,20
3906,300,21
3907,300,22
3908,300,23
3909,301,0
3910,301,1
3911,301,2
3912,301,3
3913,301,4
3914,301,5
3915,301,15
3916,301,16
3917,301,17
3918,301,18
3919,301,19
3920,301,20
3921,301,21
3922,301,22
3923,301,23
3924,302,0
3925,302,1
3926,302,2
3927,302,3
3928,302,4
3929,302,5
3930,302,15
3931,302,16
3932,302,17
3933,302,18
3934,302,19
3935,302,20
3936,302,21
3937,302,22
3938,302,23
3939,303,0
3940,303,1
3941,303,2
3942,303,3
3943,303,4
3944,303,5
3945,303,15
3946,303,16
3947,303,17
3948,303,18
3949,303,19
3950,303,20
3951,303,21
3952,303,22
3953,303,23
3954,304,0
3955,304,1
3956,304,2
3957,304,3
3958,304,4
3959,304,5
3960,304,15
3961,304,16
3962,304,17
3963,304,18
3964,304,19
3965,304,20
3966,304,21
3967,304,22
3968,304,23
3969,305,0
3970,305,1
3971,305,2
3972,305,3
3973,305,4
3974,305,5
3975,305,15
3976,305,16
3977,305,17
3978,305,18
3979,305,19
3980,305,20
3981,305,21
3982,305,22
3983,305,23
3984,306,0
3985,306,1
3986,306,2
3987,306,3
3988,306,4
3989,306,5
3990,306,15
3991,306,16
3992,306,17
3993,306,18
3994,306,19
3995,306,20
3996,306,21
3997,306,22
3998,306,23
3999,307,0
4000,307,1
4001,307,2
4002,307,3
4003,307,4
4004,307,5
4005,307,15
4006,307,16
4007,307,17
4008,307,18
4009,307,19
4010,307,20
4011,307,21
4012,307,22
4013,307,23
4014,308,0
4015,308,1
4016,308,2
4017,308,3
4018,308,4
4019,308,5
4020,308,15
4021,308,16
4022,308,17
4023,308,18
4024,308,19
4025,308,20
4026,308,21
4027,308,22
4028,308,23
4029,309,0
4030,309,1
4031,309,2
4032,309,3
4033,309,4
4034,309,5
4035,309,15
4036,309,16
4037,309,17
4038,309,18
4039,309,19
4040,309,20
4041,309,21
4042,309,22
4043,309,23
4044,310,0
4045,310,1
4046,310,2
4047,310,3
4048,310,4
4049,310,5
4050,310,15
4051,310,16
4052,310,17
4053,310,18
4054,310,19
4055,310,20
4056,310,21
4057,310,22
4058,310,23
4059,311,0
4060,311,1
4061,311,2
4062,311,3
4063,311,4
4064,311,5
4065,311,15
4066,311,16
4067,311,17
4068,311,18
4069,311,19
4070,311,20
4071,311,21
4072,311,22
4073,311,23
4074,312,0
4075,312,1
4076,312,2
4077,312,3
4078,312,4
4079,312,5
4080,312,15
4081,312,16
4082,312,17
4083,312,18
4084,312,19
4085,312,20
4086,312,21
4087,312,22
4088,312,23
4089,313,0
4090,313,1
4091,313,2
4092,313,3
4093,313,4
4094,313,5
4095,313,15
4096,313,16
4097,313,17
4098,313,18
4099,313,19
4100,313,20
4101,313,21
4102,313,22
4103,313,23
4104,314,0
4105,314,1
4106,314,2
4107,314,3
4108,314,4
4109,314,5
4110,314,15
4111,314,16
4112,314,17
4113,314,18
4114,314,19
4115,314,20
4116,314,21
4117,314,22
4118,314,23
4119,315,0
4120,315,1
4121,315,2
4122,315,3
4123,315,4
4124,315,5
4125,315,15
4126,315,16
4127,315,17
4128,315,18
4129,315,19
4130,315,20
4131,315,21
4132,315,22
4133,315,23
4134,316,0
4135,316,1
4136,316,2
4137,316,3
4138,316,4
4139,316,5
4140,316,15
4141,316,16
4142,316,17
4143,316,18
4144,316,19
4145,316,20
4146,316,21
4147,316,22
4148,316,23
4149,317,0
4150,317,1
4151,317,2
4152,317,3
4153,317,4
4154,317,5
4155,317,15
4156,317,16
4157,317,17
4158,317,18
4159,317,19
4160,317,20
4161,317,21
4162,317,22
4163,317,23
4164,318,0
4165,318,1
4166,318,2
4167,318,3
4168,318,4
4169,318,5
4170,318,15
4171,318,16
4172,318,17
4173,318,18
4174,318,19
4175,318,20
4176,318,21
4177,318,22
4178,318,23
4179,319,0
4180,319,1
4181,319,2
4182,319,3
4183,319,4
4184,319,5
4185,319,6
4186,319,15
4187,319,16
4188,319,17
4189,319,18
4190,319,19
4191,319,20
4192,319,21
4193,319,22
4194,319,23
4195,320,0
4196,320,1
4197,320,2
4198,320,3
4199,320,4
4200,320,5
4201,320,15
4202,320,16
4203,320,17
4204,320,18
4205,320,19
4206,320,20
4207,320,21
4208,320,22
4209,320,23
4210,321,0
4211,321,1
4212,321,2
4213,321,3
4214,321,4
4215,321,5
4216,321,15
4217,321,16
4218,321,17
4219,321,18
4220,321,19
4221,321,20
4222,321,21
4223,321,22
4224,321,23
4225,322,0
4226,322,1
4227,322,2
4228,322,3
4229,322,4
4230,322,5
4231,322,15
4232,322,16
4233,322,17
4234,322,18
4235,322,19
4236,322,20
4237,322,21
4238,322,22
4239,322,23
4240,323,0
4241,323,1
4242,323,2
4243,323,3
4244,323,4
4245,323,5
4246,323,6
4247,323,15
4248,323,16
4249,323,17
4250,323,18
4251,323,19
4252,323,20
4253,323,21
4254,323,22
4255,323,23
4256,324,0
4257,324,1
4258,324,2
4259,324,3
4260,324,4
4261,324,5
4262,324,6
4263,324,15
4264,324,16
4265,324,17
4266,324,18
4267,324,19
4268,324,20
4269,324,21
4270,324,22
4271,324,23
4272,325,0
4273,325,1
4274,325,2
4275,325,3
4276,325,4
4277,325,5
4278,325,6
4279,325,15
4280,325,16
4281,325,17
4282,325,18
4283,325,19
4284,325,20
4285,325,21
4286,325,22
4287,325,23
4288,326,0
4289,326,1
4290,326,2
4291,326,3
4292,326,4
4293,326,5
4294,326,6
4295,326,15
4296,326,16
4297,326,17
4298,326,18
4299,326,19
4300,326,20
4301,326,21
4302,326,22
4303,326,23
4304,327,0
4305,327,1
4306,327,2
4307,327,3
4308,327,4
4309,327,5
4310,327,6
4311,327,15
4312,327,16
4313,327,17
4314,327,18
4315,327,19
4316,327,20
4317,327,21
4318,327,22
4319,327,23
4320,328,0
4321,328,1
4322,328,2
4323,328,3
4324,328,4
4325,328,5
4326,328,6
4327,328,15
4328,328,16
4329,328,17
4330,328,18
4331,328,19
4332,328,20
4333,328,21
4334,328,22
4335,328,23
4336,329,0
4337,329,1
4338,329,2
4339,329,3
4340,329,4
4341,329,5
4342,329,6
4343,329,15
4344,329,16
4345,329,17
4346,329,18
4347,329,19
4348,329,20
4349,329,21
4350,329,22
4351,329,23
4352,330,0
4353,330,1
4354,330,2
4355,330,3
4356,330,4
4357,330,5
4358,330,6
4359,330,15
4360,330,16
4361,330,17
4362,330,18
4363,330,19
4364,330,20
4365,330,21
4366,330,22
4367,330,23
4368,331,0
4369,331,1
4370,331,2
4371,331,3
4372,331,4
4373,331,5
4374,331,6
4375,331,15
4376,331,16
4377,331,17
4378,331,18
4379,331,19
4380,331,20
4381,331,21
4382,331,22
4383,331,23
4384,332,0
4385,332,1
4386,332,2
4387,332,3
4388,332,4
4389,332,5
4390,332,6
4391,332,15
4392,332,16
4393,332,17
4394,332,18
4395,332,19
4396,332,20
4397,332,21
4398,332,22
4399,332,23
4400,333,0
4401,333,1
4402,333,2
4403,333,3
4404,333,4
4405,333,5
4406,333,6
4407,333,15
4408,333,16
4409,333,17
4410,333,18
4411,333,19
4412,333,20
4413,333,21
4414,333,22
4415,333,23
4416,334,0
4417,334,1
4418,334,2
4419,334,3
4420,334,4
4421,334,5
4422,334,6
4423,334,15
4424,334,16
4425,334,17
4426,334,18
4427,334,19
4428,334,20
4429,334,21
4430,334,22
4431,334,23
4432,335,0
4433,335,1
4434,335,2
4435,335,3
4436,335,4
4437,335,5
4438,335,6
4439,335,15
4440,335,16
4441,335,17
4442,335,18
4443,335,19
4444,335,20
4445,335,21
4446,335,22
4447,335,23
4448,336,0
4449,336,1
4450,336,2
4451,336,3
4452,336,4
4453,336,5
4454,336,6
4455,336,15
4456,336,16
4457,336,17
4458,336,18
4459,336,19
4460,336,20
4461,336,21
4462,336,22
4463,336,23
4464,337,0
4465,337,1
4466,337,2
4467,337,3
4468,337,4
4469,337,5
4470,337,6
4471,337,15
4472,337,16
4473,337,17
4474,337,18
4475,337,19
4476,337,20
4477,337,21
4478,337,22
4479,337,23
4480,338,0
4481,338,1
4482,338,2
4483,338,3
4484,338,4
4485,338,5
4486,338,6
4487,338,15
4488,338,16
4489,338,17
4490,338,18
4491,338,19
4492,338,20
4493,338,21
4494,338,22
4495,338,23
4496,339,0
4497,339,1
4498,339,2
4499,339,3
4500,339,4
4501,339,5
4502,339,6
4503,339,15
4504,339,16
4505,339,17
4506,339,18
4507,339,19
4508,339,20
4509,339,21
4510,339,22
4511,339,23
4512,340,0
4513,340,1
4514,340,2
4515,340,3
4516,340,4
4517,340,5
4518,340,6
4519,340,15
4520,340,16
4521,340,17
4522,340,18
4523,340,19
4524,340,20
4525,340,21
4526,340,22
4527,340,23
4528,341,0
4529,341,1
4530,341,2
4531,341,3
4532,341,4
4533,341,5
4534,341,6
4535,341,15
4536,341,16
4537,341,17
4538,341,18
4539,341,19
4540,341,20
4541,341,21
4542,341,22
4543,341,23
4544,342,0
4545,342,1
4546,342,2
4547,342,3
4548,342,4
4549,342,5
4550,342,6
4551,342,15
4552,342,16
4553,342,17
4554,342,18
4555,342,19
4556,342,20
4557,342,21
4558,342,22
4559,342,23
4560,343,0
4561,343,1
4562,343,2
4563,343,3
4564,343,4
4565,343,5
4566,343,6
4567,343,15
4568,343,16
4569,343,17
4570,343,18
4571,343,19
4572,343,20
4573,343,21
4574,343,22
4575,343,23
4576,344,0
4577,344,1
4578,344,2
4579,344,3
4580,344,4
4581,344,5
4582,344,6
4583,344,15
4584,344,16
4585,344,17
4586,344,18
4587,344,19
4588,344,20
4589,344,21
4590,344,22
4591,344,23
4592,345,0
4593,345,1
4594,345,2
4595,345,3
4596,345,4
4597,345,5
4598,345,6
4599,345,15
4600,345,16
4601,345,17
4602,345,18
4603,345,19
4604,345,20
4605,345,21
4606,345,22
4607,345,23
4608,346,0
4609,346,1
4610,346,2
4611,346,3
4612,346,4
4613,346,5
4614,346,6
4615,346,15
4616,346,16
4617,346,17
4618,346,18
4619,346,19
4620,346,20
4621,346,21
4622,346,22
4623,346,23
4624,347,0
4625,347,1
4626,347,2
4627,347,3
4628,347,4
4629,347,5
4630,347,6
4631,347,15
4632,347,16
4633,347,17
4634,347,18
4635,347,19
4636,347,20
4637,347,21
4638,347,22
4639,347,23
4640,348,0
4641,348,1
4642,348,2
4643,348,3
4644,348,4
4645,348,5
4646,348,6
4647,348,15
4648,348,16
4649,348,17
4650,348,18
4651,348,19
4652,348,20
4653,348,21
4654,348,22
4655,348,23
4656,349,0
4657,349,1
4658,349,2
4659,349,3
4660,349,4
4661,349,5
4662,349,6
4663,349,15
4664,349,16
4665,349,17
4666,349,18
4667,349,19
4668,349,20
4669,349,21
4670,349,22
4671,349,23
4672,350,0
4673,350,1
4674,350,2
4675,350,3
4676,350,4
4677,350,5
4678,350,6
4679,350,15
4680,350,16
4681,350,17
4682,350,18
4683,350,19
4684,350,20
4685,350,21
4686,350,22
4687,350,23
4688,351,0
4689,351,1
4690,351,2
4691,351,3
4692,351,4
4693,351,5
4694,351,6
4695,351,15
4696,351,16
4697,351,17
4698,351,18
4699,351,19
4700,351,20
4701,351,21
4702,351,22
4703,351,23
4704,352,0
4705,352,1
4706,352,2
4707,352,3
4708,352,4
4709,352,5
4710,352,6
4711,352,15
4712,352,16
4713,352,17
4714,352,18
4715,352,19
4716,352,20
4717,352,21
4718,352,22
4719,352,23
4720,353,0
4721,353,1
4722,353,2
4723,353,3
4724,353,4
4725,353,5
4726,353,6
4727,353,15
4728,353,16
4729,353,17
4730,353,18
4731,353,19
4732,353,20
4733,353,21
4734,353,22
4735,353,23
4736,354,0
4737,354,1
4738,354,2
4739,354,3
4740,354,4
4741,354,5
4742,354,6
4743,354,15
4744,354,16
4745,354,17
4746,354,18
4747,354,19
4748,354,20
4749,354,21
4750,354,22
4751,354,23
4752,355,0
4753,355,1
4754,355,2
4755,355,3
4756,355,4
4757,355,5
4758,355,6
4759,355,15
4760,355,16
4761,355,17
4762,355,18
4763,355,19
4764,355,20
4765,355,21
4766,355,22
4767,355,23
4768,356,0
4769,356,1
4770,356,2
4771,356,3
4772,356,4
4773,356,5
4774,356,6
4775,356,15
4776,356,16
4777,356,17
4778,356,18
4779,356,19
4780,356,20
4781,356,21
4782,356,22
4783,356,23
4784,357,0
4785,357,1
4786,357,2
4787,357,3
4788,357,4
4789,357,5
4790,357,6
4791,357,15
4792,357,16
4793,357,17
4794,357,18
4795,357,19
4796,357,20
4797,357,21
4798,357,22
4799,357,23
4800,358,0
4801,358,1
4802,358,2
4803,358,3
4804,358,4
4805,358,5
4806,358,6
4807,358,15
4808,358,16
4809,358,17
4810,358,18
4811,358,19
4812,358,20
4813,358,21
4814,358,22
4815,358,23
4816,359,0
4817,359,1
4818,359,2
4819,359,3
4820,359,4
4821,359,5
4822,359,6
4823,359,15
4824,359,16
4825,359,17
4826,359,18
4827,359,19
4828,359,20
4829,359,21
4830,359,22
4831,359,23
4832,360,0
4833,360,1
4834,360,2
4835,360,3
4836,360,4
4837,360,5
4838,360,6
4839,360,15
4840,360,16
4841,360,17
4842,360,18
4843,360,19
4844,360,20
4845,360,21
4846,360,22
4847,360,23
4848,361,0
4849,361,1
4850,361,2
4851,361,3
4852,361,4
4853,361,5
4854,361,6
4855,361,15
4856,361,16
4857,361,17
4858,361,18
4859,361,19
4860,361,20
4861,361,21
4862,361,22
4863,361,23
4864,362,0
4865,362,1
4866,362,2
4867,362,3
4868,362,4
4869,362,5
4870,362,6
4871,362,15
4872,362,16
4873,362,17
4874,362,18
4875,362,19
4876,362,20
4877,362,21
4878,362,22
4879,362,23
4880,363,0
4881,363,1
4882,363,2
4883,363,3
4884,363,4
4885,363,5
4886,363,6
4887,363,15
4888,363,16
4889,363,17
4890,363,18
4891,363,19
4892,363,20
4893,363,21
4894,363,22
4895,363,23
4896,364,0
4897,364,1
4898,364,2
4899,364,3
4900,364,4
4901,364,5
4902,364,6
4903,364,15
4904,364,16
4905,364,17
4906,364,18
4907,364,19
4908,364,20
4909,364,21
4910,364,22
4911,364,23
4912,365,0
4913,365,1
4914,365,2
4915,365,3
4916,365,4
4917,365,5
4918,365,6
4919,365,15
4920,365,16
4921,365,17
4922,365,18
4923,365,19
4924,365,20
4925,365,21
4926,365,22
4927,365,23
