,day,hour
0,1,0
1,1,1
2,1,2
3,1,3
4,1,4
5,1,5
6,1,6
7,1,15
8,1,16
9,1,17
10,1,18
11,1,19
12,1,20
13,1,21
14,1,22
15,1,23
16,2,0
17,2,1
18,2,2
19,2,3
20,2,4
21,2,5
22,2,6
23,2,15
24,2,16
25,2,17
26,2,18
27,2,19
28,2,20
29,2,21
30,2,22
31,2,23
32,3,0
33,3,1
34,3,2
35,3,3
36,3,4
37,3,5
38,3,6
39,3,15
40,3,16
41,3,17
42,3,18
43,3,19
44,3,20
45,3,21
46,3,22
47,3,23
48,4,0
49,4,1
50,4,2
51,4,3
52,4,4
53,4,5
54,4,6
55,4,15
56,4,16
57,4,17
58,4,18
59,4,19
60,4,20
61,4,21
62,4,22
63,4,23
64,5,0
65,5,1
66,5,2
67,5,3
68,5,4
69,5,5
70,5,6
71,5,15
72,5,16
73,5,17
74,5,18
75,5,19
76,5,20
77,5,21
78,5,22
79,5,23
80,6,0
81,6,1
82,6,2
83,6,3
84,6,4
85,6,5
86,6,6
87,6,15
88,6,16
89,6,17
90,6,18
91,6,19
92,6,20
93,6,21
94,6,22
95,6,23
96,7,0
97,7,1
98,7,2
99,7,3
100,7,4
101,7,5
102,7,6
103,7,15
104,7,16
105,7,17
106,7,18
107,7,19
108,7,20
109,7,21
110,7,22
111,7,23
112,8,0
113,8,1
114,8,2
115,8,3
116,8,4
117,8,5
118,8,15
119,8,16
120,8,17
121,8,18
122,8,19
123,8,20
124,8,21
125,8,22
126,8,23
127,9,0
128,9,1
129,9,2
130,9,3
131,9,4
132,9,5
133,9,15
134,9,16
135,9,17
136,9,18
137,9,19
138,9,20
139,9,21
140,9,22
141,9,23
142,10,0
143,10,1
144,10,2
145,10,3
146,10,4
147,10,5
148,10,6
149,10,15
150,10,16
151,10,17
152,10,18
153,10,19
154,10,20
155,10,21
156,10,22
157,10,23
158,11,0
159,11,1
160,11,2
161,11,3
162,11,4
163,11,5
164,11,6
165,11,15
166,11,16
167,11,17
168,11,18
169,11,19
170,11,20
171,11,21
172,11,22
173,11,23
174,12,0
175,12,1
176,12,2
177,12,3
178,12,4
179,12,5
180,12,6
181,12,15
182,12,16
183,12,17
184,12,18
185,12,19
186,12,20
187,12,21
188,12,22
189,12,23
190,13,0
191,13,1
192,13,2
193,13,3
194,13,4
195,13,5
196,13,15
197,13,16
198,13,17
199,13,18
200,13,19
201,13,20
202,13,21
203,13,22
204,13,23
205,14,0
206,14,1
207,14,2
208,14,3
209,14,4
210,14,5
211,14,15
212,14,16
213,14,17
214,14,18
215,14,19
216,14,20
217,14,21
218,14,22
219,14,23
220,15,0
221,15,1
222,15,2
223,15,3
224,15,4
225,15,5
226,15,6
227,15,15
228,15,16
229,15,17
230,15,18
231,15,19
232,15,20
233,15,21
234,15,22
235,15,23
236,16,0
237,16,1
238,16,2
239,16,3
240,16,4
241,16,5
242,16,15
243,16,16
244,16,17
245,16,18
246,16,19
247,16,20
248,16,21
249,16,22
250,16,23
251,17,0
252,17,1
253,17,2
254,17,3
255,17,4
256,17,5
257,17,15
258,17,16
259,17,17
260,17,18
261,17,19
262,17,20
263,17,21
264,17,22
265,17,23
266,18,0
267,18,1
268,18,2
269,18,3
270,18,4
271,18,5
272,18,15
273,18,16
274,18,17
275,18,18
276,18,19
277,18,20
278,18,21
279,18,22
280,18,23
281,19,0
282,19,1
283,19,2
284,19,3
285,19,4
286,19,5
287,19,15
288,19,16
289,19,17
290,19,18
291,19,19
292,19,20
293,19,21
294,19,22
295,19,23
296,20,0
297,20,1
298,20,2
299,20,3
300,20,4
301,20,5
302,20,15
303,20,16
304,20,17
305,20,18
306,20,19
307,20,20
308,20,21
309,20,22
310,20,23
311,21,0
312,21,1
313,21,2
314,21,3
315,21,4
316,21,5
317,21,15
318,21,16
319,21,17
320,21,18
321,21,19
322,21,20
323,21,21
324,21,22
325,21,23
326,22,0
327,22,1
328,22,2
329,22,3
330,22,4
331,22,5
332,22,15
333,22,16
334,22,17
335,22,18
336,22,19
337,22,20
338,22,21
339,22,22
340,22,23
341,23,0
342,23,1
343,23,2
344,23,3
345,23,4
346,23,5
347,23,15
348,23,16
349,23,17
350,23,18
351,23,19
352,23,20
353,23,21
354,23,22
355,23,23
356,24,0
357,24,1
358,24,2
359,24,3
360,24,4
361,24,5
362,24,15
363,24,16
364,24,17
365,24,18
366,24,19
367,24,20
368,24,21
369,24,22
370,24,23
371,25,0
372,25,1
373,25,2
374,25,3
375,25,4
376,25,5
377,25,15
378,25,16
379,25,17
380,25,18
381,25,19
382,25,20
383,25,21
384,25,22
385,25,23
386,26,0
387,26,1
388,26,2
389,26,3
390,26,4
391,26,5
392,26,15
393,26,16
394,26,17
395,26,18
396,26,19
397,26,20
398,26,21
399,26,22
400,26,23
401,27,0
402,27,1
403,27,2
404,27,3
405,27,4
406,27,5
407,27,15
408,27,16
409,27,17
410,27,18
411,27,19
412,27,20
413,27,21
414,27,22
415,27,23
416,28,0
417,28,1
418,28,2
419,28,3
420,28,4
421,28,5
422,28,15
423,28,16
424,28,17
425,28,18
426,28,19
427,28,20
428,28,21
429,28,22
430,28,23
431,29,0
432,29,1
433,29,2
434,29,3
435,29,4
436,29,5
437,29,15
438,29,16
439,29,17
440,29,18
441,29,19
442,29,20
443,29,21
444,29,22
445,29,23
446,30,0
447,30,1
448,30,2
449,30,3
450,30,4
451,30,5
452,30,15
453,30,16
454,30,17
455,30,18
456,30,19
457,30,20
458,30,21
459,30,22
460,30,23
461,31,0
462,31,1
463,31,2
464,31,3
465,31,4
466,31,5
467,31,15
468,31,16
469,31,17
470,31,18
471,31,19
472,31,20
473,31,21
474,31,22
475,31,23
476,32,0
477,32,1
478,32,2
479,32,3
480,32,4
481,32,5
482,32,15
483,32,16
484,32,17
485,32,18
486,32,19
487,32,20
488,32,21
489,32,22
490,32,23
491,33,0
492,33,1
493,33,2
494,33,3
495,33,4
496,33,5
497,33,15
498,33,16
499,33,17
500,33,18
501,33,19
502,33,20
503,33,21
504,33,22
505,33,23
506,34,0
507,34,1
508,34,2
509,34,3
510,34,4
511,34,5
512,34,15
513,34,16
514,34,17
515,34,18
516,34,19
517,34,20
518,34,21
519,34,22
520,34,23
521,35,0
522,35,1
523,35,2
524,35,3
525,35,4
526,35,5
527,35,15
528,35,16
529,35,17
530,35,18
531,35,19
532,35,20
533,35,21
534,35,22
535,35,23
536,36,0
537,36,1
538,36,2
539,36,3
540,36,4
541,36,5
542,36,15
543,36,16
544,36,17
545,36,18
546,36,19
547,36,20
548,36,21
549,36,22
550,36,23
551,37,0
552,37,1
553,37,2
554,37,3
555,37,4
556,37,5
557,37,15
558,37,16
559,37,17
560,37,18
561,37,19
562,37,20
563,37,21
564,37,22
565,37,23
566,38,0
567,38,1
568,38,2
569,38,3
570,38,4
571,38,5
572,38,15
573,38,16
574,38,17
575,38,18
576,38,19
577,38,20
578,38,21
579,38,22
580,38,23
581,39,0
582,39,1
583,39,2
584,39,3
585,39,4
586,39,5
587,39,15
588,39,16
589,39,17
590,39,18
591,39,19
592,39,20
593,39,21
594,39,22
595,39,23
596,40,0
597,40,1
598,40,2
599,40,3
600,40,4
601,40,5
602,40,15
603,40,16
604,40,17
605,40,18
606,40,19
607,40,20
608,40,21
609,40,22
610,40,23
611,41,0
612,41,1
613,41,2
614,41,3
615,41,4
616,41,5
617,41,15
618,41,16
619,41,17
620,41,18
621,41,19
622,41,20
623,41,21
624,41,22
625,41,23
626,42,0
627,42,1
628,42,2
629,42,3
630,42,4
631,42,5
632,42,15
633,42,16
634,42,17
635,42,18
636,42,19
637,42,20
638,42,21
639,42,22
640,42,23
641,43,0
642,43,1
643,43,2
644,43,3
645,43,4
646,43,5
647,43,15
648,43,16
649,43,17
650,43,18
651,43,19
652,43,20
653,43,21
654,43,22
655,43,23
656,44,0
657,44,1
658,44,2
659,44,3
660,44,4
661,44,5
662,44,15
663,44,16
664,44,17
665,44,18
666,44,19
667,44,20
668,44,21
669,44,22
670,44,23
671,45,0
672,45,1
673,45,2
674,45,3
675,45,4
676,45,5
677,45,15
678,45,16
679,45,17
680,45,18
681,45,19
682,45,20
683,45,21
684,45,22
685,45,23
686,46,0
687,46,1
688,46,2
689,46,3
690,46,4
691,46,5
692,46,15
693,46,16
694,46,17
695,46,18
696,46,19
697,46,20
698,46,21
699,46,22
700,46,23
701,47,0
702,47,1
703,47,2
704,47,3
705,47,4
706,47,5
707,47,15
708,47,16
709,47,17
710,47,18
711,47,19
712,47,20
713,47,21
714,47,22
715,47,23
716,48,0
717,48,1
718,48,2
719,48,3
720,48,4
721,48,5
722,48,15
723,48,16
724,48,17
725,48,18
726,48,19
727,48,20
728,48,21
729,48,22
730,48,23
731,49,0
732,49,1
733,49,2
734,49,3
735,49,4
736,49,5
737,49,15
738,49,16
739,49,17
740,49,18
741,49,19
742,49,20
743,49,21
744,49,22
745,49,23
746,50,0
747,50,1
748,50,2
749,50,3
750,50,4
751,50,5
752,50,15
753,50,16
754,50,17
755,50,18
756,50,19
757,50,20
758,50,21
759,50,22
760,50,23
761,51,0
762,51,1
763,51,2
764,51,3
765,51,4
766,51,5
767,51,15
768,51,16
769,51,17
770,51,18
771,51,19
772,51,20
773,51,21
774,51,22
775,51,23
776,52,0
777,52,1
778,52,2
779,52,3
780,52,4
781,52,5
782,52,15
783,52,16
784,52,17
785,52,18
786,52,19
787,52,20
788,52,21
789,52,22
790,52,23
791,53,0
792,53,1
793,53,2
794,53,3
795,53,4
796,53,5
797,53,15
798,53,16
799,53,17
800,53,18
801,53,19
802,53,20
803,53,21
804,53,22
805,53,23
806,54,0
807,54,1
808,54,2
809,54,3
810,54,4
811,54,5
812,54,15
813,54,16
814,54,17
815,54,18
816,54,19
817,54,20
818,54,21
819,54,22
820,54,23
821,55,0
822,55,1
823,55,2
824,55,3
825,55,4
826,55,5
827,55,15
828,55,16
829,55,17
830,55,18
831,55,19
832,55,20
833,55,21
834,55,22
835,55,23
836,56,0
837,56,1
838,56,2
839,56,3
840,56,4
841,56,5
842,56,15
843,56,16
844,56,17
845,56,18
846,56,19
847,56,20
848,56,21
849,56,22
850,56,23
851,57,0
852,57,1
853,57,2
854,57,3
855,57,4
856,57,5
857,57,16
858,57,17
859,57,18
860,57,19
861,57,20
862,57,21
863,57,22
864,57,23
865,58,0
866,58,1
867,58,2
868,58,3
869,58,4
870,58,5
871,58,16
872,58,17
873,58,18
874,58,19
875,58,20
876,58,21
877,58,22
878,58,23
879,59,0
880,59,1
881,59,2
882,59,3
883,59,4
884,59,5
885,59,16
886,59,17
887,59,18
888,59,19
889,59,20
890,59,21
891,59,22
892,59,23
893,60,0
894,60,1
895,60,2
896,60,3
897,60,4
898,60,5
899,60,16
900,60,17
901,60,18
902,60,19
903,60,20
904,60,21
905,60,22
906,60,23
907,61,0
908,61,1
909,61,2
910,61,3
911,61,4
912,61,5
913,61,15
914,61,16
915,61,17
916,61,18
917,61,19
918,61,20
919,61,21
920,61,22
921,61,23
922,62,0
923,62,1
924,62,2
925,62,3
926,62,4
927,62,5
928,62,16
929,62,17
930,62,18
931,62,19
932,62,20
933,62,21
934,62,22
935,62,23
936,63,0
937,63,1
938,63,2
939,63,3
940,63,4
941,63,5
942,63,16
943,63,17
944,63,18
945,63,19
946,63,20
947,63,21
948,63,22
949,63,23
950,64,0
951,64,1
952,64,2
953,64,3
954,64,4
955,64,16
956,64,17
957,64,18
958,64,19
959,64,20
960,64,21
961,64,22
962,64,23
963,65,0
964,65,1
965,65,2
966,65,3
967,65,4
968,65,16
969,65,17
970,65,18
971,65,19
972,65,20
973,65,21
974,65,22
975,65,23
976,66,0
977,66,1
978,66,2
979,66,3
980,66,4
981,66,5
982,66,16
983,66,17
984,66,18
985,66,19
986,66,20
987,66,21
988,66,22
989,66,23
990,67,0
991,67,1
992,67,2
993,67,3
994,67,4
995,67,5
996,67,16
997,67,17
998,67,18
999,67,19
1000,67,20
1001,67,21
1002,67,22
1003,67,23
1004,68,0
1005,68,1
1006,68,2
1007,68,3
1008,68,4
1009,68,5
1010,68,16
1011,68,17
1012,68,18
1013,68,19
1014,68,20
1015,68,21
1016,68,22
1017,68,23
1018,69,0
1019,69,1
1020,69,2
1021,69,3
1022,69,4
1023,69,5
1024,69,16
1025,69,17
1026,69,18
1027,69,19
1028,69,20
1029,69,21
1030,69,22
1031,69,23
1032,70,0
1033,70,1
1034,70,2
1035,70,3
1036,70,4
1037,70,5
1038,70,16
1039,70,17
1040,70,18
1041,70,19
1042,70,20
1043,70,21
1044,70,22
1045,70,23
1046,71,0
1047,71,1
1048,71,2
1049,71,3
1050,71,4
1051,71,16
1052,71,17
1053,71,18
1054,71,19
1055,71,20
1056,71,21
1057,71,22
1058,71,23
1059,72,0
1060,72,1
1061,72,2
1062,72,3
1063,72,4
1064,72,16
1065,72,17
1066,72,18
1067,72,19
1068,72,20
1069,72,21
1070,72,22
1071,72,23
1072,73,0
1073,73,1
1074,73,2
1075,73,3
1076,73,4
1077,73,16
1078,73,17
1079,73,18
1080,73,19
1081,73,20
1082,73,21
1083,73,22
1084,73,23
1085,74,0
1086,74,1
1087,74,2
1088,74,3
1089,74,4
1090,74,16
1091,74,17
1092,74,18
1093,74,19
1094,74,20
1095,74,21
1096,74,22
1097,74,23
1098,75,0
1099,75,1
1100,75,2
1101,75,3
1102,75,4
1103,75,16
1104,75,17
1105,75,18
1106,75,19
1107,75,20
1108,75,21
1109,75,22
1110,75,23
1111,76,0
1112,76,1
1113,76,2
1114,76,3
1115,76,4
1116,76,16
1117,76,17
1118,76,18
1119,76,19
1120,76,20
1121,76,21
1122,76,22
1123,76,23
1124,77,0
1125,77,1
1126,77,2
1127,77,3
1128,77,4
1129,77,16
1130,77,17
1131,77,18
1132,77,19
1133,77,20
1134,77,21
1135,77,22
1136,77,23
1137,78,0
1138,78,1
1139,78,2
1140,78,3
1141,78,4
1142,78,16
1143,78,17
1144,78,18
1145,78,19
1146,78,20
1147,78,21
1148,78,22
1149,78,23
1150,79,0
1151,79,1
1152,79,2
1153,79,3
1154,79,4
1155,79,16
1156,79,17
1157,79,18
1158,79,19
1159,79,20
1160,79,21
1161,79,22
1162,79,23
1163,80,0
1164,80,1
1165,80,2
1166,80,3
1167,80,4
1168,80,16
1169,80,17
1170,80,18
1171,80,19
1172,80,20
1173,80,21
1174,80,22
1175,80,23
1176,81,0
1177,81,1
1178,81,2
1179,81,3
1180,81,4
1181,81,16
1182,81,17
1183,81,18
1184,81,19
1185,81,20
1186,81,21
1187,81,22
1188,81,23
1189,82,0
1190,82,1
1191,82,2
1192,82,3
1193,82,4
1194,82,16
1195,82,17
1196,82,18
1197,82,19
1198,82,20
1199,82,21
1200,82,22
1201,82,23
1202,83,0
1203,83,1
1204,83,2
1205,83,3
1206,83,4
1207,83,16
1208,83,17
1209,83,18
1210,83,19
1211,83,20
1212,83,21
1213,83,22
1214,83,23
1215,84,0
1216,84,1
1217,84,2
1218,84,3
1219,84,4
1220,84,16
1221,84,17
1222,84,18
1223,84,19
1224,84,20
1225,84,21
1226,84,22
1227,84,23
1228,85,0
1229,85,1
1230,85,2
1231,85,3
1232,85,4
1233,85,16
1234,85,17
1235,85,18
1236,85,19
1237,85,20
1238,85,21
1239,85,22
1240,85,23
1241,86,0
1242,86,1
1243,86,2
1244,86,3
1245,86,4
1246,86,16
1247,86,17
1248,86,18
1249,86,19
1250,86,20
1251,86,21
1252,86,22
1253,86,23
1254,87,0
1255,87,1
1256,87,2
1257,87,3
1258,87,4
1259,87,16
1260,87,17
1261,87,18
1262,87,19
1263,87,20
1264,87,21
1265,87,22
1266,87,23
1267,88,0
1268,88,1
1269,88,2
1270,88,3
1271,88,4
1272,88,16
1273,88,17
1274,88,18
1275,88,19
1276,88,20
1277,88,21
1278,88,22
1279,88,23
1280,89,0
1281,89,1
1282,89,2
1283,89,3
1284,89,4
1285,89,16
1286,89,17
1287,89,18
1288,89,19
1289,89,20
1290,89,21
1291,89,22
1292,89,23
1293,90,0
1294,90,1
1295,90,2
1296,90,3
1297,90,4
1298,90,16
1299,90,17
1300,90,18
1301,90,19
1302,90,20
1303,90,21
1304,90,22
1305,90,23
1306,91,0
1307,91,1
1308,91,2
1309,91,3
1310,91,4
1311,91,16
1312,91,17
1313,91,18
1314,91,19
1315,91,20
1316,91,21
1317,91,22
1318,91,23
1319,92,0
1320,92,1
1321,92,2
1322,92,3
1323,92,4
1324,92,16
1325,92,17
1326,92,18
1327,92,19
1328,92,20
1329,92,21
1330,92,22
1331,92,23
1332,93,0
1333,93,1
1334,93,2
1335,93,3
1336,93,4
1337,93,16
1338,93,17
1339,93,18
1340,93,19
1341,93,20
1342,93,21
1343,93,22
1344,93,23
1345,94,0
1346,94,1
1347,94,2
1348,94,3
1349,94,4
1350,94,16
1351,94,17
1352,94,18
1353,94,19
1354,94,20
1355,94,21
1356,94,22
1357,94,23
1358,95,0
1359,95,1
1360,95,2
1361,95,3
1362,95,4
1363,95,16
1364,95,17
1365,95,18
1366,95,19
1367,95,20
1368,95,21
1369,95,22
1370,95,23
1371,96,0
1372,96,1
1373,96,2
1374,96,3
1375,96,4
1376,96,16
1377,96,17
1378,96,18
1379,96,19
1380,96,20
1381,96,21
1382,96,22
1383,96,23
1384,97,0
1385,97,1
1386,97,2
1387,97,3
1388,97,4
1389,97,16
1390,97,17
1391,97,18
1392,97,19
1393,97,20
1394,97,21
1395,97,22
1396,97,23
1397,98,0
1398,98,1
1399,98,2
1400,98,3
1401,98,4
1402,98,16
1403,98,17
1404,98,18
1405,98,19
1406,98,20
1407,98,21
1408,98,22
1409,98,23
1410,99,0
1411,99,1
1412,99,2
1413,99,3
1414,99,4
1415,99,16
1416,99,17
1417,99,18
1418,99,19
1419,99,20
1420,99,21
1421,99,22
1422,99,23
1423,100,0
1424,100,1
1425,100,2
1426,100,3
1427,100,4
1428,100,16
1429,100,17
1430,100,18
1431,100,19
1432,100,20
1433,100,21
1434,100,22
1435,100,23
1436,101,0
1437,101,1
1438,101,2
1439,101,3
1440,101,4
1441,101,16
1442,101,17
1443,101,18
1444,101,19
1445,101,20
1446,101,21
1447,101,22
1448,101,23
1449,102,0
1450,102,1
1451,102,2
1452,102,3
1453,102,4
1454,102,16
1455,102,17
1456,102,18
1457,102,19
1458,102,20
1459,102,21
1460,102,22
1461,102,23
1462,103,0
1463,103,1
1464,103,2
1465,103,3
1466,103,4
1467,103,16
1468,103,17
1469,103,18
1470,103,19
1471,103,20
1472,103,21
1473,103,22
1474,103,23
1475,104,0
1476,104,1
1477,104,2
1478,104,3
1479,104,4
1480,104,16
1481,104,17
1482,104,18
1483,104,19
1484,104,20
1485,104,21
1486,104,22
1487,104,23
1488,105,0
1489,105,1
1490,105,2
1491,105,3
1492,105,4
1493,105,16
1494,105,17
1495,105,18
1496,105,19
1497,105,20
1498,105,21
1499,105,22
1500,105,23
1501,106,0
1502,106,1
1503,106,2
1504,106,3
1505,106,4
1506,106,16
1507,106,17
1508,106,18
1509,106,19
1510,106,20
1511,106,21
1512,106,22
1513,106,23
1514,107,0
1515,107,1
1516,107,2
1517,107,3
1518,107,4
1519,107,16
1520,107,17
1521,107,18
1522,107,19
1523,107,20
1524,107,21
1525,107,22
1526,107,23
1527,108,0
1528,108,1
1529,108,2
1530,108,3
1531,108,4
1532,108,16
1533,108,17
1534,108,18
1535,108,19
1536,108,20
1537,108,21
1538,108,22
1539,108,23
1540,109,0
1541,109,1
1542,109,2
1543,109,3
1544,109,4
1545,109,16
1546,109,17
1547,109,18
1548,109,19
1549,109,20
1550,109,21
1551,109,22
1552,109,23
1553,110,0
1554,110,1
1555,110,2
1556,110,3
1557,110,4
1558,110,17
1559,110,18
1560,110,19
1561,110,20
1562,110,21
1563,110,22
1564,110,23
1565,111,0
1566,111,1
1567,111,2
1568,111,3
1569,111,4
1570,111,17
1571,111,18
1572,111,19
1573,111,20
1574,111,21
1575,111,22
1576,111,23
1577,112,0
1578,112,1
1579,112,2
1580,112,3
1581,112,4
1582,112,17
1583,112,18
1584,112,19
1585,112,20
1586,112,21
1587,112,22
1588,112,23
1589,113,0
1590,113,1
1591,113,2
1592,113,3
1593,113,4
1594,113,17
1595,113,18
1596,113,19
1597,113,20
1598,113,21
1599,113,22
1600,113,23
1601,114,0
1602,114,1
1603,114,2
1604,114,3
1605,114,4
1606,114,17
1607,114,18
1608,114,19
1609,114,20
1610,114,21
1611,114,22
1612,114,23
1613,115,0
1614,115,1
1615,115,2
1616,115,3
1617,115,4
1618,115,17
1619,115,18
1620,115,19
1621,115,20
1622,115,21
1623,115,22
1624,115,23
1625,116,0
1626,116,1
1627,116,2
1628,116,3
1629,116,4
1630,116,17
1631,116,18
1632,116,19
1633,116,20
1634,116,21
1635,116,22
1636,116,23
1637,117,0
1638,117,1
1639,117,2
1640,117,3
1641,117,4
1642,117,17
1643,117,18
1644,117,19
1645,117,20
1646,117,21
1647,117,22
1648,117,23
1649,118,0
1650,118,1
1651,118,2
1652,118,3
1653,118,4
1654,118,17
1655,118,18
1656,118,19
1657,118,20
1658,118,21
1659,118,22
1660,118,23
1661,119,0
1662,119,1
1663,119,2
1664,119,3
1665,119,4
1666,119,17
1667,119,18
1668,119,19
1669,119,20
1670,119,21
1671,119,22
1672,119,23
1673,120,0
1674,120,1
1675,120,2
1676,120,3
1677,120,4
1678,120,17
1679,120,18
1680,120,19
1681,120,20
1682,120,21
1683,120,22
1684,120,23
1685,121,0
1686,121,1
1687,121,2
1688,121,3
1689,121,4
1690,121,17
1691,121,18
1692,121,19
1693,121,20
1694,121,21
1695,121,22
1696,121,23
1697,122,0
1698,122,1
1699,122,2
1700,122,3
1701,122,17
1702,122,18
1703,122,19
1704,122,20
1705,122,21
1706,122,22
1707,122,23
1708,123,0
1709,123,1
1710,123,2
1711,123,3
1712,123,4
1713,123,17
1714,123,18
1715,123,19
1716,123,20
1717,123,21
1718,123,22
1719,123,23
1720,124,0
1721,124,1
1722,124,2
1723,124,3
1724,124,4
1725,124,17
1726,124,18
1727,124,19
1728,124,20
1729,124,21
1730,124,22
1731,124,23
1732,125,0
1733,125,1
1734,125,2
1735,125,3
1736,125,4
1737,125,17
1738,125,18
1739,125,19
1740,125,20
1741,125,21
1742,125,22
1743,125,23
1744,126,0
1745,126,1
1746,126,2
1747,126,3
1748,126,4
1749,126,17
1750,126,18
1751,126,19
1752,126,20
1753,126,21
1754,126,22
1755,126,23
1756,127,0
1757,127,1
1758,127,2
1759,127,3
1760,127,4
1761,127,17
1762,127,18
1763,127,19
1764,127,20
1765,127,21
1766,127,22
1767,127,23
1768,128,0
1769,128,1
1770,128,2
1771,128,3
1772,128,17
1773,128,18
1774,128,19
1775,128,20
1776,128,21
1777,128,22
1778,128,23
1779,129,0
1780,129,1
1781,129,2
1782,129,3
1783,129,17
1784,129,18
1785,129,19
1786,129,20
1787,129,21
1788,129,22
1789,129,23
1790,130,0
1791,130,1
1792,130,2
1793,130,3
1794,130,17
1795,130,18
1796,130,19
1797,130,20
1798,130,21
1799,130,22
1800,130,23
1801,131,0
1802,131,1
1803,131,2
1804,131,3
1805,131,17
1806,131,18
1807,131,19
1808,131,20
1809,131,21
1810,131,22
1811,131,23
1812,132,0
1813,132,1
1814,132,2
1815,132,3
1816,132,17
1817,132,18
1818,132,19
1819,132,20
1820,132,21
1821,132,22
1822,132,23
1823,133,0
1824,133,1
1825,133,2
1826,133,3
1827,133,17
1828,133,18
1829,133,19
1830,133,20
1831,133,21
1832,133,22
1833,133,23
1834,134,0
1835,134,1
1836,134,2
1837,134,3
1838,134,17
1839,134,18
1840,134,19
1841,134,20
1842,134,21
1843,134,22
1844,134,23
1845,135,0
1846,135,1
1847,135,2
1848,135,3
1849,135,17
1850,135,18
1851,135,19
1852,135,20
1853,135,21
1854,135,22
1855,135,23
1856,136,0
1857,136,1
1858,136,2
1859,136,3
1860,136,17
1861,136,18
1862,136,19
1863,136,20
1864,136,21
1865,136,22
1866,136,23
1867,137,0
1868,137,1
1869,137,2
1870,137,3
1871,137,17
1872,137,18
1873,137,19
1874,137,20
1875,137,21
1876,137,22
1877,137,23
1878,138,0
1879,138,1
1880,138,2
1881,138,3
1882,138,17
1883,138,18
1884,138,19
1885,138,20
1886,138,21
1887,138,22
1888,138,23
1889,139,0
1890,139,1
1891,139,2
1892,139,3
1893,139,17
1894,139,18
1895,139,19
1896,139,20
1897,139,21
1898,139,22
1899,139,23
1900,140,0
1901,140,1
1902,140,2
1903,140,3
1904,140,17
1905,140,18
1906,140,19
1907,140,20
1908,140,21
1909,140,22
1910,140,23
1911,141,0
1912,141,1
1913,141,2
1914,141,3
1915,141,17
1916,141,18
1917,141,19
1918,141,20
1919,141,21
1920,141,22
1921,141,23
1922,142,0
1923,142,1
1924,142,2
1925,142,3
1926,142,17
1927,142,18
1928,142,19
1929,142,20
1930,142,21
1931,142,22
1932,142,23
1933,143,0
1934,143,1
1935,143,2
1936,143,3
1937,143,17
1938,143,18
1939,143,19
1940,143,20
1941,143,21
1942,143,22
1943,143,23
1944,144,0
1945,144,1
1946,144,2
1947,144,3
1948,144,17
1949,144,18
1950,144,19
1951,144,20
1952,144,21
1953,144,22
1954,144,23
1955,145,0
1956,145,1
1957,145,2
1958,145,3
1959,145,17
1960,145,18
1961,145,19
1962,145,20
1963,145,21
1964,145,22
1965,145,23
1966,146,0
1967,146,1
1968,146,2
1969,146,3
1970,146,17
1971,146,18
1972,146,19
1973,146,20
1974,146,21
1975,146,22
1976,146,23
1977,147,0
1978,147,1
1979,147,2
1980,147,3
1981,147,17
1982,147,18
1983,147,19
1984,147,20
1985,147,21
1986,147,22
1987,147,23
1988,148,0
1989,148,1
1990,148,2
1991,148,3
1992,148,17
1993,148,18
1994,148,19
1995,148,20
1996,148,21
1997,148,22
1998,148,23
1999,149,0
2000,149,1
2001,149,2
2002,149,3
2003,149,17
2004,149,18
2005,149,19
2006,149,20
2007,149,21
2008,149,22
2009,149,23
2010,150,0
2011,150,1
2012,150,2
2013,150,3
2014,150,17
2015,150,18
2016,150,19
2017,150,20
2018,150,21
2019,150,22
2020,150,23
2021,151,0
2022,151,1
2023,151,2
2024,151,3
2025,151,17
2026,151,18
2027,151,19
2028,151,20
2029,151,21
2030,151,22
2031,151,23
2032,152,0
2033,152,1
2034,152,2
2035,152,3
2036,152,17
2037,152,18
2038,152,19
2039,152,20
2040,152,21
2041,152,22
2042,152,23
2043,153,0
2044,153,1
2045,153,2
2046,153,3
2047,153,17
2048,153,18
2049,153,19
2050,153,20
2051,153,21
2052,153,22
2053,153,23
2054,154,0
2055,154,1
2056,154,2
2057,154,3
2058,154,17
2059,154,18
2060,154,19
2061,154,20
2062,154,21
2063,154,22
2064,154,23
2065,155,0
2066,155,1
2067,155,2
2068,155,3
2069,155,17
2070,155,18
2071,155,19
2072,155,20
2073,155,21
2074,155,22
2075,155,23
2076,156,0
2077,156,1
2078,156,2
2079,156,3
2080,156,17
2081,156,18
2082,156,19
2083,156,20
2084,156,21
2085,156,22
2086,156,23
2087,157,0
2088,157,1
2089,157,2
2090,157,3
2091,157,17
2092,157,18
2093,157,19
2094,157,20
2095,157,21
2096,157,22
2097,157,23
2098,158,0
2099,158,1
2100,158,2
2101,158,3
2102,158,17
2103,158,18
2104,158,19
2105,158,20
2106,158,21
2107,158,22
2108,158,23
2109,159,0
2110,159,1
2111,159,2
2112,159,3
2113,159,17
2114,159,18
2115,159,19
2116,159,20
2117,159,21
2118,159,22
2119,159,23
2120,160,0
2121,160,1
2122,160,2
2123,160,3
2124,160,17
2125,160,18
2126,160,19
2127,160,20
2128,160,21
2129,160,22
2130,160,23
2131,161,0
2132,161,1
2133,161,2
2134,161,3
2135,161,17
2136,161,18
2137,161,19
2138,161,20
2139,161,21
2140,161,22
2141,161,23
2142,162,0
2143,162,1
2144,162,2
2145,162,3
2146,162,17
2147,162,18
2148,162,19
2149,162,20
2150,162,21
2151,162,22
2152,162,23
2153,163,0
2154,163,1
2155,163,2
2156,163,3
2157,163,17
2158,163,18
2159,163,19
2160,163,20
2161,163,21
2162,163,22
2163,163,23
2164,164,0
2165,164,1
2166,164,2
2167,164,3
2168,164,17
2169,164,18
2170,164,19
2171,164,20
2172,164,21
2173,164,22
2174,164,23
2175,165,0
2176,165,1
2177,165,2
2178,165,3
2179,165,17
2180,165,18
2181,165,19
2182,165,20
2183,165,21
2184,165,22
2185,165,23
2186,166,0
2187,166,1
2188,166,2
2189,166,3
2190,166,17
2191,166,18
2192,166,19
2193,166,20
2194,166,21
2195,166,22
2196,166,23
2197,167,0
2198,167,1
2199,167,2
2200,167,3
2201,167,17
2202,167,18
2203,167,19
2204,167,20
2205,167,21
2206,167,22
2207,167,23
2208,168,0
2209,168,1
2210,168,2
2211,168,3
2212,168,17
2213,168,18
2214,168,19
2215,168,20
2216,168,21
2217,168,22
2218,168,23
2219,169,0
2220,169,1
2221,169,2
2222,169,3
2223,169,17
2224,169,18
2225,169,19
2226,169,20
2227,169,21
2228,169,22
2229,169,23
2230,170,0
2231,170,1
2232,170,2
2233,170,3
2234,170,17
2235,170,18
2236,170,19
2237,170,20
2238,170,21
2239,170,22
2240,170,23
2241,171,0
2242,171,1
2243,171,2
2244,171,3
2245,171,17
2246,171,18
2247,171,19
2248,171,20
2249,171,21
2250,171,22
2251,171,23
2252,172,0
2253,172,1
2254,172,2
2255,172,3
2256,172,17
2257,172,18
2258,172,19
2259,172,20
2260,172,21
2261,172,22
2262,172,23
2263,173,0
2264,173,1
2265,173,2
2266,173,3
2267,173,17
2268,173,18
2269,173,19
2270,173,20
2271,173,21
2272,173,22
2273,173,23
2274,174,0
2275,174,1
2276,174,2
2277,174,3
2278,174,17
2279,174,18
2280,174,19
2281,174,20
2282,174,21
2283,174,22
2284,174,23
2285,175,0
2286,175,1
2287,175,2
2288,175,3
2289,175,17
2290,175,18
2291,175,19
2292,175,20
2293,175,21
2294,175,22
2295,175,23
2296,176,0
2297,176,1
2298,176,2
2299,176,3
2300,176,17
2301,176,18
2302,176,19
2303,176,20
2304,176,21
2305,176,22
2306,176,23
2307,177,0
2308,177,1
2309,177,2
2310,177,3
2311,177,17
2312,177,18
2313,177,19
2314,177,20
2315,177,21
2316,177,22
2317,177,23
2318,178,0
2319,178,1
2320,178,2
2321,178,3
2322,178,17
2323,178,18
2324,178,19
2325,178,20
2326,178,21
2327,178,22
2328,178,23
2329,179,0
2330,179,1
2331,179,2
2332,179,3
2333,179,17
2334,179,18
2335,179,19
2336,179,20
2337,179,21
2338,179,22
2339,179,23
2340,180,0
2341,180,1
2342,180,2
2343,180,3
2344,180,17
2345,180,18
2346,180,19
2347,180,20
2348,180,21
2349,180,22
2350,180,23
2351,181,0
2352,181,1
2353,181,2
2354,181,3
2355,181,17
2356,181,18
2357,181,19
2358,181,20
2359,181,21
2360,181,22
2361,181,23
2362,182,0
2363,182,1
2364,182,2
2365,182,3
2366,182,17
2367,182,18
2368,182,19
2369,182,20
2370,182,21
2371,182,22
2372,182,23
2373,183,0
2374,183,1
2375,183,2
2376,183,3
2377,183,17
2378,183,18
2379,183,19
2380,183,20
2381,183,21
2382,183,22
2383,183,23
2384,184,0
2385,184,1
2386,184,2
2387,184,3
2388,184,17
2389,184,18
2390,184,19
2391,184,20
2392,184,21
2393,184,22
2394,184,23
2395,185,0
2396,185,1
2397,185,2
2398,185,3
2399,185,17
2400,185,18
2401,185,19
2402,185,20
2403,185,21
2404,185,22
2405,185,23
2406,186,0
2407,186,1
2408,186,2
2409,186,3
2410,186,17
2411,186,18
2412,186,19
2413,186,20
2414,186,21
2415,186,22
2416,186,23
2417,187,0
2418,187,1
2419,187,2
2420,187,3
2421,187,17
2422,187,18
2423,187,19
2424,187,20
2425,187,21
2426,187,22
2427,187,23
2428,188,0
2429,188,1
2430,188,2
2431,188,3
2432,188,17
2433,188,18
2434,188,19
2435,188,20
2436,188,21
2437,188,22
2438,188,23
2439,189,0
2440,189,1
2441,189,2
2442,189,3
2443,189,17
2444,189,18
2445,189,19
2446,189,20
2447,189,21
2448,189,22
2449,189,23
2450,190,0
2451,190,1
2452,190,2
2453,190,3
2454,190,17
2455,190,18
2456,190,19
2457,190,20
2458,190,21
2459,190,22
2460,190,23
2461,191,0
2462,191,1
2463,191,2
2464,191,3
2465,191,17
2466,191,18
2467,191,19
2468,191,20
2469,191,21
2470,191,22
2471,191,23
2472,192,0
2473,192,1
2474,192,2
2475,192,3
2476,192,17
2477,192,18
2478,192,19
2479,192,20
2480,192,21
2481,192,22
2482,192,23
2483,193,0
2484,193,1
2485,193,2
2486,193,3
2487,193,17
2488,193,18
2489,193,19
2490,193,20
2491,193,21
2492,193,22
2493,193,23
2494,194,0
2495,194,1
2496,194,2
2497,194,3
2498,194,17
2499,194,18
2500,194,19
2501,194,20
2502,194,21
2503,194,22
2504,194,23
2505,195,0
2506,195,1
2507,195,2
2508,195,3
2509,195,17
2510,195,18
2511,195,19
2512,195,20
2513,195,21
2514,195,22
2515,195,23
2516,196,0
2517,196,1
2518,196,2
2519,196,3
2520,196,17
2521,196,18
2522,196,19
2523,196,20
2524,196,21
2525,196,22
2526,196,23
2527,197,0
2528,197,1
2529,197,2
2530,197,3
2531,197,17
2532,197,18
2533,197,19
2534,197,20
2535,197,21
2536,197,22
2537,197,23
2538,198,0
2539,198,1
2540,198,2
2541,198,3
2542,198,17
2543,198,18
2544,198,19
2545,198,20
2546,198,21
2547,198,22
2548,198,23
2549,199,0
2550,199,1
2551,199,2
2552,199,3
2553,199,17
2554,199,18
2555,199,19
2556,199,20
2557,199,21
2558,199,22
2559,199,23
2560,200,0
2561,200,1
2562,200,2
2563,200,3
2564,200,17
2565,200,18
2566,200,19
2567,200,20
2568,200,21
2569,200,22
2570,200,23
2571,201,0
2572,201,1
2573,201,2
2574,201,3
2575,201,17
2576,201,18
2577,201,19
2578,201,20
2579,201,21
2580,201,22
2581,201,23
2582,202,0
2583,202,1
2584,202,2
2585,202,3
2586,202,17
2587,202,18
2588,202,19
2589,202,20
2590,202,21
2591,202,22
2592,202,23
2593,203,0
2594,203,1
2595,203,2
2596,203,3
2597,203,17
2598,203,18
2599,203,19
2600,203,20
2601,203,21
2602,203,22
2603,203,23
2604,204,0
2605,204,1
2606,204,2
2607,204,3
2608,204,17
2609,204,18
2610,204,19
2611,204,20
2612,204,21
2613,204,22
2614,204,23
2615,205,0
2616,205,1
2617,205,2
2618,205,3
2619,205,17
2620,205,18
2621,205,19
2622,205,20
2623,205,21
2624,205,22
2625,205,23
2626,206,0
2627,206,1
2628,206,2
2629,206,3
2630,206,17
2631,206,18
2632,206,19
2633,206,20
2634,206,21
2635,206,22
2636,206,23
2637,207,0
2638,207,1
2639,207,2
2640,207,3
2641,207,17
2642,207,18
2643,207,19
2644,207,20
2645,207,21
2646,207,22
2647,207,23
2648,208,0
2649,208,1
2650,208,2
2651,208,3
2652,208,17
2653,208,18
2654,208,19
2655,208,20
2656,208,21
2657,208,22
2658,208,23
2659,209,0
2660,209,1
2661,209,2
2662,209,3
2663,209,17
2664,209,18
2665,209,19
2666,209,20
2667,209,21
2668,209,22
2669,209,23
2670,210,0
2671,210,1
2672,210,2
2673,210,3
2674,210,17
2675,210,18
2676,210,19
2677,210,20
2678,210,21
2679,210,22
2680,210,23
2681,211,0
2682,211,1
2683,211,2
2684,211,3
2685,211,17
2686,211,18
2687,211,19
2688,211,20
2689,211,21
2690,211,22
2691,211,23
2692,212,0
2693,212,1
2694,212,2
2695,212,3
2696,212,17
2697,212,18
2698,212,19
2699,212,20
2700,212,21
2701,212,22
2702,212,23
2703,213,0
2704,213,1
2705,213,2
2706,213,3
2707,213,17
2708,213,18
2709,213,19
2710,213,20
2711,213,21
2712,213,22
2713,213,23
2714,214,0
2715,214,1
2716,214,2
2717,214,3
2718,214,17
2719,214,18
2720,214,19
2721,214,20
2722,214,21
2723,214,22
2724,214,23
2725,215,0
2726,215,1
2727,215,2
2728,215,3
2729,215,17
2730,215,18
2731,215,19
2732,215,20
2733,215,21
2734,215,22
2735,215,23
2736,216,0
2737,216,1
2738,216,2
2739,216,3
2740,216,17
2741,216,18
2742,216,19
2743,216,20
2744,216,21
2745,216,22
2746,216,23
2747,217,0
2748,217,1
2749,217,2
2750,217,3
2751,217,17
2752,217,18
2753,217,19
2754,217,20
2755,217,21
2756,217,22
2757,217,23
2758,218,0
2759,218,1
2760,218,2
2761,218,3
2762,218,17
2763,218,18
2764,218,19
2765,218,20
2766,218,21
2767,218,22
2768,218,23
2769,219,0
2770,219,1
2771,219,2
2772,219,3
2773,219,17
2774,219,18
2775,219,19
2776,219,20
2777,219,21
2778,219,22
2779,219,23
2780,220,0
2781,220,1
2782,220,2
2783,220,3
2784,220,17
2785,220,18
2786,220,19
2787,220,20
2788,220,21
2789,220,22
2790,220,23
2791,221,0
2792,221,1
2793,221,2
2794,221,3
2795,221,17
2796,221,18
2797,221,19
2798,221,20
2799,221,21
2800,221,22
2801,221,23
2802,222,0
2803,222,1
2804,222,2
2805,222,3
2806,222,4
2807,222,17
2808,222,18
2809,222,19
2810,222,20
2811,222,21
2812,222,22
2813,222,23
2814,223,0
2815,223,1
2816,223,2
2817,223,3
2818,223,17
2819,223,18
2820,223,19
2821,223,20
2822,223,21
2823,223,22
2824,223,23
2825,224,0
2826,224,1
2827,224,2
2828,224,3
2829,224,17
2830,224,18
2831,224,19
2832,224,20
2833,224,21
2834,224,22
2835,224,23
2836,225,0
2837,225,1
2838,225,2
2839,225,3
2840,225,17
2841,225,18
2842,225,19
2843,225,20
2844,225,21
2845,225,22
2846,225,23
2847,226,0
2848,226,1
2849,226,2
2850,226,3
2851,226,17
2852,226,18
2853,226,19
2854,226,20
2855,226,21
2856,226,22
2857,226,23
2858,227,0
2859,227,1
2860,227,2
2861,227,3
2862,227,17
2863,227,18
2864,227,19
2865,227,20
2866,227,21
2867,227,22
2868,227,23
2869,228,0
2870,228,1
2871,228,2
2872,228,3
2873,228,4
2874,228,17
2875,228,18
2876,228,19
2877,228,20
2878,228,21
2879,228,22
2880,228,23
2881,229,0
2882,229,1
2883,229,2
2884,229,3
2885,229,4
2886,229,17
2887,229,18
2888,229,19
2889,229,20
2890,229,21
2891,229,22
2892,229,23
2893,230,0
2894,230,1
2895,230,2
2896,230,3
2897,230,4
2898,230,17
2899,230,18
2900,230,19
2901,230,20
2902,230,21
2903,230,22
2904,230,23
2905,231,0
2906,231,1
2907,231,2
2908,231,3
2909,231,4
2910,231,17
2911,231,18
2912,231,19
2913,231,20
2914,231,21
2915,231,22
2916,231,23
2917,232,0
2918,232,1
2919,232,2
2920,232,3
2921,232,4
2922,232,17
2923,232,18
2924,232,19
2925,232,20
2926,232,21
2927,232,22
2928,232,23
2929,233,0
2930,233,1
2931,233,2
2932,233,3
2933,233,4
2934,233,17
2935,233,18
2936,233,19
2937,233,20
2938,233,21
2939,233,22
2940,233,23
2941,234,0
2942,234,1
2943,234,2
2944,234,3
2945,234,4
2946,234,17
2947,234,18
2948,234,19
2949,234,20
2950,234,21
2951,234,22
2952,234,23
2953,235,0
2954,235,1
2955,235,2
2956,235,3
2957,235,4
2958,235,17
2959,235,18
2960,235,19
2961,235,20
2962,235,21
2963,235,22
2964,235,23
2965,236,0
2966,236,1
2967,236,2
2968,236,3
2969,236,4
2970,236,17
2971,236,18
2972,236,19
2973,236,20
2974,236,21
2975,236,22
2976,236,23
2977,237,0
2978,237,1
2979,237,2
2980,237,3
2981,237,4
2982,237,17
2983,237,18
2984,237,19
2985,237,20
2986,237,21
2987,237,22
2988,237,23
2989,238,0
2990,238,1
2991,238,2
2992,238,3
2993,238,4
2994,238,17
2995,238,18
2996,238,19
2997,238,20
2998,238,21
2999,238,22
3000,238,23
3001,239,0
3002,239,1
3003,239,2
3004,239,3
3005,239,4
3006,239,17
3007,239,18
3008,239,19
3009,239,20
3010,239,21
3011,239,22
3012,239,23
3013,240,0
3014,240,1
3015,240,2
3016,240,3
3017,240,4
3018,240,17
3019,240,18
3020,240,19
3021,240,20
3022,240,21
3023,240,22
3024,240,23
3025,241,0
3026,241,1
3027,241,2
3028,241,3
3029,241,4
3030,241,17
3031,241,18
3032,241,19
3033,241,20
3034,241,21
3035,241,22
3036,241,23
3037,242,0
3038,242,1
3039,242,2
3040,242,3
3041,242,4
3042,242,16
3043,242,17
3044,242,18
3045,242,19
3046,242,20
3047,242,21
3048,242,22
3049,242,23
3050,243,0
3051,243,1
3052,243,2
3053,243,3
3054,243,4
3055,243,16
3056,243,17
3057,243,18
3058,243,19
3059,243,20
3060,243,21
3061,243,22
3062,243,23
3063,244,0
3064,244,1
3065,244,2
3066,244,3
3067,244,4
3068,244,16
3069,244,17
3070,244,18
3071,244,19
3072,244,20
3073,244,21
3074,244,22
3075,244,23
3076,245,0
3077,245,1
3078,245,2
3079,245,3
3080,245,4
3081,245,16
3082,245,17
3083,245,18
3084,245,19
3085,245,20
3086,245,21
3087,245,22
3088,245,23
3089,246,0
3090,246,1
3091,246,2
3092,246,3
3093,246,4
3094,246,16
3095,246,17
3096,246,18
3097,246,19
3098,246,20
3099,246,21
3100,246,22
3101,246,23
3102,247,0
3103,247,1
3104,247,2
3105,247,3
3106,247,4
3107,247,16
3108,247,17
3109,247,18
3110,247,19
3111,247,20
3112,247,21
3113,247,22
3114,247,23
3115,248,0
3116,248,1
3117,248,2
3118,248,3
3119,248,4
3120,248,16
3121,248,17
3122,248,18
3123,248,19
3124,248,20
3125,248,21
3126,248,22
3127,248,23
3128,249,0
3129,249,1
3130,249,2
3131,249,3
3132,249,4
3133,249,16
3134,249,17
3135,249,18
3136,249,19
3137,249,20
3138,249,21
3139,249,22
3140,249,23
3141,250,0
3142,250,1
3143,250,2
3144,250,3
3145,250,4
3146,250,16
3147,250,17
3148,250,18
3149,250,19
3150,250,20
3151,250,21
3152,250,22
3153,250,23
3154,251,0
3155,251,1
3156,251,2
3157,251,3
3158,251,4
3159,251,16
3160,251,17
3161,251,18
3162,251,19
3163,251,20
3164,251,21
3165,251,22
3166,251,23
3167,252,0
3168,252,1
3169,252,2
3170,252,3
3171,252,4
3172,252,16
3173,252,17
3174,252,18
3175,252,19
3176,252,20
3177,252,21
3178,252,22
3179,252,23
3180,253,0
3181,253,1
3182,253,2
3183,253,3
3184,253,4
3185,253,16
3186,253,17
3187,253,18
3188,253,19
3189,253,20
3190,253,21
3191,253,22
3192,253,23
3193,254,0
3194,254,1
3195,254,2
3196,254,3
3197,254,4
3198,254,16
3199,254,17
3200,254,18
3201,254,19
3202,254,20
3203,254,21
3204,254,22
3205,254,23
3206,255,0
3207,255,1
3208,255,2
3209,255,3
3210,255,4
3211,255,16
3212,255,17
3213,255,18
3214,255,19
3215,255,20
3216,255,21
3217,255,22
3218,255,23
3219,256,0
3220,256,1
3221,256,2
3222,256,3
3223,256,4
3224,256,16
3225,256,17
3226,256,18
3227,256,19
3228,256,20
3229,256,21
3230,256,22
3231,256,23
3232,257,0
3233,257,1
3234,257,2
3235,257,3
3236,257,4
3237,257,16
3238,257,17
3239,257,18
3240,257,19
3241,257,20
3242,257,21
3243,257,22
3244,257,23
3245,258,0
3246,258,1
3247,258,2
3248,258,3
3249,258,4
3250,258,16
3251,258,17
3252,258,18
3253,258,19
3254,258,20
3255,258,21
3256,258,22
3257,258,23
3258,259,0
3259,259,1
3260,259,2
3261,259,3
3262,259,4
3263,259,16
3264,259,17
3265,259,18
3266,259,19
3267,259,20
3268,259,21
3269,259,22
3270,259,23
3271,260,0
3272,260,1
3273,260,2
3274,260,3
3275,260,4
3276,260,16
3277,260,17
3278,260,18
3279,260,19
3280,260,20
3281,260,21
3282,260,22
3283,260,23
3284,261,0
3285,261,1
3286,261,2
3287,261,3
3288,261,4
3289,261,16
3290,261,17
3291,261,18
3292,261,19
3293,261,20
3294,261,21
3295,261,22
3296,261,23
3297,262,0
3298,262,1
3299,262,2
3300,262,3
3301,262,4
3302,262,16
3303,262,17
3304,262,18
3305,262,19
3306,262,20
3307,262,21
3308,262,22
3309,262,23
3310,263,0
3311,263,1
3312,263,2
3313,263,3
3314,263,4
3315,263,16
3316,263,17
3317,263,18
3318,263,19
3319,263,20
3320,263,21
3321,263,22
3322,263,23
3323,264,0
3324,264,1
3325,264,2
3326,264,3
3327,264,4
3328,264,16
3329,264,17
3330,264,18
3331,264,19
3332,264,20
3333,264,21
3334,264,22
3335,264,23
3336,265,0
3337,265,1
3338,265,2
3339,265,3
3340,265,4
3341,265,16
3342,265,17
3343,265,18
3344,265,19
3345,265,20
3346,265,21
3347,265,22
3348,265,23
3349,266,0
3350,266,1
3351,266,2
3352,266,3
3353,266,4
3354,266,16
3355,266,17
3356,266,18
3357,266,19
3358,266,20
3359,266,21
3360,266,22
3361,266,23
3362,267,0
3363,267,1
3364,267,2
3365,267,3
3366,267,4
3367,267,16
3368,267,17
3369,267,18
3370,267,19
3371,267,20
3372,267,21
3373,267,22
3374,267,23
3375,268,0
3376,268,1
3377,268,2
3378,268,3
3379,268,4
3380,268,16
3381,268,17
3382,268,18
3383,268,19
3384,268,20
3385,268,21
3386,268,22
3387,268,23
3388,269,0
3389,269,1
3390,269,2
3391,269,3
3392,269,4
3393,269,16
3394,269,17
3395,269,18
3396,269,19
3397,269,20
3398,269,21
3399,269,22
3400,269,23
3401,270,0
3402,270,1
3403,270,2
3404,270,3
3405,270,4
3406,270,16
3407,270,17
3408,270,18
3409,270,19
3410,270,20
3411,270,21
3412,270,22
3413,270,23
3414,271,0
3415,271,1
3416,271,2
3417,271,3
3418,271,4
3419,271,16
3420,271,17
3421,271,18
3422,271,19
3423,271,20
3424,271,21
3425,271,22
3426,271,23
3427,272,0
3428,272,1
3429,272,2
3430,272,3
3431,272,4
3432,272,16
3433,272,17
3434,272,18
3435,272,19
3436,272,20
3437,272,21
3438,272,22
3439,272,23
3440,273,0
3441,273,1
3442,273,2
3443,273,3
3444,273,4
3445,273,16
3446,273,17
3447,273,18
3448,273,19
3449,273,20
3450,273,21
3451,273,22
3452,273,23
3453,274,0
3454,274,1
3455,274,2
3456,274,3
3457,274,4
3458,274,16
3459,274,17
3460,274,18
3461,274,19
3462,274,20
3463,274,21
3464,274,22
3465,274,23
3466,275,0
3467,275,1
3468,275,2
3469,275,3
3470,275,4
3471,275,16
3472,275,17
3473,275,18
3474,275,19
3475,275,20
3476,275,21
3477,275,22
3478,275,23
3479,276,0
3480,276,1
3481,276,2
3482,276,3
3483,276,4
3484,276,16
3485,276,17
3486,276,18
3487,276,19
3488,276,20
3489,276,21
3490,276,22
3491,276,23
3492,277,0
3493,277,1
3494,277,2
3495,277,3
3496,277,4
3497,277,16
3498,277,17
3499,277,18
3500,277,19
3501,277,20
3502,277,21
3503,277,22
3504,277,23
3505,278,0
3506,278,1
3507,278,2
3508,278,3
3509,278,4
3510,278,5
3511,278,16
3512,278,17
3513,278,18
3514,278,19
3515,278,20
3516,278,21
3517,278,22
3518,278,23
3519,279,0
3520,279,1
3521,279,2
3522,279,3
3523,279,4
3524,279,16
3525,279,17
3526,279,18
3527,279,19
3528,279,20
3529,279,21
3530,279,22
3531,279,23
3532,280,0
3533,280,1
3534,280,2
3535,280,3
3536,280,4
3537,280,5
3538,280,16
3539,280,17
3540,280,18
3541,280,19
3542,280,20
3543,280,21
3544,280,22
3545,280,23
3546,281,0
3547,281,1
3548,281,2
3549,281,3
3550,281,4
3551,281,5
3552,281,16
3553,281,17
3554,281,18
3555,281,19
3556,281,20
3557,281,21
3558,281,22
3559,281,23
3560,282,0
3561,282,1
3562,282,2
3563,282,3
3564,282,4
3565,282,5
3566,282,16
3567,282,17
3568,282,18
3569,282,19
3570,282,20
3571,282,21
3572,282,22
3573,282,23
3574,283,0
3575,283,1
3576,283,2
3577,283,3
3578,283,4
3579,283,5
3580,283,16
3581,283,17
3582,283,18
3583,283,19
3584,283,20
3585,283,21
3586,283,22
3587,283,23
3588,284,0
3589,284,1
3590,284,2
3591,284,3
3592,284,4
3593,284,5
3594,284,16
3595,284,17
3596,284,18
3597,284,19
3598,284,20
3599,284,21
3600,284,22
3601,284,23
3602,285,0
3603,285,1
3604,285,2
3605,285,3
3606,285,4
3607,285,5
3608,285,16
3609,285,17
3610,285,18
3611,285,19
3612,285,20
3613,285,21
3614,285,22
3615,285,23
3616,286,0
3617,286,1
3618,286,2
3619,286,3
3620,286,4
3621,286,5
3622,286,16
3623,286,17
3624,286,18
3625,286,19
3626,286,20
3627,286,21
3628,286,22
3629,286,23
3630,287,0
3631,287,1
3632,287,2
3633,287,3
3634,287,4
3635,287,5
3636,287,16
3637,287,17
3638,287,18
3639,287,19
3640,287,20
3641,287,21
3642,287,22
3643,287,23
3644,288,0
3645,288,1
3646,288,2
3647,288,3
3648,288,4
3649,288,5
3650,288,16
3651,288,17
3652,288,18
3653,288,19
3654,288,20
3655,288,21
3656,288,22
3657,288,23
3658,289,0
3659,289,1
3660,289,2
3661,289,3
3662,289,4
3663,289,5
3664,289,16
3665,289,17
3666,289,18
3667,289,19
3668,289,20
3669,289,21
3670,289,22
3671,289,23
3672,290,0
3673,290,1
3674,290,2
3675,290,3
3676,290,4
3677,290,5
3678,290,16
3679,290,17
3680,290,18
3681,290,19
3682,290,20
3683,290,21
3684,290,22
3685,290,23
3686,291,0
3687,291,1
3688,291,2
3689,291,3
3690,291,4
3691,291,5
3692,291,16
3693,291,17
3694,291,18
3695,291,19
3696,291,20
3697,291,21
3698,291,22
3699,291,23
3700,292,0
3701,292,1
3702,292,2
3703,292,3
3704,292,4
3705,292,5
3706,292,16
3707,292,17
3708,292,18
3709,292,19
3710,292,20
3711,292,21
3712,292,22
3713,292,23
3714,293,0
3715,293,1
3716,293,2
3717,293,3
3718,293,4
3719,293,5
3720,293,16
3721,293,17
3722,293,18
3723,293,19
3724,293,20
3725,293,21
3726,293,22
3727,293,23
3728,294,0
3729,294,1
3730,294,2
3731,294,3
3732,294,4
3733,294,5
3734,294,15
3735,294,16
3736,294,17
3737,294,18
3738,294,19
3739,294,20
3740,294,21
3741,294,22
3742,294,23
3743,295,0
3744,295,1
3745,295,2
3746,295,3
3747,295,4
3748,295,5
3749,295,15
3750,295,16
3751,295,17
3752,295,18
3753,295,19
3754,295,20
3755,295,21
3756,295,22
3757,295,23
3758,296,0
3759,296,1
3760,296,2
3761,296,3
3762,296,4
3763,296,5
3764,296,15
3765,296,16
3766,296,17
3767,296,18
3768,296,19
3769,296,20
3770,296,21
3771,296,22
3772,296,23
3773,297,0
3774,297,1
3775,297,2
3776,297,3
3777,297,4
3778,297,5
3779,297,15
3780,297,16
3781,297,17
3782,297,18
3783,297,19
3784,297,20
3785,297,21
3786,297,22
3787,297,23
3788,298,0
3789,298,1
3790,298,2
3791,298,3
3792,298,4
3793,298,5
3794,298,15
3795,298,16
3796,298,17
3797,298,18
3798,298,19
3799,298,20
3800,298,21
3801,298,22
3802,298,23
3803,299,0
3804,299,1
3805,299,2
3806,299,3
3807,299,4
3808,299,5
3809,299,15
3810,299,16
3811,299,17
3812,299,18
3813,299,19
3814,299,20
3815,299,21
3816,299,22
3817,299,23
3818,300,0
3819,300,1
3820,300,2
3821,300,3
3822,300,4
3823,300,5
3824,300,15
3825,300,16
3826,300,17
3827,300,18
3828,300,19
3829,300,20
3830,300,21
3831,300,22
3832,300,23
3833,301,0
3834,301,1
3835,301,2
3836,301,3
3837,301,4
3838,301,5
3839,301,15
3840,301,16
3841,301,17
3842,301,18
3843,301,19
3844,301,20
3845,301,21
3846,301,22
3847,301,23
3848,302,0
3849,302,1
3850,302,2
3851,302,3
3852,302,4
3853,302,5
3854,302,15
3855,302,16
3856,302,17
3857,302,18
3858,302,19
3859,302,20
3860,302,21
3861,302,22
3862,302,23
3863,303,0
3864,303,1
3865,303,2
3866,303,3
3867,303,4
3868,303,5
3869,303,15
3870,303,16
3871,303,17
3872,303,18
3873,303,19
3874,303,20
3875,303,21
3876,303,22
3877,303,23
3878,304,0
3879,304,1
3880,304,2
3881,304,3
3882,304,4
3883,304,5
3884,304,15
3885,304,16
3886,304,17
3887,304,18
3888,304,19
3889,304,20
3890,304,21
3891,304,22
3892,304,23
3893,305,0
3894,305,1
3895,305,2
3896,305,3
3897,305,4
3898,305,5
3899,305,15
3900,305,16
3901,305,17
3902,305,18
3903,305,19
3904,305,20
3905,305,21
3906,305,22
3907,305,23
3908,306,0
3909,306,1
3910,306,2
3911,306,3
3912,306,4
3913,306,5
3914,306,15
3915,306,16
3916,306,17
3917,306,18
3918,306,19
3919,306,20
3920,306,21
3921,306,22
3922,306,23
3923,307,0
3924,307,1
3925,307,2
3926,307,3
3927,307,4
3928,307,5
3929,307,15
3930,307,16
3931,307,17
3932,307,18
3933,307,19
3934,307,20
3935,307,21
3936,307,22
3937,307,23
3938,308,0
3939,308,1
3940,308,2
3941,308,3
3942,308,4
3943,308,5
3944,308,15
3945,308,16
3946,308,17
3947,308,18
3948,308,19
3949,308,20
3950,308,21
3951,308,22
3952,308,23
3953,309,0
3954,309,1
3955,309,2
3956,309,3
3957,309,4
3958,309,5
3959,309,15
3960,309,16
3961,309,17
3962,309,18
3963,309,19
3964,309,20
3965,309,21
3966,309,22
3967,309,23
3968,310,0
3969,310,1
3970,310,2
3971,310,3
3972,310,4
3973,310,5
3974,310,15
3975,310,16
3976,310,17
3977,310,18
3978,310,19
3979,310,20
3980,310,21
3981,310,22
3982,310,23
3983,311,0
3984,311,1
3985,311,2
3986,311,3
3987,311,4
3988,311,5
3989,311,15
3990,311,16
3991,311,17
3992,311,18
3993,311,19
3994,311,20
3995,311,21
3996,311,22
3997,311,23
3998,312,0
3999,312,1
4000,312,2
4001,312,3
4002,312,4
4003,312,5
4004,312,15
4005,312,16
4006,312,17
4007,312,18
4008,312,19
4009,312,20
4010,312,21
4011,312,22
4012,312,23
4013,313,0
4014,313,1
4015,313,2
4016,313,3
4017,313,4
4018,313,5
4019,313,15
4020,313,16
4021,313,17
4022,313,18
4023,313,19
4024,313,20
4025,313,21
4026,313,22
4027,313,23
4028,314,0
4029,314,1
4030,314,2
4031,314,3
4032,314,4
4033,314,5
4034,314,15
4035,314,16
4036,314,17
4037,314,18
4038,314,19
4039,314,20
4040,314,21
4041,314,22
4042,314,23
4043,315,0
4044,315,1
4045,315,2
4046,315,3
4047,315,4
4048,315,5
4049,315,15
4050,315,16
4051,315,17
4052,315,18
4053,315,19
4054,315,20
4055,315,21
4056,315,22
4057,315,23
4058,316,0
4059,316,1
4060,316,2
4061,316,3
4062,316,4
4063,316,5
4064,316,15
4065,316,16
4066,316,17
4067,316,18
4068,316,19
4069,316,20
4070,316,21
4071,316,22
4072,316,23
4073,317,0
4074,317,1
4075,317,2
4076,317,3
4077,317,4
4078,317,5
4079,317,15
4080,317,16
4081,317,17
4082,317,18
4083,317,19
4084,317,20
4085,317,21
4086,317,22
4087,317,23
4088,318,0
4089,318,1
4090,318,2
4091,318,3
4092,318,4
4093,318,5
4094,318,15
4095,318,16
4096,318,17
4097,318,18
4098,318,19
4099,318,20
4100,318,21
4101,318,22
4102,318,23
4103,319,0
4104,319,1
4105,319,2
4106,319,3
4107,319,4
4108,319,5
4109,319,6
4110,319,15
4111,319,16
4112,319,17
4113,319,18
4114,319,19
4115,319,20
4116,319,21
4117,319,22
4118,319,23
4119,320,0
4120,320,1
4121,320,2
4122,320,3
4123,320,4
4124,320,5
4125,320,15
4126,320,16
4127,320,17
4128,320,18
4129,320,19
4130,320,20
4131,320,21
4132,320,22
4133,320,23
4134,321,0
4135,321,1
4136,321,2
4137,321,3
4138,321,4
4139,321,5
4140,321,15
4141,321,16
4142,321,17
4143,321,18
4144,321,19
4145,321,20
4146,321,21
4147,321,22
4148,321,23
4149,322,0
4150,322,1
4151,322,2
4152,322,3
4153,322,4
4154,322,5
4155,322,15
4156,322,16
4157,322,17
4158,322,18
4159,322,19
4160,322,20
4161,322,21
4162,322,22
4163,322,23
4164,323,0
4165,323,1
4166,323,2
4167,323,3
4168,323,4
4169,323,5
4170,323,15
4171,323,16
4172,323,17
4173,323,18
4174,323,19
4175,323,20
4176,323,21
4177,323,22
4178,323,23
4179,324,0
4180,324,1
4181,324,2
4182,324,3
4183,324,4
4184,324,5
4185,324,6
4186,324,15
4187,324,16
4188,324,17
4189,324,18
4190,324,19
4191,324,20
4192,324,21
4193,324,22
4194,324,23
4195,325,0
4196,325,1
4197,325,2
4198,325,3
4199,325,4
4200,325,5
4201,325,6
4202,325,15
4203,325,16
4204,325,17
4205,325,18
4206,325,19
4207,325,20
4208,325,21
4209,325,22
4210,325,23
4211,326,0
4212,326,1
4213,326,2
4214,326,3
4215,326,4
4216,326,5
4217,326,6
4218,326,15
4219,326,16
4220,326,17
4221,326,18
4222,326,19
4223,326,20
4224,326,21
4225,326,22
4226,326,23
4227,327,0
4228,327,1
4229,327,2
4230,327,3
4231,327,4
4232,327,5
4233,327,6
4234,327,15
4235,327,16
4236,327,17
4237,327,18
4238,327,19
4239,327,20
4240,327,21
4241,327,22
4242,327,23
4243,328,0
4244,328,1
4245,328,2
4246,328,3
4247,328,4
4248,328,5
4249,328,6
4250,328,15
4251,328,16
4252,328,17
4253,328,18
4254,328,19
4255,328,20
4256,328,21
4257,328,22
4258,328,23
4259,329,0
4260,329,1
4261,329,2
4262,329,3
4263,329,4
4264,329,5
4265,329,6
4266,329,15
4267,329,16
4268,329,17
4269,329,18
4270,329,19
4271,329,20
4272,329,21
4273,329,22
4274,329,23
4275,330,0
4276,330,1
4277,330,2
4278,330,3
4279,330,4
4280,330,5
4281,330,6
4282,330,15
4283,330,16
4284,330,17
4285,330,18
4286,330,19
4287,330,20
4288,330,21
4289,330,22
4290,330,23
4291,331,0
4292,331,1
4293,331,2
4294,331,3
4295,331,4
4296,331,5
4297,331,6
4298,331,15
4299,331,16
4300,331,17
4301,331,18
4302,331,19
4303,331,20
4304,331,21
4305,331,22
4306,331,23
4307,332,0
4308,332,1
4309,332,2
4310,332,3
4311,332,4
4312,332,5
4313,332,6
4314,332,15
4315,332,16
4316,332,17
4317,332,18
4318,332,19
4319,332,20
4320,332,21
4321,332,22
4322,332,23
4323,333,0
4324,333,1
4325,333,2
4326,333,3
4327,333,4
4328,333,5
4329,333,6
4330,333,15
4331,333,16
4332,333,17
4333,333,18
4334,333,19
4335,333,20
4336,333,21
4337,333,22
4338,333,23
4339,334,0
4340,334,1
4341,334,2
4342,334,3
4343,334,4
4344,334,5
4345,334,6
4346,334,15
4347,334,16
4348,334,17
4349,334,18
4350,334,19
4351,334,20
4352,334,21
4353,334,22
4354,334,23
4355,335,0
4356,335,1
4357,335,2
4358,335,3
4359,335,4
4360,335,5
4361,335,6
4362,335,15
4363,335,16
4364,335,17
4365,335,18
4366,335,19
4367,335,20
4368,335,21
4369,335,22
4370,335,23
4371,336,0
4372,336,1
4373,336,2
4374,336,3
4375,336,4
4376,336,5
4377,336,6
4378,336,15
4379,336,16
4380,336,17
4381,336,18
4382,336,19
4383,336,20
4384,336,21
4385,336,22
4386,336,23
4387,337,0
4388,337,1
4389,337,2
4390,337,3
4391,337,4
4392,337,5
4393,337,6
4394,337,15
4395,337,16
4396,337,17
4397,337,18
4398,337,19
4399,337,20
4400,337,21
4401,337,22
4402,337,23
4403,338,0
4404,338,1
4405,338,2
4406,338,3
4407,338,4
4408,338,5
4409,338,6
4410,338,15
4411,338,16
4412,338,17
4413,338,18
4414,338,19
4415,338,20
4416,338,21
4417,338,22
4418,338,23
4419,339,0
4420,339,1
4421,339,2
4422,339,3
4423,339,4
4424,339,5
4425,339,6
4426,339,15
4427,339,16
4428,339,17
4429,339,18
4430,339,19
4431,339,20
4432,339,21
4433,339,22
4434,339,23
4435,340,0
4436,340,1
4437,340,2
4438,340,3
4439,340,4
4440,340,5
4441,340,6
4442,340,15
4443,340,16
4444,340,17
4445,340,18
4446,340,19
4447,340,20
4448,340,21
4449,340,22
4450,340,23
4451,341,0
4452,341,1
4453,341,2
4454,341,3
4455,341,4
4456,341,5
4457,341,6
4458,341,15
4459,341,16
4460,341,17
4461,341,18
4462,341,19
4463,341,20
4464,341,21
4465,341,22
4466,341,23
4467,342,0
4468,342,1
4469,342,2
4470,342,3
4471,342,4
4472,342,5
4473,342,6
4474,342,15
4475,342,16
4476,342,17
4477,342,18
4478,342,19
4479,342,20
4480,342,21
4481,342,22
4482,342,23
4483,343,0
4484,343,1
4485,343,2
4486,343,3
4487,343,4
4488,343,5
4489,343,6
4490,343,15
4491,343,16
4492,343,17
4493,343,18
4494,343,19
4495,343,20
4496,343,21
4497,343,22
4498,343,23
4499,344,0
4500,344,1
4501,344,2
4502,344,3
4503,344,4
4504,344,5
4505,344,6
4506,344,15
4507,344,16
4508,344,17
4509,344,18
4510,344,19
4511,344,20
4512,344,21
4513,344,22
4514,344,23
4515,345,0
4516,345,1
4517,345,2
4518,345,3
4519,345,4
4520,345,5
4521,345,6
4522,345,15
4523,345,16
4524,345,17
4525,345,18
4526,345,19
4527,345,20
4528,345,21
4529,345,22
4530,345,23
4531,346,0
4532,346,1
4533,346,2
4534,346,3
4535,346,4
4536,346,5
4537,346,6
4538,346,15
4539,346,16
4540,346,17
4541,346,18
4542,346,19
4543,346,20
4544,346,21
4545,346,22
4546,346,23
4547,347,0
4548,347,1
4549,347,2
4550,347,3
4551,347,4
4552,347,5
4553,347,6
4554,347,15
4555,347,16
4556,347,17
4557,347,18
4558,347,19
4559,347,20
4560,347,21
4561,347,22
4562,347,23
4563,348,0
4564,348,1
4565,348,2
4566,348,3
4567,348,4
4568,348,5
4569,348,6
4570,348,15
4571,348,16
4572,348,17
4573,348,18
4574,348,19
4575,348,20
4576,348,21
4577,348,22
4578,348,23
4579,349,0
4580,349,1
4581,349,2
4582,349,3
4583,349,4
4584,349,5
4585,349,6
4586,349,15
4587,349,16
4588,349,17
4589,349,18
4590,349,19
4591,349,20
4592,349,21
4593,349,22
4594,349,23
4595,350,0
4596,350,1
4597,350,2
4598,350,3
4599,350,4
4600,350,5
4601,350,6
4602,350,15
4603,350,16
4604,350,17
4605,350,18
4606,350,19
4607,350,20
4608,350,21
4609,350,22
4610,350,23
4611,351,0
4612,351,1
4613,351,2
4614,351,3
4615,351,4
4616,351,5
4617,351,6
4618,351,15
4619,351,16
4620,351,17
4621,351,18
4622,351,19
4623,351,20
4624,351,21
4625,351,22
4626,351,23
4627,352,0
4628,352,1
4629,352,2
4630,352,3
4631,352,4
4632,352,5
4633,352,6
4634,352,15
4635,352,16
4636,352,17
4637,352,18
4638,352,19
4639,352,20
4640,352,21
4641,352,22
4642,352,23
4643,353,0
4644,353,1
4645,353,2
4646,353,3
4647,353,4
4648,353,5
4649,353,6
4650,353,15
4651,353,16
4652,353,17
4653,353,18
4654,353,19
4655,353,20
4656,353,21
4657,353,22
4658,353,23
4659,354,0
4660,354,1
4661,354,2
4662,354,3
4663,354,4
4664,354,5
4665,354,6
4666,354,15
4667,354,16
4668,354,17
4669,354,18
4670,354,19
4671,354,20
4672,354,21
4673,354,22
4674,354,23
4675,355,0
4676,355,1
4677,355,2
4678,355,3
4679,355,4
4680,355,5
4681,355,6
4682,355,15
4683,355,16
4684,355,17
4685,355,18
4686,355,19
4687,355,20
4688,355,21
4689,355,22
4690,355,23
4691,356,0
4692,356,1
4693,356,2
4694,356,3
4695,356,4
4696,356,5
4697,356,6
4698,356,15
4699,356,16
4700,356,17
4701,356,18
4702,356,19
4703,356,20
4704,356,21
4705,356,22
4706,356,23
4707,357,0
4708,357,1
4709,357,2
4710,357,3
4711,357,4
4712,357,5
4713,357,6
4714,357,15
4715,357,16
4716,357,17
4717,357,18
4718,357,19
4719,357,20
4720,357,21
4721,357,22
4722,357,23
4723,358,0
4724,358,1
4725,358,2
4726,358,3
4727,358,4
4728,358,5
4729,358,6
4730,358,15
4731,358,16
4732,358,17
4733,358,18
4734,358,19
4735,358,20
4736,358,21
4737,358,22
4738,358,23
4739,359,0
4740,359,1
4741,359,2
4742,359,3
4743,359,4
4744,359,5
4745,359,6
4746,359,15
4747,359,16
4748,359,17
4749,359,18
4750,359,19
4751,359,20
4752,359,21
4753,359,22
4754,359,23
4755,360,0
4756,360,1
4757,360,2
4758,360,3
4759,360,4
4760,360,5
4761,360,6
4762,360,15
4763,360,16
4764,360,17
4765,360,18
4766,360,19
4767,360,20
4768,360,21
4769,360,22
4770,360,23
4771,361,0
4772,361,1
4773,361,2
4774,361,3
4775,361,4
4776,361,5
4777,361,6
4778,361,15
4779,361,16
4780,361,17
4781,361,18
4782,361,19
4783,361,20
4784,361,21
4785,361,22
4786,361,23
4787,362,0
4788,362,1
4789,362,2
4790,362,3
4791,362,4
4792,362,5
4793,362,6
4794,362,15
4795,362,16
4796,362,17
4797,362,18
4798,362,19
4799,362,20
4800,362,21
4801,362,22
4802,362,23
4803,363,0
4804,363,1
4805,363,2
4806,363,3
4807,363,4
4808,363,5
4809,363,6
4810,363,15
4811,363,16
4812,363,17
4813,363,18
4814,363,19
4815,363,20
4816,363,21
4817,363,22
4818,363,23
4819,364,0
4820,364,1
4821,364,2
4822,364,3
4823,364,4
4824,364,5
4825,364,6
4826,364,15
4827,364,16
4828,364,17
4829,364,18
4830,364,19
4831,364,20
4832,364,21
4833,364,22
4834,364,23
4835,365,0
4836,365,1
4837,365,2
4838,365,3
4839,365,4
4840,365,5
4841,365,6
4842,365,15
4843,365,16
4844,365,17
4845,365,18
4846,365,19
4847,365,20
4848,365,21
4849,365,22
4850,365,23
