,day,hour
0,1,0
1,1,1
2,1,2
3,1,3
4,1,4
5,1,5
6,1,6
7,1,7
8,1,15
9,1,16
10,1,17
11,1,18
12,1,19
13,1,20
14,1,21
15,1,22
16,1,23
17,2,0
18,2,1
19,2,2
20,2,3
21,2,4
22,2,5
23,2,6
24,2,7
25,2,15
26,2,16
27,2,17
28,2,18
29,2,19
30,2,20
31,2,21
32,2,22
33,2,23
34,3,0
35,3,1
36,3,2
37,3,3
38,3,4
39,3,5
40,3,6
41,3,7
42,3,15
43,3,16
44,3,17
45,3,18
46,3,19
47,3,20
48,3,21
49,3,22
50,3,23
51,4,0
52,4,1
53,4,2
54,4,3
55,4,4
56,4,5
57,4,6
58,4,7
59,4,15
60,4,16
61,4,17
62,4,18
63,4,19
64,4,20
65,4,21
66,4,22
67,4,23
68,5,0
69,5,1
70,5,2
71,5,3
72,5,4
73,5,5
74,5,6
75,5,7
76,5,15
77,5,16
78,5,17
79,5,18
80,5,19
81,5,20
82,5,21
83,5,22
84,5,23
85,6,0
86,6,1
87,6,2
88,6,3
89,6,4
90,6,5
91,6,6
92,6,7
93,6,15
94,6,16
95,6,17
96,6,18
97,6,19
98,6,20
99,6,21
100,6,22
101,6,23
102,7,0
103,7,1
104,7,2
105,7,3
106,7,4
107,7,5
108,7,6
109,7,7
110,7,15
111,7,16
112,7,17
113,7,18
114,7,19
115,7,20
116,7,21
117,7,22
118,7,23
119,8,0
120,8,1
121,8,2
122,8,3
123,8,4
124,8,5
125,8,6
126,8,7
127,8,15
128,8,16
129,8,17
130,8,18
131,8,19
132,8,20
133,8,21
134,8,22
135,8,23
136,9,0
137,9,1
138,9,2
139,9,3
140,9,4
141,9,5
142,9,6
143,9,7
144,9,15
145,9,16
146,9,17
147,9,18
148,9,19
149,9,20
150,9,21
151,9,22
152,9,23
153,10,0
154,10,1
155,10,2
156,10,3
157,10,4
158,10,5
159,10,6
160,10,7
161,10,15
162,10,16
163,10,17
164,10,18
165,10,19
166,10,20
167,10,21
168,10,22
169,10,23
170,11,0
171,11,1
172,11,2
173,11,3
174,11,4
175,11,5
176,11,6
177,11,7
178,11,16
179,11,17
180,11,18
181,11,19
182,11,20
183,11,21
184,11,22
185,11,23
186,12,0
187,12,1
188,12,2
189,12,3
190,12,4
191,12,5
192,12,6
193,12,7
194,12,15
195,12,16
196,12,17
197,12,18
198,12,19
199,12,20
200,12,21
201,12,22
202,12,23
203,13,0
204,13,1
205,13,2
206,13,3
207,13,4
208,13,5
209,13,6
210,13,7
211,13,16
212,13,17
213,13,18
214,13,19
215,13,20
216,13,21
217,13,22
218,13,23
219,14,0
220,14,1
221,14,2
222,14,3
223,14,4
224,14,5
225,14,6
226,14,7
227,14,16
228,14,17
229,14,18
230,14,19
231,14,20
232,14,21
233,14,22
234,14,23
235,15,0
236,15,1
237,15,2
238,15,3
239,15,4
240,15,5
241,15,6
242,15,7
243,15,16
244,15,17
245,15,18
246,15,19
247,15,20
248,15,21
249,15,22
250,15,23
251,16,0
252,16,1
253,16,2
254,16,3
255,16,4
256,16,5
257,16,6
258,16,7
259,16,16
260,16,17
261,16,18
262,16,19
263,16,20
264,16,21
265,16,22
266,16,23
267,17,0
268,17,1
269,17,2
270,17,3
271,17,4
272,17,5
273,17,6
274,17,7
275,17,16
276,17,17
277,17,18
278,17,19
279,17,20
280,17,21
281,17,22
282,17,23
283,18,0
284,18,1
285,18,2
286,18,3
287,18,4
288,18,5
289,18,6
290,18,7
291,18,16
292,18,17
293,18,18
294,18,19
295,18,20
296,18,21
297,18,22
298,18,23
299,19,0
300,19,1
301,19,2
302,19,3
303,19,4
304,19,5
305,19,6
306,19,7
307,19,15
308,19,16
309,19,17
310,19,18
311,19,19
312,19,20
313,19,21
314,19,22
315,19,23
316,20,0
317,20,1
318,20,2
319,20,3
320,20,4
321,20,5
322,20,6
323,20,7
324,20,16
325,20,17
326,20,18
327,20,19
328,20,20
329,20,21
330,20,22
331,20,23
332,21,0
333,21,1
334,21,2
335,21,3
336,21,4
337,21,5
338,21,6
339,21,7
340,21,16
341,21,17
342,21,18
343,21,19
344,21,20
345,21,21
346,21,22
347,21,23
348,22,0
349,22,1
350,22,2
351,22,3
352,22,4
353,22,5
354,22,6
355,22,7
356,22,16
357,22,17
358,22,18
359,22,19
360,22,20
361,22,21
362,22,22
363,22,23
364,23,0
365,23,1
366,23,2
367,23,3
368,23,4
369,23,5
370,23,6
371,23,7
372,23,16
373,23,17
374,23,18
375,23,19
376,23,20
377,23,21
378,23,22
379,23,23
380,24,0
381,24,1
382,24,2
383,24,3
384,24,4
385,24,5
386,24,6
387,24,7
388,24,16
389,24,17
390,24,18
391,24,19
392,24,20
393,24,21
394,24,22
395,24,23
396,25,0
397,25,1
398,25,2
399,25,3
400,25,4
401,25,5
402,25,6
403,25,7
404,25,16
405,25,17
406,25,18
407,25,19
408,25,20
409,25,21
410,25,22
411,25,23
412,26,0
413,26,1
414,26,2
415,26,3
416,26,4
417,26,5
418,26,6
419,26,7
420,26,16
421,26,17
422,26,18
423,26,19
424,26,20
425,26,21
426,26,22
427,26,23
428,27,0
429,27,1
430,27,2
431,27,3
432,27,4
433,27,5
434,27,6
435,27,7
436,27,16
437,27,17
438,27,18
439,27,19
440,27,20
441,27,21
442,27,22
443,27,23
444,28,0
445,28,1
446,28,2
447,28,3
448,28,4
449,28,5
450,28,6
451,28,7
452,28,16
453,28,17
454,28,18
455,28,19
456,28,20
457,28,21
458,28,22
459,28,23
460,29,0
461,29,1
462,29,2
463,29,3
464,29,4
465,29,5
466,29,6
467,29,7
468,29,16
469,29,17
470,29,18
471,29,19
472,29,20
473,29,21
474,29,22
475,29,23
476,30,0
477,30,1
478,30,2
479,30,3
480,30,4
481,30,5
482,30,6
483,30,7
484,30,16
485,30,17
486,30,18
487,30,19
488,30,20
489,30,21
490,30,22
491,30,23
492,31,0
493,31,1
494,31,2
495,31,3
496,31,4
497,31,5
498,31,6
499,31,7
500,31,16
501,31,17
502,31,18
503,31,19
504,31,20
505,31,21
506,31,22
507,31,23
508,32,0
509,32,1
510,32,2
511,32,3
512,32,4
513,32,5
514,32,6
515,32,7
516,32,16
517,32,17
518,32,18
519,32,19
520,32,20
521,32,21
522,32,22
523,32,23
524,33,0
525,33,1
526,33,2
527,33,3
528,33,4
529,33,5
530,33,6
531,33,7
532,33,16
533,33,17
534,33,18
535,33,19
536,33,20
537,33,21
538,33,22
539,33,23
540,34,0
541,34,1
542,34,2
543,34,3
544,34,4
545,34,5
546,34,6
547,34,7
548,34,16
549,34,17
550,34,18
551,34,19
552,34,20
553,34,21
554,34,22
555,34,23
556,35,0
557,35,1
558,35,2
559,35,3
560,35,4
561,35,5
562,35,6
563,35,7
564,35,16
565,35,17
566,35,18
567,35,19
568,35,20
569,35,21
570,35,22
571,35,23
572,36,0
573,36,1
574,36,2
575,36,3
576,36,4
577,36,5
578,36,6
579,36,7
580,36,16
581,36,17
582,36,18
583,36,19
584,36,20
585,36,21
586,36,22
587,36,23
588,37,0
589,37,1
590,37,2
591,37,3
592,37,4
593,37,5
594,37,6
595,37,7
596,37,16
597,37,17
598,37,18
599,37,19
600,37,20
601,37,21
602,37,22
603,37,23
604,38,0
605,38,1
606,38,2
607,38,3
608,38,4
609,38,5
610,38,6
611,38,7
612,38,16
613,38,17
614,38,18
615,38,19
616,38,20
617,38,21
618,38,22
619,38,23
620,39,0
621,39,1
622,39,2
623,39,3
624,39,4
625,39,5
626,39,6
627,39,7
628,39,16
629,39,17
630,39,18
631,39,19
632,39,20
633,39,21
634,39,22
635,39,23
636,40,0
637,40,1
638,40,2
639,40,3
640,40,4
641,40,5
642,40,6
643,40,16
644,40,17
645,40,18
646,40,19
647,40,20
648,40,21
649,40,22
650,40,23
651,41,0
652,41,1
653,41,2
654,41,3
655,41,4
656,41,5
657,41,6
658,41,16
659,41,17
660,41,18
661,41,19
662,41,20
663,41,21
664,41,22
665,41,23
666,42,0
667,42,1
668,42,2
669,42,3
670,42,4
671,42,5
672,42,6
673,42,7
674,42,16
675,42,17
676,42,18
677,42,19
678,42,20
679,42,21
680,42,22
681,42,23
682,43,0
683,43,1
684,43,2
685,43,3
686,43,4
687,43,5
688,43,6
689,43,16
690,43,17
691,43,18
692,43,19
693,43,20
694,43,21
695,43,22
696,43,23
697,44,0
698,44,1
699,44,2
700,44,3
701,44,4
702,44,5
703,44,6
704,44,16
705,44,17
706,44,18
707,44,19
708,44,20
709,44,21
710,44,22
711,44,23
712,45,0
713,45,1
714,45,2
715,45,3
716,45,4
717,45,5
718,45,6
719,45,16
720,45,17
721,45,18
722,45,19
723,45,20
724,45,21
725,45,22
726,45,23
727,46,0
728,46,1
729,46,2
730,46,3
731,46,4
732,46,5
733,46,6
734,46,16
735,46,17
736,46,18
737,46,19
738,46,20
739,46,21
740,46,22
741,46,23
742,47,0
743,47,1
744,47,2
745,47,3
746,47,4
747,47,5
748,47,6
749,47,16
750,47,17
751,47,18
752,47,19
753,47,20
754,47,21
755,47,22
756,47,23
757,48,0
758,48,1
759,48,2
760,48,3
761,48,4
762,48,5
763,48,6
764,48,16
765,48,17
766,48,18
767,48,19
768,48,20
769,48,21
770,48,22
771,48,23
772,49,0
773,49,1
774,49,2
775,49,3
776,49,4
777,49,5
778,49,6
779,49,16
780,49,17
781,49,18
782,49,19
783,49,20
784,49,21
785,49,22
786,49,23
787,50,0
788,50,1
789,50,2
790,50,3
791,50,4
792,50,5
793,50,6
794,50,16
795,50,17
796,50,18
797,50,19
798,50,20
799,50,21
800,50,22
801,50,23
802,51,0
803,51,1
804,51,2
805,51,3
806,51,4
807,51,5
808,51,6
809,51,16
810,51,17
811,51,18
812,51,19
813,51,20
814,51,21
815,51,22
816,51,23
817,52,0
818,52,1
819,52,2
820,52,3
821,52,4
822,52,5
823,52,6
824,52,16
825,52,17
826,52,18
827,52,19
828,52,20
829,52,21
830,52,22
831,52,23
832,53,0
833,53,1
834,53,2
835,53,3
836,53,4
837,53,5
838,53,6
839,53,16
840,53,17
841,53,18
842,53,19
843,53,20
844,53,21
845,53,22
846,53,23
847,54,0
848,54,1
849,54,2
850,54,3
851,54,4
852,54,5
853,54,6
854,54,16
855,54,17
856,54,18
857,54,19
858,54,20
859,54,21
860,54,22
861,54,23
862,55,0
863,55,1
864,55,2
865,55,3
866,55,4
867,55,5
868,55,6
869,55,16
870,55,17
871,55,18
872,55,19
873,55,20
874,55,21
875,55,22
876,55,23
877,56,0
878,56,1
879,56,2
880,56,3
881,56,4
882,56,5
883,56,6
884,56,16
885,56,17
886,56,18
887,56,19
888,56,20
889,56,21
890,56,22
891,56,23
892,57,0
893,57,1
894,57,2
895,57,3
896,57,4
897,57,5
898,57,6
899,57,16
900,57,17
901,57,18
902,57,19
903,57,20
904,57,21
905,57,22
906,57,23
907,58,0
908,58,1
909,58,2
910,58,3
911,58,4
912,58,5
913,58,6
914,58,16
915,58,17
916,58,18
917,58,19
918,58,20
919,58,21
920,58,22
921,58,23
922,59,0
923,59,1
924,59,2
925,59,3
926,59,4
927,59,5
928,59,6
929,59,16
930,59,17
931,59,18
932,59,19
933,59,20
934,59,21
935,59,22
936,59,23
937,60,0
938,60,1
939,60,2
940,60,3
941,60,4
942,60,5
943,60,6
944,60,16
945,60,17
946,60,18
947,60,19
948,60,20
949,60,21
950,60,22
951,60,23
952,61,0
953,61,1
954,61,2
955,61,3
956,61,4
957,61,5
958,61,6
959,61,17
960,61,18
961,61,19
962,61,20
963,61,21
964,61,22
965,61,23
966,62,0
967,62,1
968,62,2
969,62,3
970,62,4
971,62,5
972,62,6
973,62,17
974,62,18
975,62,19
976,62,20
977,62,21
978,62,22
979,62,23
980,63,0
981,63,1
982,63,2
983,63,3
984,63,4
985,63,5
986,63,6
987,63,17
988,63,18
989,63,19
990,63,20
991,63,21
992,63,22
993,63,23
994,64,0
995,64,1
996,64,2
997,64,3
998,64,4
999,64,5
1000,64,6
1001,64,17
1002,64,18
1003,64,19
1004,64,20
1005,64,21
1006,64,22
1007,64,23
1008,65,0
1009,65,1
1010,65,2
1011,65,3
1012,65,4
1013,65,5
1014,65,6
1015,65,17
1016,65,18
1017,65,19
1018,65,20
1019,65,21
1020,65,22
1021,65,23
1022,66,0
1023,66,1
1024,66,2
1025,66,3
1026,66,4
1027,66,5
1028,66,6
1029,66,17
1030,66,18
1031,66,19
1032,66,20
1033,66,21
1034,66,22
1035,66,23
1036,67,0
1037,67,1
1038,67,2
1039,67,3
1040,67,4
1041,67,5
1042,67,6
1043,67,17
1044,67,18
1045,67,19
1046,67,20
1047,67,21
1048,67,22
1049,67,23
1050,68,0
1051,68,1
1052,68,2
1053,68,3
1054,68,4
1055,68,5
1056,68,6
1057,68,17
1058,68,18
1059,68,19
1060,68,20
1061,68,21
1062,68,22
1063,68,23
1064,69,0
1065,69,1
1066,69,2
1067,69,3
1068,69,4
1069,69,5
1070,69,6
1071,69,17
1072,69,18
1073,69,19
1074,69,20
1075,69,21
1076,69,22
1077,69,23
1078,70,0
1079,70,1
1080,70,2
1081,70,3
1082,70,4
1083,70,5
1084,70,6
1085,70,17
1086,70,18
1087,70,19
1088,70,20
1089,70,21
1090,70,22
1091,70,23
1092,71,0
1093,71,1
1094,71,2
1095,71,3
1096,71,4
1097,71,5
1098,71,6
1099,71,17
1100,71,18
1101,71,19
1102,71,20
1103,71,21
1104,71,22
1105,71,23
1106,72,0
1107,72,1
1108,72,2
1109,72,3
1110,72,4
1111,72,5
1112,72,6
1113,72,17
1114,72,18
1115,72,19
1116,72,20
1117,72,21
1118,72,22
1119,72,23
1120,73,0
1121,73,1
1122,73,2
1123,73,3
1124,73,4
1125,73,5
1126,73,6
1127,73,17
1128,73,18
1129,73,19
1130,73,20
1131,73,21
1132,73,22
1133,73,23
1134,74,0
1135,74,1
1136,74,2
1137,74,3
1138,74,4
1139,74,5
1140,74,6
1141,74,17
1142,74,18
1143,74,19
1144,74,20
1145,74,21
1146,74,22
1147,74,23
1148,75,0
1149,75,1
1150,75,2
1151,75,3
1152,75,4
1153,75,5
1154,75,6
1155,75,17
1156,75,18
1157,75,19
1158,75,20
1159,75,21
1160,75,22
1161,75,23
1162,76,0
1163,76,1
1164,76,2
1165,76,3
1166,76,4
1167,76,5
1168,76,6
1169,76,17
1170,76,18
1171,76,19
1172,76,20
1173,76,21
1174,76,22
1175,76,23
1176,77,0
1177,77,1
1178,77,2
1179,77,3
1180,77,4
1181,77,5
1182,77,6
1183,77,17
1184,77,18
1185,77,19
1186,77,20
1187,77,21
1188,77,22
1189,77,23
1190,78,0
1191,78,1
1192,78,2
1193,78,3
1194,78,4
1195,78,5
1196,78,6
1197,78,17
1198,78,18
1199,78,19
1200,78,20
1201,78,21
1202,78,22
1203,78,23
1204,79,0
1205,79,1
1206,79,2
1207,79,3
1208,79,4
1209,79,5
1210,79,6
1211,79,17
1212,79,18
1213,79,19
1214,79,20
1215,79,21
1216,79,22
1217,79,23
1218,80,0
1219,80,1
1220,80,2
1221,80,3
1222,80,4
1223,80,5
1224,80,6
1225,80,17
1226,80,18
1227,80,19
1228,80,20
1229,80,21
1230,80,22
1231,80,23
1232,81,0
1233,81,1
1234,81,2
1235,81,3
1236,81,4
1237,81,5
1238,81,6
1239,81,17
1240,81,18
1241,81,19
1242,81,20
1243,81,21
1244,81,22
1245,81,23
1246,82,0
1247,82,1
1248,82,2
1249,82,3
1250,82,4
1251,82,5
1252,82,6
1253,82,17
1254,82,18
1255,82,19
1256,82,20
1257,82,21
1258,82,22
1259,82,23
1260,83,0
1261,83,1
1262,83,2
1263,83,3
1264,83,4
1265,83,5
1266,83,6
1267,83,17
1268,83,18
1269,83,19
1270,83,20
1271,83,21
1272,83,22
1273,83,23
1274,84,0
1275,84,1
1276,84,2
1277,84,3
1278,84,4
1279,84,5
1280,84,6
1281,84,17
1282,84,18
1283,84,19
1284,84,20
1285,84,21
1286,84,22
1287,84,23
1288,85,0
1289,85,1
1290,85,2
1291,85,3
1292,85,4
1293,85,5
1294,85,6
1295,85,17
1296,85,18
1297,85,19
1298,85,20
1299,85,21
1300,85,22
1301,85,23
1302,86,0
1303,86,1
1304,86,2
1305,86,3
1306,86,4
1307,86,5
1308,86,17
1309,86,18
1310,86,19
1311,86,20
1312,86,21
1313,86,22
1314,86,23
1315,87,0
1316,87,1
1317,87,2
1318,87,3
1319,87,4
1320,87,5
1321,87,17
1322,87,18
1323,87,19
1324,87,20
1325,87,21
1326,87,22
1327,87,23
1328,88,0
1329,88,1
1330,88,2
1331,88,3
1332,88,4
1333,88,5
1334,88,17
1335,88,18
1336,88,19
1337,88,20
1338,88,21
1339,88,22
1340,88,23
1341,89,0
1342,89,1
1343,89,2
1344,89,3
1345,89,4
1346,89,5
1347,89,17
1348,89,18
1349,89,19
1350,89,20
1351,89,21
1352,89,22
1353,89,23
1354,90,0
1355,90,1
1356,90,2
1357,90,3
1358,90,4
1359,90,5
1360,90,17
1361,90,18
1362,90,19
1363,90,20
1364,90,21
1365,90,22
1366,90,23
1367,91,0
1368,91,1
1369,91,2
1370,91,3
1371,91,4
1372,91,5
1373,91,17
1374,91,18
1375,91,19
1376,91,20
1377,91,21
1378,91,22
1379,91,23
1380,92,0
1381,92,1
1382,92,2
1383,92,3
1384,92,4
1385,92,5
1386,92,17
1387,92,18
1388,92,19
1389,92,20
1390,92,21
1391,92,22
1392,92,23
1393,93,0
1394,93,1
1395,93,2
1396,93,3
1397,93,4
1398,93,5
1399,93,17
1400,93,18
1401,93,19
1402,93,20
1403,93,21
1404,93,22
1405,93,23
1406,94,0
1407,94,1
1408,94,2
1409,94,3
1410,94,4
1411,94,5
1412,94,17
1413,94,18
1414,94,19
1415,94,20
1416,94,21
1417,94,22
1418,94,23
1419,95,0
1420,95,1
1421,95,2
1422,95,3
1423,95,4
1424,95,5
1425,95,17
1426,95,18
1427,95,19
1428,95,20
1429,95,21
1430,95,22
1431,95,23
1432,96,0
1433,96,1
1434,96,2
1435,96,3
1436,96,4
1437,96,5
1438,96,17
1439,96,18
1440,96,19
1441,96,20
1442,96,21
1443,96,22
1444,96,23
1445,97,0
1446,97,1
1447,97,2
1448,97,3
1449,97,4
1450,97,5
1451,97,17
1452,97,18
1453,97,19
1454,97,20
1455,97,21
1456,97,22
1457,97,23
1458,98,0
1459,98,1
1460,98,2
1461,98,3
1462,98,4
1463,98,5
1464,98,18
1465,98,19
1466,98,20
1467,98,21
1468,98,22
1469,98,23
1470,99,0
1471,99,1
1472,99,2
1473,99,3
1474,99,4
1475,99,5
1476,99,18
1477,99,19
1478,99,20
1479,99,21
1480,99,22
1481,99,23
1482,100,0
1483,100,1
1484,100,2
1485,100,3
1486,100,4
1487,100,5
1488,100,18
1489,100,19
1490,100,20
1491,100,21
1492,100,22
1493,100,23
1494,101,0
1495,101,1
1496,101,2
1497,101,3
1498,101,4
1499,101,5
1500,101,18
1501,101,19
1502,101,20
1503,101,21
1504,101,22
1505,101,23
1506,102,0
1507,102,1
1508,102,2
1509,102,3
1510,102,4
1511,102,5
1512,102,18
1513,102,19
1514,102,20
1515,102,21
1516,102,22
1517,102,23
1518,103,0
1519,103,1
1520,103,2
1521,103,3
1522,103,4
1523,103,5
1524,103,18
1525,103,19
1526,103,20
1527,103,21
1528,103,22
1529,103,23
1530,104,0
1531,104,1
1532,104,2
1533,104,3
1534,104,4
1535,104,5
1536,104,18
1537,104,19
1538,104,20
1539,104,21
1540,104,22
1541,104,23
1542,105,0
1543,105,1
1544,105,2
1545,105,3
1546,105,4
1547,105,5
1548,105,18
1549,105,19
1550,105,20
1551,105,21
1552,105,22
1553,105,23
1554,106,0
1555,106,1
1556,106,2
1557,106,3
1558,106,4
1559,106,5
1560,106,18
1561,106,19
1562,106,20
1563,106,21
1564,106,22
1565,106,23
1566,107,0
1567,107,1
1568,107,2
1569,107,3
1570,107,4
1571,107,5
1572,107,18
1573,107,19
1574,107,20
1575,107,21
1576,107,22
1577,107,23
1578,108,0
1579,108,1
1580,108,2
1581,108,3
1582,108,4
1583,108,5
1584,108,18
1585,108,19
1586,108,20
1587,108,21
1588,108,22
1589,108,23
1590,109,0
1591,109,1
1592,109,2
1593,109,3
1594,109,4
1595,109,5
1596,109,18
1597,109,19
1598,109,20
1599,109,21
1600,109,22
1601,109,23
1602,110,0
1603,110,1
1604,110,2
1605,110,3
1606,110,4
1607,110,5
1608,110,18
1609,110,19
1610,110,20
1611,110,21
1612,110,22
1613,110,23
1614,111,0
1615,111,1
1616,111,2
1617,111,3
1618,111,4
1619,111,5
1620,111,18
1621,111,19
1622,111,20
1623,111,21
1624,111,22
1625,111,23
1626,112,0
1627,112,1
1628,112,2
1629,112,3
1630,112,4
1631,112,5
1632,112,18
1633,112,19
1634,112,20
1635,112,21
1636,112,22
1637,112,23
1638,113,0
1639,113,1
1640,113,2
1641,113,3
1642,113,4
1643,113,5
1644,113,18
1645,113,19
1646,113,20
1647,113,21
1648,113,22
1649,113,23
1650,114,0
1651,114,1
1652,114,2
1653,114,3
1654,114,4
1655,114,5
1656,114,18
1657,114,19
1658,114,20
1659,114,21
1660,114,22
1661,114,23
1662,115,0
1663,115,1
1664,115,2
1665,115,3
1666,115,4
1667,115,5
1668,115,18
1669,115,19
1670,115,20
1671,115,21
1672,115,22
1673,115,23
1674,116,0
1675,116,1
1676,116,2
1677,116,3
1678,116,4
1679,116,5
1680,116,18
1681,116,19
1682,116,20
1683,116,21
1684,116,22
1685,116,23
1686,117,0
1687,117,1
1688,117,2
1689,117,3
1690,117,4
1691,117,5
1692,117,18
1693,117,19
1694,117,20
1695,117,21
1696,117,22
1697,117,23
1698,118,0
1699,118,1
1700,118,2
1701,118,3
1702,118,4
1703,118,5
1704,118,18
1705,118,19
1706,118,20
1707,118,21
1708,118,22
1709,118,23
1710,119,0
1711,119,1
1712,119,2
1713,119,3
1714,119,4
1715,119,5
1716,119,18
1717,119,19
1718,119,20
1719,119,21
1720,119,22
1721,119,23
1722,120,0
1723,120,1
1724,120,2
1725,120,3
1726,120,4
1727,120,5
1728,120,18
1729,120,19
1730,120,20
1731,120,21
1732,120,22
1733,120,23
1734,121,0
1735,121,1
1736,121,2
1737,121,3
1738,121,4
1739,121,5
1740,121,18
1741,121,19
1742,121,20
1743,121,21
1744,121,22
1745,121,23
1746,122,0
1747,122,1
1748,122,2
1749,122,3
1750,122,4
1751,122,5
1752,122,18
1753,122,19
1754,122,20
1755,122,21
1756,122,22
1757,122,23
1758,123,0
1759,123,1
1760,123,2
1761,123,3
1762,123,4
1763,123,5
1764,123,18
1765,123,19
1766,123,20
1767,123,21
1768,123,22
1769,123,23
1770,124,0
1771,124,1
1772,124,2
1773,124,3
1774,124,4
1775,124,5
1776,124,18
1777,124,19
1778,124,20
1779,124,21
1780,124,22
1781,124,23
1782,125,0
1783,125,1
1784,125,2
1785,125,3
1786,125,4
1787,125,5
1788,125,18
1789,125,19
1790,125,20
1791,125,21
1792,125,22
1793,125,23
1794,126,0
1795,126,1
1796,126,2
1797,126,3
1798,126,4
1799,126,5
1800,126,18
1801,126,19
1802,126,20
1803,126,21
1804,126,22
1805,126,23
1806,127,0
1807,127,1
1808,127,2
1809,127,3
1810,127,4
1811,127,5
1812,127,18
1813,127,19
1814,127,20
1815,127,21
1816,127,22
1817,127,23
1818,128,0
1819,128,1
1820,128,2
1821,128,3
1822,128,4
1823,128,5
1824,128,18
1825,128,19
1826,128,20
1827,128,21
1828,128,22
1829,128,23
1830,129,0
1831,129,1
1832,129,2
1833,129,3
1834,129,4
1835,129,5
1836,129,18
1837,129,19
1838,129,20
1839,129,21
1840,129,22
1841,129,23
1842,130,0
1843,130,1
1844,130,2
1845,130,3
1846,130,4
1847,130,5
1848,130,18
1849,130,19
1850,130,20
1851,130,21
1852,130,22
1853,130,23
1854,131,0
1855,131,1
1856,131,2
1857,131,3
1858,131,4
1859,131,5
1860,131,18
1861,131,19
1862,131,20
1863,131,21
1864,131,22
1865,131,23
1866,132,0
1867,132,1
1868,132,2
1869,132,3
1870,132,4
1871,132,5
1872,132,18
1873,132,19
1874,132,20
1875,132,21
1876,132,22
1877,132,23
1878,133,0
1879,133,1
1880,133,2
1881,133,3
1882,133,4
1883,133,5
1884,133,18
1885,133,19
1886,133,20
1887,133,21
1888,133,22
1889,133,23
1890,134,0
1891,134,1
1892,134,2
1893,134,3
1894,134,4
1895,134,5
1896,134,18
1897,134,19
1898,134,20
1899,134,21
1900,134,22
1901,134,23
1902,135,0
1903,135,1
1904,135,2
1905,135,3
1906,135,4
1907,135,18
1908,135,19
1909,135,20
1910,135,21
1911,135,22
1912,135,23
1913,136,0
1914,136,1
1915,136,2
1916,136,3
1917,136,4
1918,136,18
1919,136,19
1920,136,20
1921,136,21
1922,136,22
1923,136,23
1924,137,0
1925,137,1
1926,137,2
1927,137,3
1928,137,4
1929,137,18
1930,137,19
1931,137,20
1932,137,21
1933,137,22
1934,137,23
1935,138,0
1936,138,1
1937,138,2
1938,138,3
1939,138,4
1940,138,18
1941,138,19
1942,138,20
1943,138,21
1944,138,22
1945,138,23
1946,139,0
1947,139,1
1948,139,2
1949,139,3
1950,139,4
1951,139,18
1952,139,19
1953,139,20
1954,139,21
1955,139,22
1956,139,23
1957,140,0
1958,140,1
1959,140,2
1960,140,3
1961,140,4
1962,140,18
1963,140,19
1964,140,20
1965,140,21
1966,140,22
1967,140,23
1968,141,0
1969,141,1
1970,141,2
1971,141,3
1972,141,4
1973,141,18
1974,141,19
1975,141,20
1976,141,21
1977,141,22
1978,141,23
1979,142,0
1980,142,1
1981,142,2
1982,142,3
1983,142,4
1984,142,18
1985,142,19
1986,142,20
1987,142,21
1988,142,22
1989,142,23
1990,143,0
1991,143,1
1992,143,2
1993,143,3
1994,143,4
1995,143,18
1996,143,19
1997,143,20
1998,143,21
1999,143,22
2000,143,23
2001,144,0
2002,144,1
2003,144,2
2004,144,3
2005,144,4
2006,144,18
2007,144,19
2008,144,20
2009,144,21
2010,144,22
2011,144,23
2012,145,0
2013,145,1
2014,145,2
2015,145,3
2016,145,4
2017,145,18
2018,145,19
2019,145,20
2020,145,21
2021,145,22
2022,145,23
2023,146,0
2024,146,1
2025,146,2
2026,146,3
2027,146,4
2028,146,18
2029,146,19
2030,146,20
2031,146,21
2032,146,22
2033,146,23
2034,147,0
2035,147,1
2036,147,2
2037,147,3
2038,147,4
2039,147,18
2040,147,19
2041,147,20
2042,147,21
2043,147,22
2044,147,23
2045,148,0
2046,148,1
2047,148,2
2048,148,3
2049,148,4
2050,148,18
2051,148,19
2052,148,20
2053,148,21
2054,148,22
2055,148,23
2056,149,0
2057,149,1
2058,149,2
2059,149,3
2060,149,4
2061,149,18
2062,149,19
2063,149,20
2064,149,21
2065,149,22
2066,149,23
2067,150,0
2068,150,1
2069,150,2
2070,150,3
2071,150,4
2072,150,18
2073,150,19
2074,150,20
2075,150,21
2076,150,22
2077,150,23
2078,151,0
2079,151,1
2080,151,2
2081,151,3
2082,151,4
2083,151,18
2084,151,19
2085,151,20
2086,151,21
2087,151,22
2088,151,23
2089,152,0
2090,152,1
2091,152,2
2092,152,3
2093,152,4
2094,152,18
2095,152,19
2096,152,20
2097,152,21
2098,152,22
2099,152,23
2100,153,0
2101,153,1
2102,153,2
2103,153,3
2104,153,4
2105,153,18
2106,153,19
2107,153,20
2108,153,21
2109,153,22
2110,153,23
2111,154,0
2112,154,1
2113,154,2
2114,154,3
2115,154,4
2116,154,18
2117,154,19
2118,154,20
2119,154,21
2120,154,22
2121,154,23
2122,155,0
2123,155,1
2124,155,2
2125,155,3
2126,155,4
2127,155,18
2128,155,19
2129,155,20
2130,155,21
2131,155,22
2132,155,23
2133,156,0
2134,156,1
2135,156,2
2136,156,3
2137,156,4
2138,156,18
2139,156,19
2140,156,20
2141,156,21
2142,156,22
2143,156,23
2144,157,0
2145,157,1
2146,157,2
2147,157,3
2148,157,4
2149,157,18
2150,157,19
2151,157,20
2152,157,21
2153,157,22
2154,157,23
2155,158,0
2156,158,1
2157,158,2
2158,158,3
2159,158,4
2160,158,18
2161,158,19
2162,158,20
2163,158,21
2164,158,22
2165,158,23
2166,159,0
2167,159,1
2168,159,2
2169,159,3
2170,159,4
2171,159,18
2172,159,19
2173,159,20
2174,159,21
2175,159,22
2176,159,23
2177,160,0
2178,160,1
2179,160,2
2180,160,3
2181,160,4
2182,160,18
2183,160,19
2184,160,20
2185,160,21
2186,160,22
2187,160,23
2188,161,0
2189,161,1
2190,161,2
2191,161,3
2192,161,4
2193,161,18
2194,161,19
2195,161,20
2196,161,21
2197,161,22
2198,161,23
2199,162,0
2200,162,1
2201,162,2
2202,162,3
2203,162,4
2204,162,18
2205,162,19
2206,162,20
2207,162,21
2208,162,22
2209,162,23
2210,163,0
2211,163,1
2212,163,2
2213,163,3
2214,163,4
2215,163,18
2216,163,19
2217,163,20
2218,163,21
2219,163,22
2220,163,23
2221,164,0
2222,164,1
2223,164,2
2224,164,3
2225,164,4
2226,164,18
2227,164,19
2228,164,20
2229,164,21
2230,164,22
2231,164,23
2232,165,0
2233,165,1
2234,165,2
2235,165,3
2236,165,4
2237,165,18
2238,165,19
2239,165,20
2240,165,21
2241,165,22
2242,165,23
2243,166,0
2244,166,1
2245,166,2
2246,166,3
2247,166,4
2248,166,18
2249,166,19
2250,166,20
2251,166,21
2252,166,22
2253,166,23
2254,167,0
2255,167,1
2256,167,2
2257,167,3
2258,167,4
2259,167,18
2260,167,19
2261,167,20
2262,167,21
2263,167,22
2264,167,23
2265,168,0
2266,168,1
2267,168,2
2268,168,3
2269,168,4
2270,168,18
2271,168,19
2272,168,20
2273,168,21
2274,168,22
2275,168,23
2276,169,0
2277,169,1
2278,169,2
2279,169,3
2280,169,4
2281,169,18
2282,169,19
2283,169,20
2284,169,21
2285,169,22
2286,169,23
2287,170,0
2288,170,1
2289,170,2
2290,170,3
2291,170,4
2292,170,18
2293,170,19
2294,170,20
2295,170,21
2296,170,22
2297,170,23
2298,171,0
2299,171,1
2300,171,2
2301,171,3
2302,171,4
2303,171,18
2304,171,19
2305,171,20
2306,171,21
2307,171,22
2308,171,23
2309,172,0
2310,172,1
2311,172,2
2312,172,3
2313,172,4
2314,172,18
2315,172,19
2316,172,20
2317,172,21
2318,172,22
2319,172,23
2320,173,0
2321,173,1
2322,173,2
2323,173,3
2324,173,4
2325,173,18
2326,173,19
2327,173,20
2328,173,21
2329,173,22
2330,173,23
2331,174,0
2332,174,1
2333,174,2
2334,174,3
2335,174,4
2336,174,18
2337,174,19
2338,174,20
2339,174,21
2340,174,22
2341,174,23
2342,175,0
2343,175,1
2344,175,2
2345,175,3
2346,175,4
2347,175,18
2348,175,19
2349,175,20
2350,175,21
2351,175,22
2352,175,23
2353,176,0
2354,176,1
2355,176,2
2356,176,3
2357,176,4
2358,176,18
2359,176,19
2360,176,20
2361,176,21
2362,176,22
2363,176,23
2364,177,0
2365,177,1
2366,177,2
2367,177,3
2368,177,4
2369,177,18
2370,177,19
2371,177,20
2372,177,21
2373,177,22
2374,177,23
2375,178,0
2376,178,1
2377,178,2
2378,178,3
2379,178,4
2380,178,18
2381,178,19
2382,178,20
2383,178,21
2384,178,22
2385,178,23
2386,179,0
2387,179,1
2388,179,2
2389,179,3
2390,179,4
2391,179,18
2392,179,19
2393,179,20
2394,179,21
2395,179,22
2396,179,23
2397,180,0
2398,180,1
2399,180,2
2400,180,3
2401,180,4
2402,180,18
2403,180,19
2404,180,20
2405,180,21
2406,180,22
2407,180,23
2408,181,0
2409,181,1
2410,181,2
2411,181,3
2412,181,4
2413,181,18
2414,181,19
2415,181,20
2416,181,21
2417,181,22
2418,181,23
2419,182,0
2420,182,1
2421,182,2
2422,182,3
2423,182,4
2424,182,18
2425,182,19
2426,182,20
2427,182,21
2428,182,22
2429,182,23
2430,183,0
2431,183,1
2432,183,2
2433,183,3
2434,183,4
2435,183,18
2436,183,19
2437,183,20
2438,183,21
2439,183,22
2440,183,23
2441,184,0
2442,184,1
2443,184,2
2444,184,3
2445,184,4
2446,184,18
2447,184,19
2448,184,20
2449,184,21
2450,184,22
2451,184,23
2452,185,0
2453,185,1
2454,185,2
2455,185,3
2456,185,4
2457,185,18
2458,185,19
2459,185,20
2460,185,21
2461,185,22
2462,185,23
2463,186,0
2464,186,1
2465,186,2
2466,186,3
2467,186,4
2468,186,18
2469,186,19
2470,186,20
2471,186,21
2472,186,22
2473,186,23
2474,187,0
2475,187,1
2476,187,2
2477,187,3
2478,187,4
2479,187,18
2480,187,19
2481,187,20
2482,187,21
2483,187,22
2484,187,23
2485,188,0
2486,188,1
2487,188,2
2488,188,3
2489,188,4
2490,188,18
2491,188,19
2492,188,20
2493,188,21
2494,188,22
2495,188,23
2496,189,0
2497,189,1
2498,189,2
2499,189,3
2500,189,4
2501,189,18
2502,189,19
2503,189,20
2504,189,21
2505,189,22
2506,189,23
2507,190,0
2508,190,1
2509,190,2
2510,190,3
2511,190,4
2512,190,18
2513,190,19
2514,190,20
2515,190,21
2516,190,22
2517,190,23
2518,191,0
2519,191,1
2520,191,2
2521,191,3
2522,191,4
2523,191,18
2524,191,19
2525,191,20
2526,191,21
2527,191,22
2528,191,23
2529,192,0
2530,192,1
2531,192,2
2532,192,3
2533,192,4
2534,192,18
2535,192,19
2536,192,20
2537,192,21
2538,192,22
2539,192,23
2540,193,0
2541,193,1
2542,193,2
2543,193,3
2544,193,4
2545,193,18
2546,193,19
2547,193,20
2548,193,21
2549,193,22
2550,193,23
2551,194,0
2552,194,1
2553,194,2
2554,194,3
2555,194,4
2556,194,18
2557,194,19
2558,194,20
2559,194,21
2560,194,22
2561,194,23
2562,195,0
2563,195,1
2564,195,2
2565,195,3
2566,195,4
2567,195,18
2568,195,19
2569,195,20
2570,195,21
2571,195,22
2572,195,23
2573,196,0
2574,196,1
2575,196,2
2576,196,3
2577,196,4
2578,196,18
2579,196,19
2580,196,20
2581,196,21
2582,196,22
2583,196,23
2584,197,0
2585,197,1
2586,197,2
2587,197,3
2588,197,4
2589,197,18
2590,197,19
2591,197,20
2592,197,21
2593,197,22
2594,197,23
2595,198,0
2596,198,1
2597,198,2
2598,198,3
2599,198,4
2600,198,18
2601,198,19
2602,198,20
2603,198,21
2604,198,22
2605,198,23
2606,199,0
2607,199,1
2608,199,2
2609,199,3
2610,199,4
2611,199,18
2612,199,19
2613,199,20
2614,199,21
2615,199,22
2616,199,23
2617,200,0
2618,200,1
2619,200,2
2620,200,3
2621,200,4
2622,200,18
2623,200,19
2624,200,20
2625,200,21
2626,200,22
2627,200,23
2628,201,0
2629,201,1
2630,201,2
2631,201,3
2632,201,4
2633,201,18
2634,201,19
2635,201,20
2636,201,21
2637,201,22
2638,201,23
2639,202,0
2640,202,1
2641,202,2
2642,202,3
2643,202,4
2644,202,18
2645,202,19
2646,202,20
2647,202,21
2648,202,22
2649,202,23
2650,203,0
2651,203,1
2652,203,2
2653,203,3
2654,203,4
2655,203,18
2656,203,19
2657,203,20
2658,203,21
2659,203,22
2660,203,23
2661,204,0
2662,204,1
2663,204,2
2664,204,3
2665,204,4
2666,204,18
2667,204,19
2668,204,20
2669,204,21
2670,204,22
2671,204,23
2672,205,0
2673,205,1
2674,205,2
2675,205,3
2676,205,4
2677,205,18
2678,205,19
2679,205,20
2680,205,21
2681,205,22
2682,205,23
2683,206,0
2684,206,1
2685,206,2
2686,206,3
2687,206,4
2688,206,18
2689,206,19
2690,206,20
2691,206,21
2692,206,22
2693,206,23
2694,207,0
2695,207,1
2696,207,2
2697,207,3
2698,207,4
2699,207,18
2700,207,19
2701,207,20
2702,207,21
2703,207,22
2704,207,23
2705,208,0
2706,208,1
2707,208,2
2708,208,3
2709,208,4
2710,208,18
2711,208,19
2712,208,20
2713,208,21
2714,208,22
2715,208,23
2716,209,0
2717,209,1
2718,209,2
2719,209,3
2720,209,4
2721,209,18
2722,209,19
2723,209,20
2724,209,21
2725,209,22
2726,209,23
2727,210,0
2728,210,1
2729,210,2
2730,210,3
2731,210,4
2732,210,18
2733,210,19
2734,210,20
2735,210,21
2736,210,22
2737,210,23
2738,211,0
2739,211,1
2740,211,2
2741,211,3
2742,211,4
2743,211,18
2744,211,19
2745,211,20
2746,211,21
2747,211,22
2748,211,23
2749,212,0
2750,212,1
2751,212,2
2752,212,3
2753,212,4
2754,212,18
2755,212,19
2756,212,20
2757,212,21
2758,212,22
2759,212,23
2760,213,0
2761,213,1
2762,213,2
2763,213,3
2764,213,4
2765,213,18
2766,213,19
2767,213,20
2768,213,21
2769,213,22
2770,213,23
2771,214,0
2772,214,1
2773,214,2
2774,214,3
2775,214,4
2776,214,18
2777,214,19
2778,214,20
2779,214,21
2780,214,22
2781,214,23
2782,215,0
2783,215,1
2784,215,2
2785,215,3
2786,215,4
2787,215,18
2788,215,19
2789,215,20
2790,215,21
2791,215,22
2792,215,23
2793,216,0
2794,216,1
2795,216,2
2796,216,3
2797,216,4
2798,216,18
2799,216,19
2800,216,20
2801,216,21
2802,216,22
2803,216,23
2804,217,0
2805,217,1
2806,217,2
2807,217,3
2808,217,4
2809,217,18
2810,217,19
2811,217,20
2812,217,21
2813,217,22
2814,217,23
2815,218,0
2816,218,1
2817,218,2
2818,218,3
2819,218,4
2820,218,5
2821,218,18
2822,218,19
2823,218,20
2824,218,21
2825,218,22
2826,218,23
2827,219,0
2828,219,1
2829,219,2
2830,219,3
2831,219,4
2832,219,5
2833,219,18
2834,219,19
2835,219,20
2836,219,21
2837,219,22
2838,219,23
2839,220,0
2840,220,1
2841,220,2
2842,220,3
2843,220,4
2844,220,5
2845,220,18
2846,220,19
2847,220,20
2848,220,21
2849,220,22
2850,220,23
2851,221,0
2852,221,1
2853,221,2
2854,221,3
2855,221,4
2856,221,5
2857,221,18
2858,221,19
2859,221,20
2860,221,21
2861,221,22
2862,221,23
2863,222,0
2864,222,1
2865,222,2
2866,222,3
2867,222,4
2868,222,5
2869,222,18
2870,222,19
2871,222,20
2872,222,21
2873,222,22
2874,222,23
2875,223,0
2876,223,1
2877,223,2
2878,223,3
2879,223,4
2880,223,5
2881,223,18
2882,223,19
2883,223,20
2884,223,21
2885,223,22
2886,223,23
2887,224,0
2888,224,1
2889,224,2
2890,224,3
2891,224,4
2892,224,5
2893,224,18
2894,224,19
2895,224,20
2896,224,21
2897,224,22
2898,224,23
2899,225,0
2900,225,1
2901,225,2
2902,225,3
2903,225,4
2904,225,5
2905,225,18
2906,225,19
2907,225,20
2908,225,21
2909,225,22
2910,225,23
2911,226,0
2912,226,1
2913,226,2
2914,226,3
2915,226,4
2916,226,5
2917,226,18
2918,226,19
2919,226,20
2920,226,21
2921,226,22
2922,226,23
2923,227,0
2924,227,1
2925,227,2
2926,227,3
2927,227,4
2928,227,5
2929,227,18
2930,227,19
2931,227,20
2932,227,21
2933,227,22
2934,227,23
2935,228,0
2936,228,1
2937,228,2
2938,228,3
2939,228,4
2940,228,5
2941,228,18
2942,228,19
2943,228,20
2944,228,21
2945,228,22
2946,228,23
2947,229,0
2948,229,1
2949,229,2
2950,229,3
2951,229,4
2952,229,5
2953,229,18
2954,229,19
2955,229,20
2956,229,21
2957,229,22
2958,229,23
2959,230,0
2960,230,1
2961,230,2
2962,230,3
2963,230,4
2964,230,5
2965,230,18
2966,230,19
2967,230,20
2968,230,21
2969,230,22
2970,230,23
2971,231,0
2972,231,1
2973,231,2
2974,231,3
2975,231,4
2976,231,5
2977,231,18
2978,231,19
2979,231,20
2980,231,21
2981,231,22
2982,231,23
2983,232,0
2984,232,1
2985,232,2
2986,232,3
2987,232,4
2988,232,5
2989,232,18
2990,232,19
2991,232,20
2992,232,21
2993,232,22
2994,232,23
2995,233,0
2996,233,1
2997,233,2
2998,233,3
2999,233,4
3000,233,5
3001,233,18
3002,233,19
3003,233,20
3004,233,21
3005,233,22
3006,233,23
3007,234,0
3008,234,1
3009,234,2
3010,234,3
3011,234,4
3012,234,5
3013,234,18
3014,234,19
3015,234,20
3016,234,21
3017,234,22
3018,234,23
3019,235,0
3020,235,1
3021,235,2
3022,235,3
3023,235,4
3024,235,5
3025,235,18
3026,235,19
3027,235,20
3028,235,21
3029,235,22
3030,235,23
3031,236,0
3032,236,1
3033,236,2
3034,236,3
3035,236,4
3036,236,5
3037,236,18
3038,236,19
3039,236,20
3040,236,21
3041,236,22
3042,236,23
3043,237,0
3044,237,1
3045,237,2
3046,237,3
3047,237,4
3048,237,5
3049,237,18
3050,237,19
3051,237,20
3052,237,21
3053,237,22
3054,237,23
3055,238,0
3056,238,1
3057,238,2
3058,238,3
3059,238,4
3060,238,5
3061,238,18
3062,238,19
3063,238,20
3064,238,21
3065,238,22
3066,238,23
3067,239,0
3068,239,1
3069,239,2
3070,239,3
3071,239,4
3072,239,5
3073,239,18
3074,239,19
3075,239,20
3076,239,21
3077,239,22
3078,239,23
3079,240,0
3080,240,1
3081,240,2
3082,240,3
3083,240,4
3084,240,5
3085,240,18
3086,240,19
3087,240,20
3088,240,21
3089,240,22
3090,240,23
3091,241,0
3092,241,1
3093,241,2
3094,241,3
3095,241,4
3096,241,5
3097,241,18
3098,241,19
3099,241,20
3100,241,21
3101,241,22
3102,241,23
3103,242,0
3104,242,1
3105,242,2
3106,242,3
3107,242,4
3108,242,5
3109,242,18
3110,242,19
3111,242,20
3112,242,21
3113,242,22
3114,242,23
3115,243,0
3116,243,1
3117,243,2
3118,243,3
3119,243,4
3120,243,5
3121,243,18
3122,243,19
3123,243,20
3124,243,21
3125,243,22
3126,243,23
3127,244,0
3128,244,1
3129,244,2
3130,244,3
3131,244,4
3132,244,5
3133,244,18
3134,244,19
3135,244,20
3136,244,21
3137,244,22
3138,244,23
3139,245,0
3140,245,1
3141,245,2
3142,245,3
3143,245,4
3144,245,5
3145,245,18
3146,245,19
3147,245,20
3148,245,21
3149,245,22
3150,245,23
3151,246,0
3152,246,1
3153,246,2
3154,246,3
3155,246,4
3156,246,5
3157,246,18
3158,246,19
3159,246,20
3160,246,21
3161,246,22
3162,246,23
3163,247,0
3164,247,1
3165,247,2
3166,247,3
3167,247,4
3168,247,5
3169,247,18
3170,247,19
3171,247,20
3172,247,21
3173,247,22
3174,247,23
3175,248,0
3176,248,1
3177,248,2
3178,248,3
3179,248,4
3180,248,5
3181,248,18
3182,248,19
3183,248,20
3184,248,21
3185,248,22
3186,248,23
3187,249,0
3188,249,1
3189,249,2
3190,249,3
3191,249,4
3192,249,5
3193,249,17
3194,249,18
3195,249,19
3196,249,20
3197,249,21
3198,249,22
3199,249,23
3200,250,0
3201,250,1
3202,250,2
3203,250,3
3204,250,4
3205,250,5
3206,250,18
3207,250,19
3208,250,20
3209,250,21
3210,250,22
3211,250,23
3212,251,0
3213,251,1
3214,251,2
3215,251,3
3216,251,4
3217,251,5
3218,251,18
3219,251,19
3220,251,20
3221,251,21
3222,251,22
3223,251,23
3224,252,0
3225,252,1
3226,252,2
3227,252,3
3228,252,4
3229,252,5
3230,252,17
3231,252,18
3232,252,19
3233,252,20
3234,252,21
3235,252,22
3236,252,23
3237,253,0
3238,253,1
3239,253,2
3240,253,3
3241,253,4
3242,253,5
3243,253,17
3244,253,18
3245,253,19
3246,253,20
3247,253,21
3248,253,22
3249,253,23
3250,254,0
3251,254,1
3252,254,2
3253,254,3
3254,254,4
3255,254,5
3256,254,17
3257,254,18
3258,254,19
3259,254,20
3260,254,21
3261,254,22
3262,254,23
3263,255,0
3264,255,1
3265,255,2
3266,255,3
3267,255,4
3268,255,5
3269,255,17
3270,255,18
3271,255,19
3272,255,20
3273,255,21
3274,255,22
3275,255,23
3276,256,0
3277,256,1
3278,256,2
3279,256,3
3280,256,4
3281,256,5
3282,256,17
3283,256,18
3284,256,19
3285,256,20
3286,256,21
3287,256,22
3288,256,23
3289,257,0
3290,257,1
3291,257,2
3292,257,3
3293,257,4
3294,257,5
3295,257,17
3296,257,18
3297,257,19
3298,257,20
3299,257,21
3300,257,22
3301,257,23
3302,258,0
3303,258,1
3304,258,2
3305,258,3
3306,258,4
3307,258,5
3308,258,17
3309,258,18
3310,258,19
3311,258,20
3312,258,21
3313,258,22
3314,258,23
3315,259,0
3316,259,1
3317,259,2
3318,259,3
3319,259,4
3320,259,5
3321,259,17
3322,259,18
3323,259,19
3324,259,20
3325,259,21
3326,259,22
3327,259,23
3328,260,0
3329,260,1
3330,260,2
3331,260,3
3332,260,4
3333,260,5
3334,260,17
3335,260,18
3336,260,19
3337,260,20
3338,260,21
3339,260,22
3340,260,23
3341,261,0
3342,261,1
3343,261,2
3344,261,3
3345,261,4
3346,261,5
3347,261,17
3348,261,18
3349,261,19
3350,261,20
3351,261,21
3352,261,22
3353,261,23
3354,262,0
3355,262,1
3356,262,2
3357,262,3
3358,262,4
3359,262,5
3360,262,17
3361,262,18
3362,262,19
3363,262,20
3364,262,21
3365,262,22
3366,262,23
3367,263,0
3368,263,1
3369,263,2
3370,263,3
3371,263,4
3372,263,5
3373,263,17
3374,263,18
3375,263,19
3376,263,20
3377,263,21
3378,263,22
3379,263,23
3380,264,0
3381,264,1
3382,264,2
3383,264,3
3384,264,4
3385,264,5
3386,264,17
3387,264,18
3388,264,19
3389,264,20
3390,264,21
3391,264,22
3392,264,23
3393,265,0
3394,265,1
3395,265,2
3396,265,3
3397,265,4
3398,265,5
3399,265,17
3400,265,18
3401,265,19
3402,265,20
3403,265,21
3404,265,22
3405,265,23
3406,266,0
3407,266,1
3408,266,2
3409,266,3
3410,266,4
3411,266,5
3412,266,6
3413,266,17
3414,266,18
3415,266,19
3416,266,20
3417,266,21
3418,266,22
3419,266,23
3420,267,0
3421,267,1
3422,267,2
3423,267,3
3424,267,4
3425,267,5
3426,267,6
3427,267,17
3428,267,18
3429,267,19
3430,267,20
3431,267,21
3432,267,22
3433,267,23
3434,268,0
3435,268,1
3436,268,2
3437,268,3
3438,268,4
3439,268,5
3440,268,6
3441,268,17
3442,268,18
3443,268,19
3444,268,20
3445,268,21
3446,268,22
3447,268,23
3448,269,0
3449,269,1
3450,269,2
3451,269,3
3452,269,4
3453,269,5
3454,269,6
3455,269,17
3456,269,18
3457,269,19
3458,269,20
3459,269,21
3460,269,22
3461,269,23
3462,270,0
3463,270,1
3464,270,2
3465,270,3
3466,270,4
3467,270,5
3468,270,6
3469,270,17
3470,270,18
3471,270,19
3472,270,20
3473,270,21
3474,270,22
3475,270,23
3476,271,0
3477,271,1
3478,271,2
3479,271,3
3480,271,4
3481,271,5
3482,271,6
3483,271,17
3484,271,18
3485,271,19
3486,271,20
3487,271,21
3488,271,22
3489,271,23
3490,272,0
3491,272,1
3492,272,2
3493,272,3
3494,272,4
3495,272,5
3496,272,6
3497,272,17
3498,272,18
3499,272,19
3500,272,20
3501,272,21
3502,272,22
3503,272,23
3504,273,0
3505,273,1
3506,273,2
3507,273,3
3508,273,4
3509,273,5
3510,273,6
3511,273,17
3512,273,18
3513,273,19
3514,273,20
3515,273,21
3516,273,22
3517,273,23
3518,274,0
3519,274,1
3520,274,2
3521,274,3
3522,274,4
3523,274,5
3524,274,6
3525,274,17
3526,274,18
3527,274,19
3528,274,20
3529,274,21
3530,274,22
3531,274,23
3532,275,0
3533,275,1
3534,275,2
3535,275,3
3536,275,4
3537,275,5
3538,275,6
3539,275,17
3540,275,18
3541,275,19
3542,275,20
3543,275,21
3544,275,22
3545,275,23
3546,276,0
3547,276,1
3548,276,2
3549,276,3
3550,276,4
3551,276,5
3552,276,6
3553,276,17
3554,276,18
3555,276,19
3556,276,20
3557,276,21
3558,276,22
3559,276,23
3560,277,0
3561,277,1
3562,277,2
3563,277,3
3564,277,4
3565,277,5
3566,277,6
3567,277,17
3568,277,18
3569,277,19
3570,277,20
3571,277,21
3572,277,22
3573,277,23
3574,278,0
3575,278,1
3576,278,2
3577,278,3
3578,278,4
3579,278,5
3580,278,6
3581,278,17
3582,278,18
3583,278,19
3584,278,20
3585,278,21
3586,278,22
3587,278,23
3588,279,0
3589,279,1
3590,279,2
3591,279,3
3592,279,4
3593,279,5
3594,279,6
3595,279,17
3596,279,18
3597,279,19
3598,279,20
3599,279,21
3600,279,22
3601,279,23
3602,280,0
3603,280,1
3604,280,2
3605,280,3
3606,280,4
3607,280,5
3608,280,6
3609,280,17
3610,280,18
3611,280,19
3612,280,20
3613,280,21
3614,280,22
3615,280,23
3616,281,0
3617,281,1
3618,281,2
3619,281,3
3620,281,4
3621,281,5
3622,281,6
3623,281,17
3624,281,18
3625,281,19
3626,281,20
3627,281,21
3628,281,22
3629,281,23
3630,282,0
3631,282,1
3632,282,2
3633,282,3
3634,282,4
3635,282,5
3636,282,6
3637,282,17
3638,282,18
3639,282,19
3640,282,20
3641,282,21
3642,282,22
3643,282,23
3644,283,0
3645,283,1
3646,283,2
3647,283,3
3648,283,4
3649,283,5
3650,283,6
3651,283,17
3652,283,18
3653,283,19
3654,283,20
3655,283,21
3656,283,22
3657,283,23
3658,284,0
3659,284,1
3660,284,2
3661,284,3
3662,284,4
3663,284,5
3664,284,6
3665,284,17
3666,284,18
3667,284,19
3668,284,20
3669,284,21
3670,284,22
3671,284,23
3672,285,0
3673,285,1
3674,285,2
3675,285,3
3676,285,4
3677,285,5
3678,285,6
3679,285,17
3680,285,18
3681,285,19
3682,285,20
3683,285,21
3684,285,22
3685,285,23
3686,286,0
3687,286,1
3688,286,2
3689,286,3
3690,286,4
3691,286,5
3692,286,6
3693,286,17
3694,286,18
3695,286,19
3696,286,20
3697,286,21
3698,286,22
3699,286,23
3700,287,0
3701,287,1
3702,287,2
3703,287,3
3704,287,4
3705,287,5
3706,287,6
3707,287,17
3708,287,18
3709,287,19
3710,287,20
3711,287,21
3712,287,22
3713,287,23
3714,288,0
3715,288,1
3716,288,2
3717,288,3
3718,288,4
3719,288,5
3720,288,6
3721,288,17
3722,288,18
3723,288,19
3724,288,20
3725,288,21
3726,288,22
3727,288,23
3728,289,0
3729,289,1
3730,289,2
3731,289,3
3732,289,4
3733,289,5
3734,289,6
3735,289,17
3736,289,18
3737,289,19
3738,289,20
3739,289,21
3740,289,22
3741,289,23
3742,290,0
3743,290,1
3744,290,2
3745,290,3
3746,290,4
3747,290,5
3748,290,6
3749,290,17
3750,290,18
3751,290,19
3752,290,20
3753,290,21
3754,290,22
3755,290,23
3756,291,0
3757,291,1
3758,291,2
3759,291,3
3760,291,4
3761,291,5
3762,291,6
3763,291,17
3764,291,18
3765,291,19
3766,291,20
3767,291,21
3768,291,22
3769,291,23
3770,292,0
3771,292,1
3772,292,2
3773,292,3
3774,292,4
3775,292,5
3776,292,6
3777,292,16
3778,292,17
3779,292,18
3780,292,19
3781,292,20
3782,292,21
3783,292,22
3784,292,23
3785,293,0
3786,293,1
3787,293,2
3788,293,3
3789,293,4
3790,293,5
3791,293,6
3792,293,16
3793,293,17
3794,293,18
3795,293,19
3796,293,20
3797,293,21
3798,293,22
3799,293,23
3800,294,0
3801,294,1
3802,294,2
3803,294,3
3804,294,4
3805,294,5
3806,294,6
3807,294,16
3808,294,17
3809,294,18
3810,294,19
3811,294,20
3812,294,21
3813,294,22
3814,294,23
3815,295,0
3816,295,1
3817,295,2
3818,295,3
3819,295,4
3820,295,5
3821,295,6
3822,295,16
3823,295,17
3824,295,18
3825,295,19
3826,295,20
3827,295,21
3828,295,22
3829,295,23
3830,296,0
3831,296,1
3832,296,2
3833,296,3
3834,296,4
3835,296,5
3836,296,6
3837,296,16
3838,296,17
3839,296,18
3840,296,19
3841,296,20
3842,296,21
3843,296,22
3844,296,23
3845,297,0
3846,297,1
3847,297,2
3848,297,3
3849,297,4
3850,297,5
3851,297,6
3852,297,16
3853,297,17
3854,297,18
3855,297,19
3856,297,20
3857,297,21
3858,297,22
3859,297,23
3860,298,0
3861,298,1
3862,298,2
3863,298,3
3864,298,4
3865,298,5
3866,298,6
3867,298,16
3868,298,17
3869,298,18
3870,298,19
3871,298,20
3872,298,21
3873,298,22
3874,298,23
3875,299,0
3876,299,1
3877,299,2
3878,299,3
3879,299,4
3880,299,5
3881,299,6
3882,299,16
3883,299,17
3884,299,18
3885,299,19
3886,299,20
3887,299,21
3888,299,22
3889,299,23
3890,300,0
3891,300,1
3892,300,2
3893,300,3
3894,300,4
3895,300,5
3896,300,6
3897,300,16
3898,300,17
3899,300,18
3900,300,19
3901,300,20
3902,300,21
3903,300,22
3904,300,23
3905,301,0
3906,301,1
3907,301,2
3908,301,3
3909,301,4
3910,301,5
3911,301,6
3912,301,7
3913,301,16
3914,301,17
3915,301,18
3916,301,19
3917,301,20
3918,301,21
3919,301,22
3920,301,23
3921,302,0
3922,302,1
3923,302,2
3924,302,3
3925,302,4
3926,302,5
3927,302,6
3928,302,7
3929,302,16
3930,302,17
3931,302,18
3932,302,19
3933,302,20
3934,302,21
3935,302,22
3936,302,23
3937,303,0
3938,303,1
3939,303,2
3940,303,3
3941,303,4
3942,303,5
3943,303,6
3944,303,7
3945,303,16
3946,303,17
3947,303,18
3948,303,19
3949,303,20
3950,303,21
3951,303,22
3952,303,23
3953,304,0
3954,304,1
3955,304,2
3956,304,3
3957,304,4
3958,304,5
3959,304,6
3960,304,7
3961,304,16
3962,304,17
3963,304,18
3964,304,19
3965,304,20
3966,304,21
3967,304,22
3968,304,23
3969,305,0
3970,305,1
3971,305,2
3972,305,3
3973,305,4
3974,305,5
3975,305,6
3976,305,7
3977,305,16
3978,305,17
3979,305,18
3980,305,19
3981,305,20
3982,305,21
3983,305,22
3984,305,23
3985,306,0
3986,306,1
3987,306,2
3988,306,3
3989,306,4
3990,306,5
3991,306,6
3992,306,7
3993,306,16
3994,306,17
3995,306,18
3996,306,19
3997,306,20
3998,306,21
3999,306,22
4000,306,23
4001,307,0
4002,307,1
4003,307,2
4004,307,3
4005,307,4
4006,307,5
4007,307,6
4008,307,7
4009,307,16
4010,307,17
4011,307,18
4012,307,19
4013,307,20
4014,307,21
4015,307,22
4016,307,23
4017,308,0
4018,308,1
4019,308,2
4020,308,3
4021,308,4
4022,308,5
4023,308,6
4024,308,7
4025,308,16
4026,308,17
4027,308,18
4028,308,19
4029,308,20
4030,308,21
4031,308,22
4032,308,23
4033,309,0
4034,309,1
4035,309,2
4036,309,3
4037,309,4
4038,309,5
4039,309,6
4040,309,7
4041,309,16
4042,309,17
4043,309,18
4044,309,19
4045,309,20
4046,309,21
4047,309,22
4048,309,23
4049,310,0
4050,310,1
4051,310,2
4052,310,3
4053,310,4
4054,310,5
4055,310,6
4056,310,7
4057,310,16
4058,310,17
4059,310,18
4060,310,19
4061,310,20
4062,310,21
4063,310,22
4064,310,23
4065,311,0
4066,311,1
4067,311,2
4068,311,3
4069,311,4
4070,311,5
4071,311,6
4072,311,7
4073,311,16
4074,311,17
4075,311,18
4076,311,19
4077,311,20
4078,311,21
4079,311,22
4080,311,23
4081,312,0
4082,312,1
4083,312,2
4084,312,3
4085,312,4
4086,312,5
4087,312,6
4088,312,7
4089,312,16
4090,312,17
4091,312,18
4092,312,19
4093,312,20
4094,312,21
4095,312,22
4096,312,23
4097,313,0
4098,313,1
4099,313,2
4100,313,3
4101,313,4
4102,313,5
4103,313,6
4104,313,7
4105,313,16
4106,313,17
4107,313,18
4108,313,19
4109,313,20
4110,313,21
4111,313,22
4112,313,23
4113,314,0
4114,314,1
4115,314,2
4116,314,3
4117,314,4
4118,314,5
4119,314,6
4120,314,7
4121,314,16
4122,314,17
4123,314,18
4124,314,19
4125,314,20
4126,314,21
4127,314,22
4128,314,23
4129,315,0
4130,315,1
4131,315,2
4132,315,3
4133,315,4
4134,315,5
4135,315,6
4136,315,7
4137,315,16
4138,315,17
4139,315,18
4140,315,19
4141,315,20
4142,315,21
4143,315,22
4144,315,23
4145,316,0
4146,316,1
4147,316,2
4148,316,3
4149,316,4
4150,316,5
4151,316,6
4152,316,7
4153,316,16
4154,316,17
4155,316,18
4156,316,19
4157,316,20
4158,316,21
4159,316,22
4160,316,23
4161,317,0
4162,317,1
4163,317,2
4164,317,3
4165,317,4
4166,317,5
4167,317,6
4168,317,7
4169,317,16
4170,317,17
4171,317,18
4172,317,19
4173,317,20
4174,317,21
4175,317,22
4176,317,23
4177,318,0
4178,318,1
4179,318,2
4180,318,3
4181,318,4
4182,318,5
4183,318,6
4184,318,7
4185,318,16
4186,318,17
4187,318,18
4188,318,19
4189,318,20
4190,318,21
4191,318,22
4192,318,23
4193,319,0
4194,319,1
4195,319,2
4196,319,3
4197,319,4
4198,319,5
4199,319,6
4200,319,7
4201,319,16
4202,319,17
4203,319,18
4204,319,19
4205,319,20
4206,319,21
4207,319,22
4208,319,23
4209,320,0
4210,320,1
4211,320,2
4212,320,3
4213,320,4
4214,320,5
4215,320,6
4216,320,7
4217,320,16
4218,320,17
4219,320,18
4220,320,19
4221,320,20
4222,320,21
4223,320,22
4224,320,23
4225,321,0
4226,321,1
4227,321,2
4228,321,3
4229,321,4
4230,321,5
4231,321,6
4232,321,7
4233,321,16
4234,321,17
4235,321,18
4236,321,19
4237,321,20
4238,321,21
4239,321,22
4240,321,23
4241,322,0
4242,322,1
4243,322,2
4244,322,3
4245,322,4
4246,322,5
4247,322,6
4248,322,7
4249,322,16
4250,322,17
4251,322,18
4252,322,19
4253,322,20
4254,322,21
4255,322,22
4256,322,23
4257,323,0
4258,323,1
4259,323,2
4260,323,3
4261,323,4
4262,323,5
4263,323,6
4264,323,7
4265,323,16
4266,323,17
4267,323,18
4268,323,19
4269,323,20
4270,323,21
4271,323,22
4272,323,23
4273,324,0
4274,324,1
4275,324,2
4276,324,3
4277,324,4
4278,324,5
4279,324,6
4280,324,7
4281,324,16
4282,324,17
4283,324,18
4284,324,19
4285,324,20
4286,324,21
4287,324,22
4288,324,23
4289,325,0
4290,325,1
4291,325,2
4292,325,3
4293,325,4
4294,325,5
4295,325,6
4296,325,7
4297,325,16
4298,325,17
4299,325,18
4300,325,19
4301,325,20
4302,325,21
4303,325,22
4304,325,23
4305,326,0
4306,326,1
4307,326,2
4308,326,3
4309,326,4
4310,326,5
4311,326,6
4312,326,7
4313,326,16
4314,326,17
4315,326,18
4316,326,19
4317,326,20
4318,326,21
4319,326,22
4320,326,23
4321,327,0
4322,327,1
4323,327,2
4324,327,3
4325,327,4
4326,327,5
4327,327,6
4328,327,7
4329,327,16
4330,327,17
4331,327,18
4332,327,19
4333,327,20
4334,327,21
4335,327,22
4336,327,23
4337,328,0
4338,328,1
4339,328,2
4340,328,3
4341,328,4
4342,328,5
4343,328,6
4344,328,7
4345,328,16
4346,328,17
4347,328,18
4348,328,19
4349,328,20
4350,328,21
4351,328,22
4352,328,23
4353,329,0
4354,329,1
4355,329,2
4356,329,3
4357,329,4
4358,329,5
4359,329,6
4360,329,7
4361,329,16
4362,329,17
4363,329,18
4364,329,19
4365,329,20
4366,329,21
4367,329,22
4368,329,23
4369,330,0
4370,330,1
4371,330,2
4372,330,3
4373,330,4
4374,330,5
4375,330,6
4376,330,7
4377,330,16
4378,330,17
4379,330,18
4380,330,19
4381,330,20
4382,330,21
4383,330,22
4384,330,23
4385,331,0
4386,331,1
4387,331,2
4388,331,3
4389,331,4
4390,331,5
4391,331,6
4392,331,7
4393,331,16
4394,331,17
4395,331,18
4396,331,19
4397,331,20
4398,331,21
4399,331,22
4400,331,23
4401,332,0
4402,332,1
4403,332,2
4404,332,3
4405,332,4
4406,332,5
4407,332,6
4408,332,7
4409,332,16
4410,332,17
4411,332,18
4412,332,19
4413,332,20
4414,332,21
4415,332,22
4416,332,23
4417,333,0
4418,333,1
4419,333,2
4420,333,3
4421,333,4
4422,333,5
4423,333,6
4424,333,7
4425,333,16
4426,333,17
4427,333,18
4428,333,19
4429,333,20
4430,333,21
4431,333,22
4432,333,23
4433,334,0
4434,334,1
4435,334,2
4436,334,3
4437,334,4
4438,334,5
4439,334,6
4440,334,7
4441,334,16
4442,334,17
4443,334,18
4444,334,19
4445,334,20
4446,334,21
4447,334,22
4448,334,23
4449,335,0
4450,335,1
4451,335,2
4452,335,3
4453,335,4
4454,335,5
4455,335,6
4456,335,7
4457,335,16
4458,335,17
4459,335,18
4460,335,19
4461,335,20
4462,335,21
4463,335,22
4464,335,23
4465,336,0
4466,336,1
4467,336,2
4468,336,3
4469,336,4
4470,336,5
4471,336,6
4472,336,7
4473,336,16
4474,336,17
4475,336,18
4476,336,19
4477,336,20
4478,336,21
4479,336,22
4480,336,23
4481,337,0
4482,337,1
4483,337,2
4484,337,3
4485,337,4
4486,337,5
4487,337,6
4488,337,7
4489,337,15
4490,337,16
4491,337,17
4492,337,18
4493,337,19
4494,337,20
4495,337,21
4496,337,22
4497,337,23
4498,338,0
4499,338,1
4500,338,2
4501,338,3
4502,338,4
4503,338,5
4504,338,6
4505,338,7
4506,338,15
4507,338,16
4508,338,17
4509,338,18
4510,338,19
4511,338,20
4512,338,21
4513,338,22
4514,338,23
4515,339,0
4516,339,1
4517,339,2
4518,339,3
4519,339,4
4520,339,5
4521,339,6
4522,339,7
4523,339,15
4524,339,16
4525,339,17
4526,339,18
4527,339,19
4528,339,20
4529,339,21
4530,339,22
4531,339,23
4532,340,0
4533,340,1
4534,340,2
4535,340,3
4536,340,4
4537,340,5
4538,340,6
4539,340,7
4540,340,15
4541,340,16
4542,340,17
4543,340,18
4544,340,19
4545,340,20
4546,340,21
4547,340,22
4548,340,23
4549,341,0
4550,341,1
4551,341,2
4552,341,3
4553,341,4
4554,341,5
4555,341,6
4556,341,7
4557,341,16
4558,341,17
4559,341,18
4560,341,19
4561,341,20
4562,341,21
4563,341,22
4564,341,23
4565,342,0
4566,342,1
4567,342,2
4568,342,3
4569,342,4
4570,342,5
4571,342,6
4572,342,7
4573,342,15
4574,342,16
4575,342,17
4576,342,18
4577,342,19
4578,342,20
4579,342,21
4580,342,22
4581,342,23
4582,343,0
4583,343,1
4584,343,2
4585,343,3
4586,343,4
4587,343,5
4588,343,6
4589,343,7
4590,343,16
4591,343,17
4592,343,18
4593,343,19
4594,343,20
4595,343,21
4596,343,22
4597,343,23
4598,344,0
4599,344,1
4600,344,2
4601,344,3
4602,344,4
4603,344,5
4604,344,6
4605,344,7
4606,344,16
4607,344,17
4608,344,18
4609,344,19
4610,344,20
4611,344,21
4612,344,22
4613,344,23
4614,345,0
4615,345,1
4616,345,2
4617,345,3
4618,345,4
4619,345,5
4620,345,6
4621,345,7
4622,345,15
4623,345,16
4624,345,17
4625,345,18
4626,345,19
4627,345,20
4628,345,21
4629,345,22
4630,345,23
4631,346,0
4632,346,1
4633,346,2
4634,346,3
4635,346,4
4636,346,5
4637,346,6
4638,346,7
4639,346,15
4640,346,16
4641,346,17
4642,346,18
4643,346,19
4644,346,20
4645,346,21
4646,346,22
4647,346,23
4648,347,0
4649,347,1
4650,347,2
4651,347,3
4652,347,4
4653,347,5
4654,347,6
4655,347,7
4656,347,16
4657,347,17
4658,347,18
4659,347,19
4660,347,20
4661,347,21
4662,347,22
4663,347,23
4664,348,0
4665,348,1
4666,348,2
4667,348,3
4668,348,4
4669,348,5
4670,348,6
4671,348,7
4672,348,15
4673,348,16
4674,348,17
4675,348,18
4676,348,19
4677,348,20
4678,348,21
4679,348,22
4680,348,23
4681,349,0
4682,349,1
4683,349,2
4684,349,3
4685,349,4
4686,349,5
4687,349,6
4688,349,7
4689,349,15
4690,349,16
4691,349,17
4692,349,18
4693,349,19
4694,349,20
4695,349,21
4696,349,22
4697,349,23
4698,350,0
4699,350,1
4700,350,2
4701,350,3
4702,350,4
4703,350,5
4704,350,6
4705,350,7
4706,350,15
4707,350,16
4708,350,17
4709,350,18
4710,350,19
4711,350,20
4712,350,21
4713,350,22
4714,350,23
4715,351,0
4716,351,1
4717,351,2
4718,351,3
4719,351,4
4720,351,5
4721,351,6
4722,351,7
4723,351,15
4724,351,16
4725,351,17
4726,351,18
4727,351,19
4728,351,20
4729,351,21
4730,351,22
4731,351,23
4732,352,0
4733,352,1
4734,352,2
4735,352,3
4736,352,4
4737,352,5
4738,352,6
4739,352,7
4740,352,15
4741,352,16
4742,352,17
4743,352,18
4744,352,19
4745,352,20
4746,352,21
4747,352,22
4748,352,23
4749,353,0
4750,353,1
4751,353,2
4752,353,3
4753,353,4
4754,353,5
4755,353,6
4756,353,7
4757,353,15
4758,353,16
4759,353,17
4760,353,18
4761,353,19
4762,353,20
4763,353,21
4764,353,22
4765,353,23
4766,354,0
4767,354,1
4768,354,2
4769,354,3
4770,354,4
4771,354,5
4772,354,6
4773,354,7
4774,354,15
4775,354,16
4776,354,17
4777,354,18
4778,354,19
4779,354,20
4780,354,21
4781,354,22
4782,354,23
4783,355,0
4784,355,1
4785,355,2
4786,355,3
4787,355,4
4788,355,5
4789,355,6
4790,355,7
4791,355,15
4792,355,16
4793,355,17
4794,355,18
4795,355,19
4796,355,20
4797,355,21
4798,355,22
4799,355,23
4800,356,0
4801,356,1
4802,356,2
4803,356,3
4804,356,4
4805,356,5
4806,356,6
4807,356,7
4808,356,15
4809,356,16
4810,356,17
4811,356,18
4812,356,19
4813,356,20
4814,356,21
4815,356,22
4816,356,23
4817,357,0
4818,357,1
4819,357,2
4820,357,3
4821,357,4
4822,357,5
4823,357,6
4824,357,7
4825,357,15
4826,357,16
4827,357,17
4828,357,18
4829,357,19
4830,357,20
4831,357,21
4832,357,22
4833,357,23
4834,358,0
4835,358,1
4836,358,2
4837,358,3
4838,358,4
4839,358,5
4840,358,6
4841,358,7
4842,358,15
4843,358,16
4844,358,17
4845,358,18
4846,358,19
4847,358,20
4848,358,21
4849,358,22
4850,358,23
4851,359,0
4852,359,1
4853,359,2
4854,359,3
4855,359,4
4856,359,5
4857,359,6
4858,359,7
4859,359,15
4860,359,16
4861,359,17
4862,359,18
4863,359,19
4864,359,20
4865,359,21
4866,359,22
4867,359,23
4868,360,0
4869,360,1
4870,360,2
4871,360,3
4872,360,4
4873,360,5
4874,360,6
4875,360,7
4876,360,15
4877,360,16
4878,360,17
4879,360,18
4880,360,19
4881,360,20
4882,360,21
4883,360,22
4884,360,23
4885,361,0
4886,361,1
4887,361,2
4888,361,3
4889,361,4
4890,361,5
4891,361,6
4892,361,7
4893,361,15
4894,361,16
4895,361,17
4896,361,18
4897,361,19
4898,361,20
4899,361,21
4900,361,22
4901,361,23
4902,362,0
4903,362,1
4904,362,2
4905,362,3
4906,362,4
4907,362,5
4908,362,6
4909,362,7
4910,362,15
4911,362,16
4912,362,17
4913,362,18
4914,362,19
4915,362,20
4916,362,21
4917,362,22
4918,362,23
4919,363,0
4920,363,1
4921,363,2
4922,363,3
4923,363,4
4924,363,5
4925,363,6
4926,363,7
4927,363,15
4928,363,16
4929,363,17
4930,363,18
4931,363,19
4932,363,20
4933,363,21
4934,363,22
4935,363,23
4936,364,0
4937,364,1
4938,364,2
4939,364,3
4940,364,4
4941,364,5
4942,364,6
4943,364,7
4944,364,15
4945,364,16
4946,364,17
4947,364,18
4948,364,19
4949,364,20
4950,364,21
4951,364,22
4952,364,23
4953,365,0
4954,365,1
4955,365,2
4956,365,3
4957,365,4
4958,365,5
4959,365,6
4960,365,7
4961,365,15
4962,365,16
4963,365,17
4964,365,18
4965,365,19
4966,365,20
4967,365,21
4968,365,22
4969,365,23
