,day,hour
0,1,0
1,1,1
2,1,2
3,1,3
4,1,4
5,1,5
6,1,6
7,1,7
8,1,8
9,1,15
10,1,16
11,1,17
12,1,18
13,1,19
14,1,20
15,1,21
16,1,22
17,1,23
18,2,0
19,2,1
20,2,2
21,2,3
22,2,4
23,2,5
24,2,6
25,2,7
26,2,8
27,2,15
28,2,16
29,2,17
30,2,18
31,2,19
32,2,20
33,2,21
34,2,22
35,2,23
36,3,0
37,3,1
38,3,2
39,3,3
40,3,4
41,3,5
42,3,6
43,3,7
44,3,8
45,3,15
46,3,16
47,3,17
48,3,18
49,3,19
50,3,20
51,3,21
52,3,22
53,3,23
54,4,0
55,4,1
56,4,2
57,4,3
58,4,4
59,4,5
60,4,6
61,4,7
62,4,8
63,4,15
64,4,16
65,4,17
66,4,18
67,4,19
68,4,20
69,4,21
70,4,22
71,4,23
72,5,0
73,5,1
74,5,2
75,5,3
76,5,4
77,5,5
78,5,6
79,5,7
80,5,8
81,5,15
82,5,16
83,5,17
84,5,18
85,5,19
86,5,20
87,5,21
88,5,22
89,5,23
90,6,0
91,6,1
92,6,2
93,6,3
94,6,4
95,6,5
96,6,6
97,6,7
98,6,8
99,6,15
100,6,16
101,6,17
102,6,18
103,6,19
104,6,20
105,6,21
106,6,22
107,6,23
108,7,0
109,7,1
110,7,2
111,7,3
112,7,4
113,7,5
114,7,6
115,7,7
116,7,8
117,7,15
118,7,16
119,7,17
120,7,18
121,7,19
122,7,20
123,7,21
124,7,22
125,7,23
126,8,0
127,8,1
128,8,2
129,8,3
130,8,4
131,8,5
132,8,6
133,8,7
134,8,8
135,8,15
136,8,16
137,8,17
138,8,18
139,8,19
140,8,20
141,8,21
142,8,22
143,8,23
144,9,0
145,9,1
146,9,2
147,9,3
148,9,4
149,9,5
150,9,6
151,9,7
152,9,8
153,9,15
154,9,16
155,9,17
156,9,18
157,9,19
158,9,20
159,9,21
160,9,22
161,9,23
162,10,0
163,10,1
164,10,2
165,10,3
166,10,4
167,10,5
168,10,6
169,10,7
170,10,8
171,10,15
172,10,16
173,10,17
174,10,18
175,10,19
176,10,20
177,10,21
178,10,22
179,10,23
180,11,0
181,11,1
182,11,2
183,11,3
184,11,4
185,11,5
186,11,6
187,11,7
188,11,8
189,11,15
190,11,16
191,11,17
192,11,18
193,11,19
194,11,20
195,11,21
196,11,22
197,11,23
198,12,0
199,12,1
200,12,2
201,12,3
202,12,4
203,12,5
204,12,6
205,12,7
206,12,8
207,12,15
208,12,16
209,12,17
210,12,18
211,12,19
212,12,20
213,12,21
214,12,22
215,12,23
216,13,0
217,13,1
218,13,2
219,13,3
220,13,4
221,13,5
222,13,6
223,13,7
224,13,8
225,13,15
226,13,16
227,13,17
228,13,18
229,13,19
230,13,20
231,13,21
232,13,22
233,13,23
234,14,0
235,14,1
236,14,2
237,14,3
238,14,4
239,14,5
240,14,6
241,14,7
242,14,8
243,14,15
244,14,16
245,14,17
246,14,18
247,14,19
248,14,20
249,14,21
250,14,22
251,14,23
252,15,0
253,15,1
254,15,2
255,15,3
256,15,4
257,15,5
258,15,6
259,15,7
260,15,8
261,15,15
262,15,16
263,15,17
264,15,18
265,15,19
266,15,20
267,15,21
268,15,22
269,15,23
270,16,0
271,16,1
272,16,2
273,16,3
274,16,4
275,16,5
276,16,6
277,16,7
278,16,8
279,16,15
280,16,16
281,16,17
282,16,18
283,16,19
284,16,20
285,16,21
286,16,22
287,16,23
288,17,0
289,17,1
290,17,2
291,17,3
292,17,4
293,17,5
294,17,6
295,17,7
296,17,8
297,17,15
298,17,16
299,17,17
300,17,18
301,17,19
302,17,20
303,17,21
304,17,22
305,17,23
306,18,0
307,18,1
308,18,2
309,18,3
310,18,4
311,18,5
312,18,6
313,18,7
314,18,8
315,18,15
316,18,16
317,18,17
318,18,18
319,18,19
320,18,20
321,18,21
322,18,22
323,18,23
324,19,0
325,19,1
326,19,2
327,19,3
328,19,4
329,19,5
330,19,6
331,19,7
332,19,8
333,19,15
334,19,16
335,19,17
336,19,18
337,19,19
338,19,20
339,19,21
340,19,22
341,19,23
342,20,0
343,20,1
344,20,2
345,20,3
346,20,4
347,20,5
348,20,6
349,20,7
350,20,8
351,20,15
352,20,16
353,20,17
354,20,18
355,20,19
356,20,20
357,20,21
358,20,22
359,20,23
360,21,0
361,21,1
362,21,2
363,21,3
364,21,4
365,21,5
366,21,6
367,21,7
368,21,8
369,21,15
370,21,16
371,21,17
372,21,18
373,21,19
374,21,20
375,21,21
376,21,22
377,21,23
378,22,0
379,22,1
380,22,2
381,22,3
382,22,4
383,22,5
384,22,6
385,22,7
386,22,8
387,22,15
388,22,16
389,22,17
390,22,18
391,22,19
392,22,20
393,22,21
394,22,22
395,22,23
396,23,0
397,23,1
398,23,2
399,23,3
400,23,4
401,23,5
402,23,6
403,23,7
404,23,8
405,23,15
406,23,16
407,23,17
408,23,18
409,23,19
410,23,20
411,23,21
412,23,22
413,23,23
414,24,0
415,24,1
416,24,2
417,24,3
418,24,4
419,24,5
420,24,6
421,24,7
422,24,8
423,24,15
424,24,16
425,24,17
426,24,18
427,24,19
428,24,20
429,24,21
430,24,22
431,24,23
432,25,0
433,25,1
434,25,2
435,25,3
436,25,4
437,25,5
438,25,6
439,25,7
440,25,15
441,25,16
442,25,17
443,25,18
444,25,19
445,25,20
446,25,21
447,25,22
448,25,23
449,26,0
450,26,1
451,26,2
452,26,3
453,26,4
454,26,5
455,26,6
456,26,7
457,26,15
458,26,16
459,26,17
460,26,18
461,26,19
462,26,20
463,26,21
464,26,22
465,26,23
466,27,0
467,27,1
468,27,2
469,27,3
470,27,4
471,27,5
472,27,6
473,27,7
474,27,15
475,27,16
476,27,17
477,27,18
478,27,19
479,27,20
480,27,21
481,27,22
482,27,23
483,28,0
484,28,1
485,28,2
486,28,3
487,28,4
488,28,5
489,28,6
490,28,7
491,28,15
492,28,16
493,28,17
494,28,18
495,28,19
496,28,20
497,28,21
498,28,22
499,28,23
500,29,0
501,29,1
502,29,2
503,29,3
504,29,4
505,29,5
506,29,6
507,29,7
508,29,15
509,29,16
510,29,17
511,29,18
512,29,19
513,29,20
514,29,21
515,29,22
516,29,23
517,30,0
518,30,1
519,30,2
520,30,3
521,30,4
522,30,5
523,30,6
524,30,7
525,30,15
526,30,16
527,30,17
528,30,18
529,30,19
530,30,20
531,30,21
532,30,22
533,30,23
534,31,0
535,31,1
536,31,2
537,31,3
538,31,4
539,31,5
540,31,6
541,31,7
542,31,16
543,31,17
544,31,18
545,31,19
546,31,20
547,31,21
548,31,22
549,31,23
550,32,0
551,32,1
552,32,2
553,32,3
554,32,4
555,32,5
556,32,6
557,32,7
558,32,15
559,32,16
560,32,17
561,32,18
562,32,19
563,32,20
564,32,21
565,32,22
566,32,23
567,33,0
568,33,1
569,33,2
570,33,3
571,33,4
572,33,5
573,33,6
574,33,7
575,33,15
576,33,16
577,33,17
578,33,18
579,33,19
580,33,20
581,33,21
582,33,22
583,33,23
584,34,0
585,34,1
586,34,2
587,34,3
588,34,4
589,34,5
590,34,6
591,34,7
592,34,15
593,34,16
594,34,17
595,34,18
596,34,19
597,34,20
598,34,21
599,34,22
600,34,23
601,35,0
602,35,1
603,35,2
604,35,3
605,35,4
606,35,5
607,35,6
608,35,7
609,35,16
610,35,17
611,35,18
612,35,19
613,35,20
614,35,21
615,35,22
616,35,23
617,36,0
618,36,1
619,36,2
620,36,3
621,36,4
622,36,5
623,36,6
624,36,7
625,36,15
626,36,16
627,36,17
628,36,18
629,36,19
630,36,20
631,36,21
632,36,22
633,36,23
634,37,0
635,37,1
636,37,2
637,37,3
638,37,4
639,37,5
640,37,6
641,37,7
642,37,16
643,37,17
644,37,18
645,37,19
646,37,20
647,37,21
648,37,22
649,37,23
650,38,0
651,38,1
652,38,2
653,38,3
654,38,4
655,38,5
656,38,6
657,38,7
658,38,16
659,38,17
660,38,18
661,38,19
662,38,20
663,38,21
664,38,22
665,38,23
666,39,0
667,39,1
668,39,2
669,39,3
670,39,4
671,39,5
672,39,6
673,39,7
674,39,16
675,39,17
676,39,18
677,39,19
678,39,20
679,39,21
680,39,22
681,39,23
682,40,0
683,40,1
684,40,2
685,40,3
686,40,4
687,40,5
688,40,6
689,40,7
690,40,16
691,40,17
692,40,18
693,40,19
694,40,20
695,40,21
696,40,22
697,40,23
698,41,0
699,41,1
700,41,2
701,41,3
702,41,4
703,41,5
704,41,6
705,41,7
706,41,16
707,41,17
708,41,18
709,41,19
710,41,20
711,41,21
712,41,22
713,41,23
714,42,0
715,42,1
716,42,2
717,42,3
718,42,4
719,42,5
720,42,6
721,42,7
722,42,16
723,42,17
724,42,18
725,42,19
726,42,20
727,42,21
728,42,22
729,42,23
730,43,0
731,43,1
732,43,2
733,43,3
734,43,4
735,43,5
736,43,6
737,43,7
738,43,16
739,43,17
740,43,18
741,43,19
742,43,20
743,43,21
744,43,22
745,43,23
746,44,0
747,44,1
748,44,2
749,44,3
750,44,4
751,44,5
752,44,6
753,44,7
754,44,16
755,44,17
756,44,18
757,44,19
758,44,20
759,44,21
760,44,22
761,44,23
762,45,0
763,45,1
764,45,2
765,45,3
766,45,4
767,45,5
768,45,6
769,45,7
770,45,16
771,45,17
772,45,18
773,45,19
774,45,20
775,45,21
776,45,22
777,45,23
778,46,0
779,46,1
780,46,2
781,46,3
782,46,4
783,46,5
784,46,6
785,46,7
786,46,16
787,46,17
788,46,18
789,46,19
790,46,20
791,46,21
792,46,22
793,46,23
794,47,0
795,47,1
796,47,2
797,47,3
798,47,4
799,47,5
800,47,6
801,47,7
802,47,16
803,47,17
804,47,18
805,47,19
806,47,20
807,47,21
808,47,22
809,47,23
810,48,0
811,48,1
812,48,2
813,48,3
814,48,4
815,48,5
816,48,6
817,48,7
818,48,16
819,48,17
820,48,18
821,48,19
822,48,20
823,48,21
824,48,22
825,48,23
826,49,0
827,49,1
828,49,2
829,49,3
830,49,4
831,49,5
832,49,6
833,49,7
834,49,16
835,49,17
836,49,18
837,49,19
838,49,20
839,49,21
840,49,22
841,49,23
842,50,0
843,50,1
844,50,2
845,50,3
846,50,4
847,50,5
848,50,6
849,50,7
850,50,16
851,50,17
852,50,18
853,50,19
854,50,20
855,50,21
856,50,22
857,50,23
858,51,0
859,51,1
860,51,2
861,51,3
862,51,4
863,51,5
864,51,6
865,51,7
866,51,16
867,51,17
868,51,18
869,51,19
870,51,20
871,51,21
872,51,22
873,51,23
874,52,0
875,52,1
876,52,2
877,52,3
878,52,4
879,52,5
880,52,6
881,52,7
882,52,16
883,52,17
884,52,18
885,52,19
886,52,20
887,52,21
888,52,22
889,52,23
890,53,0
891,53,1
892,53,2
893,53,3
894,53,4
895,53,5
896,53,6
897,53,7
898,53,16
899,53,17
900,53,18
901,53,19
902,53,20
903,53,21
904,53,22
905,53,23
906,54,0
907,54,1
908,54,2
909,54,3
910,54,4
911,54,5
912,54,6
913,54,7
914,54,16
915,54,17
916,54,18
917,54,19
918,54,20
919,54,21
920,54,22
921,54,23
922,55,0
923,55,1
924,55,2
925,55,3
926,55,4
927,55,5
928,55,6
929,55,7
930,55,16
931,55,17
932,55,18
933,55,19
934,55,20
935,55,21
936,55,22
937,55,23
938,56,0
939,56,1
940,56,2
941,56,3
942,56,4
943,56,5
944,56,6
945,56,16
946,56,17
947,56,18
948,56,19
949,56,20
950,56,21
951,56,22
952,56,23
953,57,0
954,57,1
955,57,2
956,57,3
957,57,4
958,57,5
959,57,6
960,57,7
961,57,16
962,57,17
963,57,18
964,57,19
965,57,20
966,57,21
967,57,22
968,57,23
969,58,0
970,58,1
971,58,2
972,58,3
973,58,4
974,58,5
975,58,6
976,58,16
977,58,17
978,58,18
979,58,19
980,58,20
981,58,21
982,58,22
983,58,23
984,59,0
985,59,1
986,59,2
987,59,3
988,59,4
989,59,5
990,59,6
991,59,7
992,59,16
993,59,17
994,59,18
995,59,19
996,59,20
997,59,21
998,59,22
999,59,23
1000,60,0
1001,60,1
1002,60,2
1003,60,3
1004,60,4
1005,60,5
1006,60,6
1007,60,7
1008,60,16
1009,60,17
1010,60,18
1011,60,19
1012,60,20
1013,60,21
1014,60,22
1015,60,23
1016,61,0
1017,61,1
1018,61,2
1019,61,3
1020,61,4
1021,61,5
1022,61,6
1023,61,16
1024,61,17
1025,61,18
1026,61,19
1027,61,20
1028,61,21
1029,61,22
1030,61,23
1031,62,0
1032,62,1
1033,62,2
1034,62,3
1035,62,4
1036,62,5
1037,62,6
1038,62,16
1039,62,17
1040,62,18
1041,62,19
1042,62,20
1043,62,21
1044,62,22
1045,62,23
1046,63,0
1047,63,1
1048,63,2
1049,63,3
1050,63,4
1051,63,5
1052,63,6
1053,63,16
1054,63,17
1055,63,18
1056,63,19
1057,63,20
1058,63,21
1059,63,22
1060,63,23
1061,64,0
1062,64,1
1063,64,2
1064,64,3
1065,64,4
1066,64,5
1067,64,6
1068,64,16
1069,64,17
1070,64,18
1071,64,19
1072,64,20
1073,64,21
1074,64,22
1075,64,23
1076,65,0
1077,65,1
1078,65,2
1079,65,3
1080,65,4
1081,65,5
1082,65,6
1083,65,16
1084,65,17
1085,65,18
1086,65,19
1087,65,20
1088,65,21
1089,65,22
1090,65,23
1091,66,0
1092,66,1
1093,66,2
1094,66,3
1095,66,4
1096,66,5
1097,66,6
1098,66,16
1099,66,17
1100,66,18
1101,66,19
1102,66,20
1103,66,21
1104,66,22
1105,66,23
1106,67,0
1107,67,1
1108,67,2
1109,67,3
1110,67,4
1111,67,5
1112,67,6
1113,67,17
1114,67,18
1115,67,19
1116,67,20
1117,67,21
1118,67,22
1119,67,23
1120,68,0
1121,68,1
1122,68,2
1123,68,3
1124,68,4
1125,68,5
1126,68,6
1127,68,17
1128,68,18
1129,68,19
1130,68,20
1131,68,21
1132,68,22
1133,68,23
1134,69,0
1135,69,1
1136,69,2
1137,69,3
1138,69,4
1139,69,5
1140,69,6
1141,69,17
1142,69,18
1143,69,19
1144,69,20
1145,69,21
1146,69,22
1147,69,23
1148,70,0
1149,70,1
1150,70,2
1151,70,3
1152,70,4
1153,70,5
1154,70,6
1155,70,17
1156,70,18
1157,70,19
1158,70,20
1159,70,21
1160,70,22
1161,70,23
1162,71,0
1163,71,1
1164,71,2
1165,71,3
1166,71,4
1167,71,5
1168,71,6
1169,71,17
1170,71,18
1171,71,19
1172,71,20
1173,71,21
1174,71,22
1175,71,23
1176,72,0
1177,72,1
1178,72,2
1179,72,3
1180,72,4
1181,72,5
1182,72,6
1183,72,17
1184,72,18
1185,72,19
1186,72,20
1187,72,21
1188,72,22
1189,72,23
1190,73,0
1191,73,1
1192,73,2
1193,73,3
1194,73,4
1195,73,5
1196,73,6
1197,73,17
1198,73,18
1199,73,19
1200,73,20
1201,73,21
1202,73,22
1203,73,23
1204,74,0
1205,74,1
1206,74,2
1207,74,3
1208,74,4
1209,74,5
1210,74,6
1211,74,17
1212,74,18
1213,74,19
1214,74,20
1215,74,21
1216,74,22
1217,74,23
1218,75,0
1219,75,1
1220,75,2
1221,75,3
1222,75,4
1223,75,5
1224,75,6
1225,75,17
1226,75,18
1227,75,19
1228,75,20
1229,75,21
1230,75,22
1231,75,23
1232,76,0
1233,76,1
1234,76,2
1235,76,3
1236,76,4
1237,76,5
1238,76,6
1239,76,17
1240,76,18
1241,76,19
1242,76,20
1243,76,21
1244,76,22
1245,76,23
1246,77,0
1247,77,1
1248,77,2
1249,77,3
1250,77,4
1251,77,5
1252,77,6
1253,77,17
1254,77,18
1255,77,19
1256,77,20
1257,77,21
1258,77,22
1259,77,23
1260,78,0
1261,78,1
1262,78,2
1263,78,3
1264,78,4
1265,78,5
1266,78,6
1267,78,17
1268,78,18
1269,78,19
1270,78,20
1271,78,21
1272,78,22
1273,78,23
1274,79,0
1275,79,1
1276,79,2
1277,79,3
1278,79,4
1279,79,5
1280,79,6
1281,79,17
1282,79,18
1283,79,19
1284,79,20
1285,79,21
1286,79,22
1287,79,23
1288,80,0
1289,80,1
1290,80,2
1291,80,3
1292,80,4
1293,80,5
1294,80,6
1295,80,17
1296,80,18
1297,80,19
1298,80,20
1299,80,21
1300,80,22
1301,80,23
1302,81,0
1303,81,1
1304,81,2
1305,81,3
1306,81,4
1307,81,5
1308,81,6
1309,81,17
1310,81,18
1311,81,19
1312,81,20
1313,81,21
1314,81,22
1315,81,23
1316,82,0
1317,82,1
1318,82,2
1319,82,3
1320,82,4
1321,82,5
1322,82,6
1323,82,17
1324,82,18
1325,82,19
1326,82,20
1327,82,21
1328,82,22
1329,82,23
1330,83,0
1331,83,1
1332,83,2
1333,83,3
1334,83,4
1335,83,5
1336,83,6
1337,83,17
1338,83,18
1339,83,19
1340,83,20
1341,83,21
1342,83,22
1343,83,23
1344,84,0
1345,84,1
1346,84,2
1347,84,3
1348,84,4
1349,84,5
1350,84,6
1351,84,17
1352,84,18
1353,84,19
1354,84,20
1355,84,21
1356,84,22
1357,84,23
1358,85,0
1359,85,1
1360,85,2
1361,85,3
1362,85,4
1363,85,5
1364,85,6
1365,85,17
1366,85,18
1367,85,19
1368,85,20
1369,85,21
1370,85,22
1371,85,23
1372,86,0
1373,86,1
1374,86,2
1375,86,3
1376,86,4
1377,86,5
1378,86,6
1379,86,17
1380,86,18
1381,86,19
1382,86,20
1383,86,21
1384,86,22
1385,86,23
1386,87,0
1387,87,1
1388,87,2
1389,87,3
1390,87,4
1391,87,5
1392,87,6
1393,87,17
1394,87,18
1395,87,19
1396,87,20
1397,87,21
1398,87,22
1399,87,23
1400,88,0
1401,88,1
1402,88,2
1403,88,3
1404,88,4
1405,88,5
1406,88,6
1407,88,17
1408,88,18
1409,88,19
1410,88,20
1411,88,21
1412,88,22
1413,88,23
1414,89,0
1415,89,1
1416,89,2
1417,89,3
1418,89,4
1419,89,5
1420,89,17
1421,89,18
1422,89,19
1423,89,20
1424,89,21
1425,89,22
1426,89,23
1427,90,0
1428,90,1
1429,90,2
1430,90,3
1431,90,4
1432,90,5
1433,90,6
1434,90,17
1435,90,18
1436,90,19
1437,90,20
1438,90,21
1439,90,22
1440,90,23
1441,91,0
1442,91,1
1443,91,2
1444,91,3
1445,91,4
1446,91,5
1447,91,17
1448,91,18
1449,91,19
1450,91,20
1451,91,21
1452,91,22
1453,91,23
1454,92,0
1455,92,1
1456,92,2
1457,92,3
1458,92,4
1459,92,5
1460,92,17
1461,92,18
1462,92,19
1463,92,20
1464,92,21
1465,92,22
1466,92,23
1467,93,0
1468,93,1
1469,93,2
1470,93,3
1471,93,4
1472,93,5
1473,93,17
1474,93,18
1475,93,19
1476,93,20
1477,93,21
1478,93,22
1479,93,23
1480,94,0
1481,94,1
1482,94,2
1483,94,3
1484,94,4
1485,94,5
1486,94,17
1487,94,18
1488,94,19
1489,94,20
1490,94,21
1491,94,22
1492,94,23
1493,95,0
1494,95,1
1495,95,2
1496,95,3
1497,95,4
1498,95,5
1499,95,17
1500,95,18
1501,95,19
1502,95,20
1503,95,21
1504,95,22
1505,95,23
1506,96,0
1507,96,1
1508,96,2
1509,96,3
1510,96,4
1511,96,5
1512,96,17
1513,96,18
1514,96,19
1515,96,20
1516,96,21
1517,96,22
1518,96,23
1519,97,0
1520,97,1
1521,97,2
1522,97,3
1523,97,4
1524,97,5
1525,97,17
1526,97,18
1527,97,19
1528,97,20
1529,97,21
1530,97,22
1531,97,23
1532,98,0
1533,98,1
1534,98,2
1535,98,3
1536,98,4
1537,98,5
1538,98,17
1539,98,18
1540,98,19
1541,98,20
1542,98,21
1543,98,22
1544,98,23
1545,99,0
1546,99,1
1547,99,2
1548,99,3
1549,99,4
1550,99,5
1551,99,17
1552,99,18
1553,99,19
1554,99,20
1555,99,21
1556,99,22
1557,99,23
1558,100,0
1559,100,1
1560,100,2
1561,100,3
1562,100,4
1563,100,5
1564,100,18
1565,100,19
1566,100,20
1567,100,21
1568,100,22
1569,100,23
1570,101,0
1571,101,1
1572,101,2
1573,101,3
1574,101,4
1575,101,5
1576,101,18
1577,101,19
1578,101,20
1579,101,21
1580,101,22
1581,101,23
1582,102,0
1583,102,1
1584,102,2
1585,102,3
1586,102,4
1587,102,5
1588,102,18
1589,102,19
1590,102,20
1591,102,21
1592,102,22
1593,102,23
1594,103,0
1595,103,1
1596,103,2
1597,103,3
1598,103,4
1599,103,5
1600,103,17
1601,103,18
1602,103,19
1603,103,20
1604,103,21
1605,103,22
1606,103,23
1607,104,0
1608,104,1
1609,104,2
1610,104,3
1611,104,4
1612,104,5
1613,104,17
1614,104,18
1615,104,19
1616,104,20
1617,104,21
1618,104,22
1619,104,23
1620,105,0
1621,105,1
1622,105,2
1623,105,3
1624,105,4
1625,105,5
1626,105,18
1627,105,19
1628,105,20
1629,105,21
1630,105,22
1631,105,23
1632,106,0
1633,106,1
1634,106,2
1635,106,3
1636,106,4
1637,106,5
1638,106,18
1639,106,19
1640,106,20
1641,106,21
1642,106,22
1643,106,23
1644,107,0
1645,107,1
1646,107,2
1647,107,3
1648,107,4
1649,107,5
1650,107,18
1651,107,19
1652,107,20
1653,107,21
1654,107,22
1655,107,23
1656,108,0
1657,108,1
1658,108,2
1659,108,3
1660,108,4
1661,108,5
1662,108,18
1663,108,19
1664,108,20
1665,108,21
1666,108,22
1667,108,23
1668,109,0
1669,109,1
1670,109,2
1671,109,3
1672,109,4
1673,109,5
1674,109,18
1675,109,19
1676,109,20
1677,109,21
1678,109,22
1679,109,23
1680,110,0
1681,110,1
1682,110,2
1683,110,3
1684,110,4
1685,110,5
1686,110,18
1687,110,19
1688,110,20
1689,110,21
1690,110,22
1691,110,23
1692,111,0
1693,111,1
1694,111,2
1695,111,3
1696,111,4
1697,111,5
1698,111,18
1699,111,19
1700,111,20
1701,111,21
1702,111,22
1703,111,23
1704,112,0
1705,112,1
1706,112,2
1707,112,3
1708,112,4
1709,112,5
1710,112,18
1711,112,19
1712,112,20
1713,112,21
1714,112,22
1715,112,23
1716,113,0
1717,113,1
1718,113,2
1719,113,3
1720,113,4
1721,113,5
1722,113,18
1723,113,19
1724,113,20
1725,113,21
1726,113,22
1727,113,23
1728,114,0
1729,114,1
1730,114,2
1731,114,3
1732,114,4
1733,114,5
1734,114,18
1735,114,19
1736,114,20
1737,114,21
1738,114,22
1739,114,23
1740,115,0
1741,115,1
1742,115,2
1743,115,3
1744,115,4
1745,115,5
1746,115,18
1747,115,19
1748,115,20
1749,115,21
1750,115,22
1751,115,23
1752,116,0
1753,116,1
1754,116,2
1755,116,3
1756,116,4
1757,116,5
1758,116,18
1759,116,19
1760,116,20
1761,116,21
1762,116,22
1763,116,23
1764,117,0
1765,117,1
1766,117,2
1767,117,3
1768,117,4
1769,117,5
1770,117,18
1771,117,19
1772,117,20
1773,117,21
1774,117,22
1775,117,23
1776,118,0
1777,118,1
1778,118,2
1779,118,3
1780,118,4
1781,118,5
1782,118,18
1783,118,19
1784,118,20
1785,118,21
1786,118,22
1787,118,23
1788,119,0
1789,119,1
1790,119,2
1791,119,3
1792,119,4
1793,119,5
1794,119,18
1795,119,19
1796,119,20
1797,119,21
1798,119,22
1799,119,23
1800,120,0
1801,120,1
1802,120,2
1803,120,3
1804,120,4
1805,120,5
1806,120,18
1807,120,19
1808,120,20
1809,120,21
1810,120,22
1811,120,23
1812,121,0
1813,121,1
1814,121,2
1815,121,3
1816,121,4
1817,121,5
1818,121,18
1819,121,19
1820,121,20
1821,121,21
1822,121,22
1823,121,23
1824,122,0
1825,122,1
1826,122,2
1827,122,3
1828,122,4
1829,122,5
1830,122,18
1831,122,19
1832,122,20
1833,122,21
1834,122,22
1835,122,23
1836,123,0
1837,123,1
1838,123,2
1839,123,3
1840,123,4
1841,123,5
1842,123,18
1843,123,19
1844,123,20
1845,123,21
1846,123,22
1847,123,23
1848,124,0
1849,124,1
1850,124,2
1851,124,3
1852,124,4
1853,124,5
1854,124,18
1855,124,19
1856,124,20
1857,124,21
1858,124,22
1859,124,23
1860,125,0
1861,125,1
1862,125,2
1863,125,3
1864,125,4
1865,125,5
1866,125,18
1867,125,19
1868,125,20
1869,125,21
1870,125,22
1871,125,23
1872,126,0
1873,126,1
1874,126,2
1875,126,3
1876,126,4
1877,126,5
1878,126,18
1879,126,19
1880,126,20
1881,126,21
1882,126,22
1883,126,23
1884,127,0
1885,127,1
1886,127,2
1887,127,3
1888,127,4
1889,127,5
1890,127,18
1891,127,19
1892,127,20
1893,127,21
1894,127,22
1895,127,23
1896,128,0
1897,128,1
1898,128,2
1899,128,3
1900,128,4
1901,128,5
1902,128,18
1903,128,19
1904,128,20
1905,128,21
1906,128,22
1907,128,23
1908,129,0
1909,129,1
1910,129,2
1911,129,3
1912,129,4
1913,129,5
1914,129,18
1915,129,19
1916,129,20
1917,129,21
1918,129,22
1919,129,23
1920,130,0
1921,130,1
1922,130,2
1923,130,3
1924,130,4
1925,130,5
1926,130,18
1927,130,19
1928,130,20
1929,130,21
1930,130,22
1931,130,23
1932,131,0
1933,131,1
1934,131,2
1935,131,3
1936,131,4
1937,131,5
1938,131,18
1939,131,19
1940,131,20
1941,131,21
1942,131,22
1943,131,23
1944,132,0
1945,132,1
1946,132,2
1947,132,3
1948,132,4
1949,132,5
1950,132,18
1951,132,19
1952,132,20
1953,132,21
1954,132,22
1955,132,23
1956,133,0
1957,133,1
1958,133,2
1959,133,3
1960,133,4
1961,133,18
1962,133,19
1963,133,20
1964,133,21
1965,133,22
1966,133,23
1967,134,0
1968,134,1
1969,134,2
1970,134,3
1971,134,4
1972,134,18
1973,134,19
1974,134,20
1975,134,21
1976,134,22
1977,134,23
1978,135,0
1979,135,1
1980,135,2
1981,135,3
1982,135,4
1983,135,18
1984,135,19
1985,135,20
1986,135,21
1987,135,22
1988,135,23
1989,136,0
1990,136,1
1991,136,2
1992,136,3
1993,136,4
1994,136,18
1995,136,19
1996,136,20
1997,136,21
1998,136,22
1999,136,23
2000,137,0
2001,137,1
2002,137,2
2003,137,3
2004,137,4
2005,137,18
2006,137,19
2007,137,20
2008,137,21
2009,137,22
2010,137,23
2011,138,0
2012,138,1
2013,138,2
2014,138,3
2015,138,4
2016,138,18
2017,138,19
2018,138,20
2019,138,21
2020,138,22
2021,138,23
2022,139,0
2023,139,1
2024,139,2
2025,139,3
2026,139,4
2027,139,18
2028,139,19
2029,139,20
2030,139,21
2031,139,22
2032,139,23
2033,140,0
2034,140,1
2035,140,2
2036,140,3
2037,140,4
2038,140,18
2039,140,19
2040,140,20
2041,140,21
2042,140,22
2043,140,23
2044,141,0
2045,141,1
2046,141,2
2047,141,3
2048,141,4
2049,141,18
2050,141,19
2051,141,20
2052,141,21
2053,141,22
2054,141,23
2055,142,0
2056,142,1
2057,142,2
2058,142,3
2059,142,4
2060,142,18
2061,142,19
2062,142,20
2063,142,21
2064,142,22
2065,142,23
2066,143,0
2067,143,1
2068,143,2
2069,143,3
2070,143,4
2071,143,18
2072,143,19
2073,143,20
2074,143,21
2075,143,22
2076,143,23
2077,144,0
2078,144,1
2079,144,2
2080,144,3
2081,144,4
2082,144,18
2083,144,19
2084,144,20
2085,144,21
2086,144,22
2087,144,23
2088,145,0
2089,145,1
2090,145,2
2091,145,3
2092,145,4
2093,145,18
2094,145,19
2095,145,20
2096,145,21
2097,145,22
2098,145,23
2099,146,0
2100,146,1
2101,146,2
2102,146,3
2103,146,4
2104,146,18
2105,146,19
2106,146,20
2107,146,21
2108,146,22
2109,146,23
2110,147,0
2111,147,1
2112,147,2
2113,147,3
2114,147,4
2115,147,18
2116,147,19
2117,147,20
2118,147,21
2119,147,22
2120,147,23
2121,148,0
2122,148,1
2123,148,2
2124,148,3
2125,148,4
2126,148,18
2127,148,19
2128,148,20
2129,148,21
2130,148,22
2131,148,23
2132,149,0
2133,149,1
2134,149,2
2135,149,3
2136,149,4
2137,149,18
2138,149,19
2139,149,20
2140,149,21
2141,149,22
2142,149,23
2143,150,0
2144,150,1
2145,150,2
2146,150,3
2147,150,4
2148,150,18
2149,150,19
2150,150,20
2151,150,21
2152,150,22
2153,150,23
2154,151,0
2155,151,1
2156,151,2
2157,151,3
2158,151,4
2159,151,18
2160,151,19
2161,151,20
2162,151,21
2163,151,22
2164,151,23
2165,152,0
2166,152,1
2167,152,2
2168,152,3
2169,152,4
2170,152,18
2171,152,19
2172,152,20
2173,152,21
2174,152,22
2175,152,23
2176,153,0
2177,153,1
2178,153,2
2179,153,3
2180,153,4
2181,153,18
2182,153,19
2183,153,20
2184,153,21
2185,153,22
2186,153,23
2187,154,0
2188,154,1
2189,154,2
2190,154,3
2191,154,4
2192,154,18
2193,154,19
2194,154,20
2195,154,21
2196,154,22
2197,154,23
2198,155,0
2199,155,1
2200,155,2
2201,155,3
2202,155,4
2203,155,18
2204,155,19
2205,155,20
2206,155,21
2207,155,22
2208,155,23
2209,156,0
2210,156,1
2211,156,2
2212,156,3
2213,156,4
2214,156,18
2215,156,19
2216,156,20
2217,156,21
2218,156,22
2219,156,23
2220,157,0
2221,157,1
2222,157,2
2223,157,3
2224,157,4
2225,157,18
2226,157,19
2227,157,20
2228,157,21
2229,157,22
2230,157,23
2231,158,0
2232,158,1
2233,158,2
2234,158,3
2235,158,4
2236,158,18
2237,158,19
2238,158,20
2239,158,21
2240,158,22
2241,158,23
2242,159,0
2243,159,1
2244,159,2
2245,159,3
2246,159,4
2247,159,18
2248,159,19
2249,159,20
2250,159,21
2251,159,22
2252,159,23
2253,160,0
2254,160,1
2255,160,2
2256,160,3
2257,160,4
2258,160,19
2259,160,20
2260,160,21
2261,160,22
2262,160,23
2263,161,0
2264,161,1
2265,161,2
2266,161,3
2267,161,4
2268,161,18
2269,161,19
2270,161,20
2271,161,21
2272,161,22
2273,161,23
2274,162,0
2275,162,1
2276,162,2
2277,162,3
2278,162,4
2279,162,19
2280,162,20
2281,162,21
2282,162,22
2283,162,23
2284,163,0
2285,163,1
2286,163,2
2287,163,3
2288,163,4
2289,163,19
2290,163,20
2291,163,21
2292,163,22
2293,163,23
2294,164,0
2295,164,1
2296,164,2
2297,164,3
2298,164,4
2299,164,19
2300,164,20
2301,164,21
2302,164,22
2303,164,23
2304,165,0
2305,165,1
2306,165,2
2307,165,3
2308,165,4
2309,165,19
2310,165,20
2311,165,21
2312,165,22
2313,165,23
2314,166,0
2315,166,1
2316,166,2
2317,166,3
2318,166,4
2319,166,19
2320,166,20
2321,166,21
2322,166,22
2323,166,23
2324,167,0
2325,167,1
2326,167,2
2327,167,3
2328,167,4
2329,167,19
2330,167,20
2331,167,21
2332,167,22
2333,167,23
2334,168,0
2335,168,1
2336,168,2
2337,168,3
2338,168,4
2339,168,19
2340,168,20
2341,168,21
2342,168,22
2343,168,23
2344,169,0
2345,169,1
2346,169,2
2347,169,3
2348,169,4
2349,169,19
2350,169,20
2351,169,21
2352,169,22
2353,169,23
2354,170,0
2355,170,1
2356,170,2
2357,170,3
2358,170,4
2359,170,19
2360,170,20
2361,170,21
2362,170,22
2363,170,23
2364,171,0
2365,171,1
2366,171,2
2367,171,3
2368,171,4
2369,171,19
2370,171,20
2371,171,21
2372,171,22
2373,171,23
2374,172,0
2375,172,1
2376,172,2
2377,172,3
2378,172,4
2379,172,19
2380,172,20
2381,172,21
2382,172,22
2383,172,23
2384,173,0
2385,173,1
2386,173,2
2387,173,3
2388,173,4
2389,173,19
2390,173,20
2391,173,21
2392,173,22
2393,173,23
2394,174,0
2395,174,1
2396,174,2
2397,174,3
2398,174,4
2399,174,19
2400,174,20
2401,174,21
2402,174,22
2403,174,23
2404,175,0
2405,175,1
2406,175,2
2407,175,3
2408,175,4
2409,175,19
2410,175,20
2411,175,21
2412,175,22
2413,175,23
2414,176,0
2415,176,1
2416,176,2
2417,176,3
2418,176,4
2419,176,19
2420,176,20
2421,176,21
2422,176,22
2423,176,23
2424,177,0
2425,177,1
2426,177,2
2427,177,3
2428,177,4
2429,177,19
2430,177,20
2431,177,21
2432,177,22
2433,177,23
2434,178,0
2435,178,1
2436,178,2
2437,178,3
2438,178,4
2439,178,19
2440,178,20
2441,178,21
2442,178,22
2443,178,23
2444,179,0
2445,179,1
2446,179,2
2447,179,3
2448,179,4
2449,179,19
2450,179,20
2451,179,21
2452,179,22
2453,179,23
2454,180,0
2455,180,1
2456,180,2
2457,180,3
2458,180,4
2459,180,19
2460,180,20
2461,180,21
2462,180,22
2463,180,23
2464,181,0
2465,181,1
2466,181,2
2467,181,3
2468,181,4
2469,181,19
2470,181,20
2471,181,21
2472,181,22
2473,181,23
2474,182,0
2475,182,1
2476,182,2
2477,182,3
2478,182,4
2479,182,19
2480,182,20
2481,182,21
2482,182,22
2483,182,23
2484,183,0
2485,183,1
2486,183,2
2487,183,3
2488,183,4
2489,183,19
2490,183,20
2491,183,21
2492,183,22
2493,183,23
2494,184,0
2495,184,1
2496,184,2
2497,184,3
2498,184,4
2499,184,19
2500,184,20
2501,184,21
2502,184,22
2503,184,23
2504,185,0
2505,185,1
2506,185,2
2507,185,3
2508,185,4
2509,185,19
2510,185,20
2511,185,21
2512,185,22
2513,185,23
2514,186,0
2515,186,1
2516,186,2
2517,186,3
2518,186,4
2519,186,18
2520,186,19
2521,186,20
2522,186,21
2523,186,22
2524,186,23
2525,187,0
2526,187,1
2527,187,2
2528,187,3
2529,187,4
2530,187,19
2531,187,20
2532,187,21
2533,187,22
2534,187,23
2535,188,0
2536,188,1
2537,188,2
2538,188,3
2539,188,4
2540,188,19
2541,188,20
2542,188,21
2543,188,22
2544,188,23
2545,189,0
2546,189,1
2547,189,2
2548,189,3
2549,189,4
2550,189,18
2551,189,19
2552,189,20
2553,189,21
2554,189,22
2555,189,23
2556,190,0
2557,190,1
2558,190,2
2559,190,3
2560,190,4
2561,190,19
2562,190,20
2563,190,21
2564,190,22
2565,190,23
2566,191,0
2567,191,1
2568,191,2
2569,191,3
2570,191,4
2571,191,19
2572,191,20
2573,191,21
2574,191,22
2575,191,23
2576,192,0
2577,192,1
2578,192,2
2579,192,3
2580,192,4
2581,192,18
2582,192,19
2583,192,20
2584,192,21
2585,192,22
2586,192,23
2587,193,0
2588,193,1
2589,193,2
2590,193,3
2591,193,4
2592,193,19
2593,193,20
2594,193,21
2595,193,22
2596,193,23
2597,194,0
2598,194,1
2599,194,2
2600,194,3
2601,194,4
2602,194,19
2603,194,20
2604,194,21
2605,194,22
2606,194,23
2607,195,0
2608,195,1
2609,195,2
2610,195,3
2611,195,4
2612,195,18
2613,195,19
2614,195,20
2615,195,21
2616,195,22
2617,195,23
2618,196,0
2619,196,1
2620,196,2
2621,196,3
2622,196,4
2623,196,18
2624,196,19
2625,196,20
2626,196,21
2627,196,22
2628,196,23
2629,197,0
2630,197,1
2631,197,2
2632,197,3
2633,197,4
2634,197,18
2635,197,19
2636,197,20
2637,197,21
2638,197,22
2639,197,23
2640,198,0
2641,198,1
2642,198,2
2643,198,3
2644,198,4
2645,198,18
2646,198,19
2647,198,20
2648,198,21
2649,198,22
2650,198,23
2651,199,0
2652,199,1
2653,199,2
2654,199,3
2655,199,4
2656,199,18
2657,199,19
2658,199,20
2659,199,21
2660,199,22
2661,199,23
2662,200,0
2663,200,1
2664,200,2
2665,200,3
2666,200,4
2667,200,18
2668,200,19
2669,200,20
2670,200,21
2671,200,22
2672,200,23
2673,201,0
2674,201,1
2675,201,2
2676,201,3
2677,201,4
2678,201,18
2679,201,19
2680,201,20
2681,201,21
2682,201,22
2683,201,23
2684,202,0
2685,202,1
2686,202,2
2687,202,3
2688,202,4
2689,202,18
2690,202,19
2691,202,20
2692,202,21
2693,202,22
2694,202,23
2695,203,0
2696,203,1
2697,203,2
2698,203,3
2699,203,4
2700,203,18
2701,203,19
2702,203,20
2703,203,21
2704,203,22
2705,203,23
2706,204,0
2707,204,1
2708,204,2
2709,204,3
2710,204,4
2711,204,18
2712,204,19
2713,204,20
2714,204,21
2715,204,22
2716,204,23
2717,205,0
2718,205,1
2719,205,2
2720,205,3
2721,205,4
2722,205,18
2723,205,19
2724,205,20
2725,205,21
2726,205,22
2727,205,23
2728,206,0
2729,206,1
2730,206,2
2731,206,3
2732,206,4
2733,206,18
2734,206,19
2735,206,20
2736,206,21
2737,206,22
2738,206,23
2739,207,0
2740,207,1
2741,207,2
2742,207,3
2743,207,4
2744,207,18
2745,207,19
2746,207,20
2747,207,21
2748,207,22
2749,207,23
2750,208,0
2751,208,1
2752,208,2
2753,208,3
2754,208,4
2755,208,18
2756,208,19
2757,208,20
2758,208,21
2759,208,22
2760,208,23
2761,209,0
2762,209,1
2763,209,2
2764,209,3
2765,209,4
2766,209,18
2767,209,19
2768,209,20
2769,209,21
2770,209,22
2771,209,23
2772,210,0
2773,210,1
2774,210,2
2775,210,3
2776,210,4
2777,210,18
2778,210,19
2779,210,20
2780,210,21
2781,210,22
2782,210,23
2783,211,0
2784,211,1
2785,211,2
2786,211,3
2787,211,4
2788,211,18
2789,211,19
2790,211,20
2791,211,21
2792,211,22
2793,211,23
2794,212,0
2795,212,1
2796,212,2
2797,212,3
2798,212,4
2799,212,18
2800,212,19
2801,212,20
2802,212,21
2803,212,22
2804,212,23
2805,213,0
2806,213,1
2807,213,2
2808,213,3
2809,213,4
2810,213,18
2811,213,19
2812,213,20
2813,213,21
2814,213,22
2815,213,23
2816,214,0
2817,214,1
2818,214,2
2819,214,3
2820,214,4
2821,214,18
2822,214,19
2823,214,20
2824,214,21
2825,214,22
2826,214,23
2827,215,0
2828,215,1
2829,215,2
2830,215,3
2831,215,4
2832,215,5
2833,215,18
2834,215,19
2835,215,20
2836,215,21
2837,215,22
2838,215,23
2839,216,0
2840,216,1
2841,216,2
2842,216,3
2843,216,4
2844,216,5
2845,216,18
2846,216,19
2847,216,20
2848,216,21
2849,216,22
2850,216,23
2851,217,0
2852,217,1
2853,217,2
2854,217,3
2855,217,4
2856,217,18
2857,217,19
2858,217,20
2859,217,21
2860,217,22
2861,217,23
2862,218,0
2863,218,1
2864,218,2
2865,218,3
2866,218,4
2867,218,5
2868,218,18
2869,218,19
2870,218,20
2871,218,21
2872,218,22
2873,218,23
2874,219,0
2875,219,1
2876,219,2
2877,219,3
2878,219,4
2879,219,5
2880,219,18
2881,219,19
2882,219,20
2883,219,21
2884,219,22
2885,219,23
2886,220,0
2887,220,1
2888,220,2
2889,220,3
2890,220,4
2891,220,5
2892,220,18
2893,220,19
2894,220,20
2895,220,21
2896,220,22
2897,220,23
2898,221,0
2899,221,1
2900,221,2
2901,221,3
2902,221,4
2903,221,5
2904,221,18
2905,221,19
2906,221,20
2907,221,21
2908,221,22
2909,221,23
2910,222,0
2911,222,1
2912,222,2
2913,222,3
2914,222,4
2915,222,5
2916,222,18
2917,222,19
2918,222,20
2919,222,21
2920,222,22
2921,222,23
2922,223,0
2923,223,1
2924,223,2
2925,223,3
2926,223,4
2927,223,5
2928,223,18
2929,223,19
2930,223,20
2931,223,21
2932,223,22
2933,223,23
2934,224,0
2935,224,1
2936,224,2
2937,224,3
2938,224,4
2939,224,5
2940,224,18
2941,224,19
2942,224,20
2943,224,21
2944,224,22
2945,224,23
2946,225,0
2947,225,1
2948,225,2
2949,225,3
2950,225,4
2951,225,5
2952,225,18
2953,225,19
2954,225,20
2955,225,21
2956,225,22
2957,225,23
2958,226,0
2959,226,1
2960,226,2
2961,226,3
2962,226,4
2963,226,5
2964,226,18
2965,226,19
2966,226,20
2967,226,21
2968,226,22
2969,226,23
2970,227,0
2971,227,1
2972,227,2
2973,227,3
2974,227,4
2975,227,5
2976,227,18
2977,227,19
2978,227,20
2979,227,21
2980,227,22
2981,227,23
2982,228,0
2983,228,1
2984,228,2
2985,228,3
2986,228,4
2987,228,5
2988,228,18
2989,228,19
2990,228,20
2991,228,21
2992,228,22
2993,228,23
2994,229,0
2995,229,1
2996,229,2
2997,229,3
2998,229,4
2999,229,5
3000,229,18
3001,229,19
3002,229,20
3003,229,21
3004,229,22
3005,229,23
3006,230,0
3007,230,1
3008,230,2
3009,230,3
3010,230,4
3011,230,5
3012,230,18
3013,230,19
3014,230,20
3015,230,21
3016,230,22
3017,230,23
3018,231,0
3019,231,1
3020,231,2
3021,231,3
3022,231,4
3023,231,5
3024,231,18
3025,231,19
3026,231,20
3027,231,21
3028,231,22
3029,231,23
3030,232,0
3031,232,1
3032,232,2
3033,232,3
3034,232,4
3035,232,5
3036,232,18
3037,232,19
3038,232,20
3039,232,21
3040,232,22
3041,232,23
3042,233,0
3043,233,1
3044,233,2
3045,233,3
3046,233,4
3047,233,5
3048,233,18
3049,233,19
3050,233,20
3051,233,21
3052,233,22
3053,233,23
3054,234,0
3055,234,1
3056,234,2
3057,234,3
3058,234,4
3059,234,5
3060,234,18
3061,234,19
3062,234,20
3063,234,21
3064,234,22
3065,234,23
3066,235,0
3067,235,1
3068,235,2
3069,235,3
3070,235,4
3071,235,5
3072,235,18
3073,235,19
3074,235,20
3075,235,21
3076,235,22
3077,235,23
3078,236,0
3079,236,1
3080,236,2
3081,236,3
3082,236,4
3083,236,5
3084,236,18
3085,236,19
3086,236,20
3087,236,21
3088,236,22
3089,236,23
3090,237,0
3091,237,1
3092,237,2
3093,237,3
3094,237,4
3095,237,5
3096,237,18
3097,237,19
3098,237,20
3099,237,21
3100,237,22
3101,237,23
3102,238,0
3103,238,1
3104,238,2
3105,238,3
3106,238,4
3107,238,5
3108,238,18
3109,238,19
3110,238,20
3111,238,21
3112,238,22
3113,238,23
3114,239,0
3115,239,1
3116,239,2
3117,239,3
3118,239,4
3119,239,5
3120,239,18
3121,239,19
3122,239,20
3123,239,21
3124,239,22
3125,239,23
3126,240,0
3127,240,1
3128,240,2
3129,240,3
3130,240,4
3131,240,5
3132,240,18
3133,240,19
3134,240,20
3135,240,21
3136,240,22
3137,240,23
3138,241,0
3139,241,1
3140,241,2
3141,241,3
3142,241,4
3143,241,5
3144,241,18
3145,241,19
3146,241,20
3147,241,21
3148,241,22
3149,241,23
3150,242,0
3151,242,1
3152,242,2
3153,242,3
3154,242,4
3155,242,5
3156,242,18
3157,242,19
3158,242,20
3159,242,21
3160,242,22
3161,242,23
3162,243,0
3163,243,1
3164,243,2
3165,243,3
3166,243,4
3167,243,5
3168,243,18
3169,243,19
3170,243,20
3171,243,21
3172,243,22
3173,243,23
3174,244,0
3175,244,1
3176,244,2
3177,244,3
3178,244,4
3179,244,5
3180,244,17
3181,244,18
3182,244,19
3183,244,20
3184,244,21
3185,244,22
3186,244,23
3187,245,0
3188,245,1
3189,245,2
3190,245,3
3191,245,4
3192,245,5
3193,245,17
3194,245,18
3195,245,19
3196,245,20
3197,245,21
3198,245,22
3199,245,23
3200,246,0
3201,246,1
3202,246,2
3203,246,3
3204,246,4
3205,246,5
3206,246,18
3207,246,19
3208,246,20
3209,246,21
3210,246,22
3211,246,23
3212,247,0
3213,247,1
3214,247,2
3215,247,3
3216,247,4
3217,247,5
3218,247,17
3219,247,18
3220,247,19
3221,247,20
3222,247,21
3223,247,22
3224,247,23
3225,248,0
3226,248,1
3227,248,2
3228,248,3
3229,248,4
3230,248,5
3231,248,17
3232,248,18
3233,248,19
3234,248,20
3235,248,21
3236,248,22
3237,248,23
3238,249,0
3239,249,1
3240,249,2
3241,249,3
3242,249,4
3243,249,5
3244,249,17
3245,249,18
3246,249,19
3247,249,20
3248,249,21
3249,249,22
3250,249,23
3251,250,0
3252,250,1
3253,250,2
3254,250,3
3255,250,4
3256,250,5
3257,250,17
3258,250,18
3259,250,19
3260,250,20
3261,250,21
3262,250,22
3263,250,23
3264,251,0
3265,251,1
3266,251,2
3267,251,3
3268,251,4
3269,251,5
3270,251,17
3271,251,18
3272,251,19
3273,251,20
3274,251,21
3275,251,22
3276,251,23
3277,252,0
3278,252,1
3279,252,2
3280,252,3
3281,252,4
3282,252,5
3283,252,17
3284,252,18
3285,252,19
3286,252,20
3287,252,21
3288,252,22
3289,252,23
3290,253,0
3291,253,1
3292,253,2
3293,253,3
3294,253,4
3295,253,5
3296,253,17
3297,253,18
3298,253,19
3299,253,20
3300,253,21
3301,253,22
3302,253,23
3303,254,0
3304,254,1
3305,254,2
3306,254,3
3307,254,4
3308,254,5
3309,254,17
3310,254,18
3311,254,19
3312,254,20
3313,254,21
3314,254,22
3315,254,23
3316,255,0
3317,255,1
3318,255,2
3319,255,3
3320,255,4
3321,255,5
3322,255,17
3323,255,18
3324,255,19
3325,255,20
3326,255,21
3327,255,22
3328,255,23
3329,256,0
3330,256,1
3331,256,2
3332,256,3
3333,256,4
3334,256,5
3335,256,17
3336,256,18
3337,256,19
3338,256,20
3339,256,21
3340,256,22
3341,256,23
3342,257,0
3343,257,1
3344,257,2
3345,257,3
3346,257,4
3347,257,5
3348,257,17
3349,257,18
3350,257,19
3351,257,20
3352,257,21
3353,257,22
3354,257,23
3355,258,0
3356,258,1
3357,258,2
3358,258,3
3359,258,4
3360,258,5
3361,258,17
3362,258,18
3363,258,19
3364,258,20
3365,258,21
3366,258,22
3367,258,23
3368,259,0
3369,259,1
3370,259,2
3371,259,3
3372,259,4
3373,259,5
3374,259,17
3375,259,18
3376,259,19
3377,259,20
3378,259,21
3379,259,22
3380,259,23
3381,260,0
3382,260,1
3383,260,2
3384,260,3
3385,260,4
3386,260,5
3387,260,17
3388,260,18
3389,260,19
3390,260,20
3391,260,21
3392,260,22
3393,260,23
3394,261,0
3395,261,1
3396,261,2
3397,261,3
3398,261,4
3399,261,5
3400,261,6
3401,261,17
3402,261,18
3403,261,19
3404,261,20
3405,261,21
3406,261,22
3407,261,23
3408,262,0
3409,262,1
3410,262,2
3411,262,3
3412,262,4
3413,262,5
3414,262,6
3415,262,17
3416,262,18
3417,262,19
3418,262,20
3419,262,21
3420,262,22
3421,262,23
3422,263,0
3423,263,1
3424,263,2
3425,263,3
3426,263,4
3427,263,5
3428,263,17
3429,263,18
3430,263,19
3431,263,20
3432,263,21
3433,263,22
3434,263,23
3435,264,0
3436,264,1
3437,264,2
3438,264,3
3439,264,4
3440,264,5
3441,264,6
3442,264,17
3443,264,18
3444,264,19
3445,264,20
3446,264,21
3447,264,22
3448,264,23
3449,265,0
3450,265,1
3451,265,2
3452,265,3
3453,265,4
3454,265,5
3455,265,6
3456,265,17
3457,265,18
3458,265,19
3459,265,20
3460,265,21
3461,265,22
3462,265,23
3463,266,0
3464,266,1
3465,266,2
3466,266,3
3467,266,4
3468,266,5
3469,266,6
3470,266,17
3471,266,18
3472,266,19
3473,266,20
3474,266,21
3475,266,22
3476,266,23
3477,267,0
3478,267,1
3479,267,2
3480,267,3
3481,267,4
3482,267,5
3483,267,6
3484,267,17
3485,267,18
3486,267,19
3487,267,20
3488,267,21
3489,267,22
3490,267,23
3491,268,0
3492,268,1
3493,268,2
3494,268,3
3495,268,4
3496,268,5
3497,268,6
3498,268,17
3499,268,18
3500,268,19
3501,268,20
3502,268,21
3503,268,22
3504,268,23
3505,269,0
3506,269,1
3507,269,2
3508,269,3
3509,269,4
3510,269,5
3511,269,6
3512,269,17
3513,269,18
3514,269,19
3515,269,20
3516,269,21
3517,269,22
3518,269,23
3519,270,0
3520,270,1
3521,270,2
3522,270,3
3523,270,4
3524,270,5
3525,270,6
3526,270,17
3527,270,18
3528,270,19
3529,270,20
3530,270,21
3531,270,22
3532,270,23
3533,271,0
3534,271,1
3535,271,2
3536,271,3
3537,271,4
3538,271,5
3539,271,6
3540,271,17
3541,271,18
3542,271,19
3543,271,20
3544,271,21
3545,271,22
3546,271,23
3547,272,0
3548,272,1
3549,272,2
3550,272,3
3551,272,4
3552,272,5
3553,272,6
3554,272,17
3555,272,18
3556,272,19
3557,272,20
3558,272,21
3559,272,22
3560,272,23
3561,273,0
3562,273,1
3563,273,2
3564,273,3
3565,273,4
3566,273,5
3567,273,6
3568,273,17
3569,273,18
3570,273,19
3571,273,20
3572,273,21
3573,273,22
3574,273,23
3575,274,0
3576,274,1
3577,274,2
3578,274,3
3579,274,4
3580,274,5
3581,274,6
3582,274,17
3583,274,18
3584,274,19
3585,274,20
3586,274,21
3587,274,22
3588,274,23
3589,275,0
3590,275,1
3591,275,2
3592,275,3
3593,275,4
3594,275,5
3595,275,6
3596,275,17
3597,275,18
3598,275,19
3599,275,20
3600,275,21
3601,275,22
3602,275,23
3603,276,0
3604,276,1
3605,276,2
3606,276,3
3607,276,4
3608,276,5
3609,276,6
3610,276,17
3611,276,18
3612,276,19
3613,276,20
3614,276,21
3615,276,22
3616,276,23
3617,277,0
3618,277,1
3619,277,2
3620,277,3
3621,277,4
3622,277,5
3623,277,6
3624,277,17
3625,277,18
3626,277,19
3627,277,20
3628,277,21
3629,277,22
3630,277,23
3631,278,0
3632,278,1
3633,278,2
3634,278,3
3635,278,4
3636,278,5
3637,278,6
3638,278,17
3639,278,18
3640,278,19
3641,278,20
3642,278,21
3643,278,22
3644,278,23
3645,279,0
3646,279,1
3647,279,2
3648,279,3
3649,279,4
3650,279,5
3651,279,6
3652,279,16
3653,279,17
3654,279,18
3655,279,19
3656,279,20
3657,279,21
3658,279,22
3659,279,23
3660,280,0
3661,280,1
3662,280,2
3663,280,3
3664,280,4
3665,280,5
3666,280,6
3667,280,17
3668,280,18
3669,280,19
3670,280,20
3671,280,21
3672,280,22
3673,280,23
3674,281,0
3675,281,1
3676,281,2
3677,281,3
3678,281,4
3679,281,5
3680,281,6
3681,281,16
3682,281,17
3683,281,18
3684,281,19
3685,281,20
3686,281,21
3687,281,22
3688,281,23
3689,282,0
3690,282,1
3691,282,2
3692,282,3
3693,282,4
3694,282,5
3695,282,6
3696,282,16
3697,282,17
3698,282,18
3699,282,19
3700,282,20
3701,282,21
3702,282,22
3703,282,23
3704,283,0
3705,283,1
3706,283,2
3707,283,3
3708,283,4
3709,283,5
3710,283,6
3711,283,16
3712,283,17
3713,283,18
3714,283,19
3715,283,20
3716,283,21
3717,283,22
3718,283,23
3719,284,0
3720,284,1
3721,284,2
3722,284,3
3723,284,4
3724,284,5
3725,284,6
3726,284,17
3727,284,18
3728,284,19
3729,284,20
3730,284,21
3731,284,22
3732,284,23
3733,285,0
3734,285,1
3735,285,2
3736,285,3
3737,285,4
3738,285,5
3739,285,6
3740,285,16
3741,285,17
3742,285,18
3743,285,19
3744,285,20
3745,285,21
3746,285,22
3747,285,23
3748,286,0
3749,286,1
3750,286,2
3751,286,3
3752,286,4
3753,286,5
3754,286,6
3755,286,16
3756,286,17
3757,286,18
3758,286,19
3759,286,20
3760,286,21
3761,286,22
3762,286,23
3763,287,0
3764,287,1
3765,287,2
3766,287,3
3767,287,4
3768,287,5
3769,287,6
3770,287,16
3771,287,17
3772,287,18
3773,287,19
3774,287,20
3775,287,21
3776,287,22
3777,287,23
3778,288,0
3779,288,1
3780,288,2
3781,288,3
3782,288,4
3783,288,5
3784,288,6
3785,288,16
3786,288,17
3787,288,18
3788,288,19
3789,288,20
3790,288,21
3791,288,22
3792,288,23
3793,289,0
3794,289,1
3795,289,2
3796,289,3
3797,289,4
3798,289,5
3799,289,6
3800,289,16
3801,289,17
3802,289,18
3803,289,19
3804,289,20
3805,289,21
3806,289,22
3807,289,23
3808,290,0
3809,290,1
3810,290,2
3811,290,3
3812,290,4
3813,290,5
3814,290,6
3815,290,16
3816,290,17
3817,290,18
3818,290,19
3819,290,20
3820,290,21
3821,290,22
3822,290,23
3823,291,0
3824,291,1
3825,291,2
3826,291,3
3827,291,4
3828,291,5
3829,291,6
3830,291,16
3831,291,17
3832,291,18
3833,291,19
3834,291,20
3835,291,21
3836,291,22
3837,291,23
3838,292,0
3839,292,1
3840,292,2
3841,292,3
3842,292,4
3843,292,5
3844,292,6
3845,292,7
3846,292,16
3847,292,17
3848,292,18
3849,292,19
3850,292,20
3851,292,21
3852,292,22
3853,292,23
3854,293,0
3855,293,1
3856,293,2
3857,293,3
3858,293,4
3859,293,5
3860,293,6
3861,293,7
3862,293,16
3863,293,17
3864,293,18
3865,293,19
3866,293,20
3867,293,21
3868,293,22
3869,293,23
3870,294,0
3871,294,1
3872,294,2
3873,294,3
3874,294,4
3875,294,5
3876,294,6
3877,294,7
3878,294,16
3879,294,17
3880,294,18
3881,294,19
3882,294,20
3883,294,21
3884,294,22
3885,294,23
3886,295,0
3887,295,1
3888,295,2
3889,295,3
3890,295,4
3891,295,5
3892,295,6
3893,295,7
3894,295,16
3895,295,17
3896,295,18
3897,295,19
3898,295,20
3899,295,21
3900,295,22
3901,295,23
3902,296,0
3903,296,1
3904,296,2
3905,296,3
3906,296,4
3907,296,5
3908,296,6
3909,296,7
3910,296,16
3911,296,17
3912,296,18
3913,296,19
3914,296,20
3915,296,21
3916,296,22
3917,296,23
3918,297,0
3919,297,1
3920,297,2
3921,297,3
3922,297,4
3923,297,5
3924,297,6
3925,297,7
3926,297,16
3927,297,17
3928,297,18
3929,297,19
3930,297,20
3931,297,21
3932,297,22
3933,297,23
3934,298,0
3935,298,1
3936,298,2
3937,298,3
3938,298,4
3939,298,5
3940,298,6
3941,298,7
3942,298,16
3943,298,17
3944,298,18
3945,298,19
3946,298,20
3947,298,21
3948,298,22
3949,298,23
3950,299,0
3951,299,1
3952,299,2
3953,299,3
3954,299,4
3955,299,5
3956,299,6
3957,299,7
3958,299,16
3959,299,17
3960,299,18
3961,299,19
3962,299,20
3963,299,21
3964,299,22
3965,299,23
3966,300,0
3967,300,1
3968,300,2
3969,300,3
3970,300,4
3971,300,5
3972,300,6
3973,300,7
3974,300,16
3975,300,17
3976,300,18
3977,300,19
3978,300,20
3979,300,21
3980,300,22
3981,300,23
3982,301,0
3983,301,1
3984,301,2
3985,301,3
3986,301,4
3987,301,5
3988,301,6
3989,301,7
3990,301,16
3991,301,17
3992,301,18
3993,301,19
3994,301,20
3995,301,21
3996,301,22
3997,301,23
3998,302,0
3999,302,1
4000,302,2
4001,302,3
4002,302,4
4003,302,5
4004,302,6
4005,302,7
4006,302,16
4007,302,17
4008,302,18
4009,302,19
4010,302,20
4011,302,21
4012,302,22
4013,302,23
4014,303,0
4015,303,1
4016,303,2
4017,303,3
4018,303,4
4019,303,5
4020,303,6
4021,303,7
4022,303,16
4023,303,17
4024,303,18
4025,303,19
4026,303,20
4027,303,21
4028,303,22
4029,303,23
4030,304,0
4031,304,1
4032,304,2
4033,304,3
4034,304,4
4035,304,5
4036,304,6
4037,304,7
4038,304,16
4039,304,17
4040,304,18
4041,304,19
4042,304,20
4043,304,21
4044,304,22
4045,304,23
4046,305,0
4047,305,1
4048,305,2
4049,305,3
4050,305,4
4051,305,5
4052,305,6
4053,305,7
4054,305,16
4055,305,17
4056,305,18
4057,305,19
4058,305,20
4059,305,21
4060,305,22
4061,305,23
4062,306,0
4063,306,1
4064,306,2
4065,306,3
4066,306,4
4067,306,5
4068,306,6
4069,306,7
4070,306,16
4071,306,17
4072,306,18
4073,306,19
4074,306,20
4075,306,21
4076,306,22
4077,306,23
4078,307,0
4079,307,1
4080,307,2
4081,307,3
4082,307,4
4083,307,5
4084,307,6
4085,307,7
4086,307,16
4087,307,17
4088,307,18
4089,307,19
4090,307,20
4091,307,21
4092,307,22
4093,307,23
4094,308,0
4095,308,1
4096,308,2
4097,308,3
4098,308,4
4099,308,5
4100,308,6
4101,308,7
4102,308,16
4103,308,17
4104,308,18
4105,308,19
4106,308,20
4107,308,21
4108,308,22
4109,308,23
4110,309,0
4111,309,1
4112,309,2
4113,309,3
4114,309,4
4115,309,5
4116,309,6
4117,309,7
4118,309,16
4119,309,17
4120,309,18
4121,309,19
4122,309,20
4123,309,21
4124,309,22
4125,309,23
4126,310,0
4127,310,1
4128,310,2
4129,310,3
4130,310,4
4131,310,5
4132,310,6
4133,310,7
4134,310,16
4135,310,17
4136,310,18
4137,310,19
4138,310,20
4139,310,21
4140,310,22
4141,310,23
4142,311,0
4143,311,1
4144,311,2
4145,311,3
4146,311,4
4147,311,5
4148,311,6
4149,311,7
4150,311,15
4151,311,16
4152,311,17
4153,311,18
4154,311,19
4155,311,20
4156,311,21
4157,311,22
4158,311,23
4159,312,0
4160,312,1
4161,312,2
4162,312,3
4163,312,4
4164,312,5
4165,312,6
4166,312,7
4167,312,8
4168,312,15
4169,312,16
4170,312,17
4171,312,18
4172,312,19
4173,312,20
4174,312,21
4175,312,22
4176,312,23
4177,313,0
4178,313,1
4179,313,2
4180,313,3
4181,313,4
4182,313,5
4183,313,6
4184,313,7
4185,313,16
4186,313,17
4187,313,18
4188,313,19
4189,313,20
4190,313,21
4191,313,22
4192,313,23
4193,314,0
4194,314,1
4195,314,2
4196,314,3
4197,314,4
4198,314,5
4199,314,6
4200,314,7
4201,314,15
4202,314,16
4203,314,17
4204,314,18
4205,314,19
4206,314,20
4207,314,21
4208,314,22
4209,314,23
4210,315,0
4211,315,1
4212,315,2
4213,315,3
4214,315,4
4215,315,5
4216,315,6
4217,315,7
4218,315,8
4219,315,15
4220,315,16
4221,315,17
4222,315,18
4223,315,19
4224,315,20
4225,315,21
4226,315,22
4227,315,23
4228,316,0
4229,316,1
4230,316,2
4231,316,3
4232,316,4
4233,316,5
4234,316,6
4235,316,7
4236,316,8
4237,316,15
4238,316,16
4239,316,17
4240,316,18
4241,316,19
4242,316,20
4243,316,21
4244,316,22
4245,316,23
4246,317,0
4247,317,1
4248,317,2
4249,317,3
4250,317,4
4251,317,5
4252,317,6
4253,317,7
4254,317,8
4255,317,15
4256,317,16
4257,317,17
4258,317,18
4259,317,19
4260,317,20
4261,317,21
4262,317,22
4263,317,23
4264,318,0
4265,318,1
4266,318,2
4267,318,3
4268,318,4
4269,318,5
4270,318,6
4271,318,7
4272,318,8
4273,318,15
4274,318,16
4275,318,17
4276,318,18
4277,318,19
4278,318,20
4279,318,21
4280,318,22
4281,318,23
4282,319,0
4283,319,1
4284,319,2
4285,319,3
4286,319,4
4287,319,5
4288,319,6
4289,319,7
4290,319,8
4291,319,15
4292,319,16
4293,319,17
4294,319,18
4295,319,19
4296,319,20
4297,319,21
4298,319,22
4299,319,23
4300,320,0
4301,320,1
4302,320,2
4303,320,3
4304,320,4
4305,320,5
4306,320,6
4307,320,7
4308,320,8
4309,320,15
4310,320,16
4311,320,17
4312,320,18
4313,320,19
4314,320,20
4315,320,21
4316,320,22
4317,320,23
4318,321,0
4319,321,1
4320,321,2
4321,321,3
4322,321,4
4323,321,5
4324,321,6
4325,321,7
4326,321,8
4327,321,15
4328,321,16
4329,321,17
4330,321,18
4331,321,19
4332,321,20
4333,321,21
4334,321,22
4335,321,23
4336,322,0
4337,322,1
4338,322,2
4339,322,3
4340,322,4
4341,322,5
4342,322,6
4343,322,7
4344,322,8
4345,322,15
4346,322,16
4347,322,17
4348,322,18
4349,322,19
4350,322,20
4351,322,21
4352,322,22
4353,322,23
4354,323,0
4355,323,1
4356,323,2
4357,323,3
4358,323,4
4359,323,5
4360,323,6
4361,323,7
4362,323,8
4363,323,15
4364,323,16
4365,323,17
4366,323,18
4367,323,19
4368,323,20
4369,323,21
4370,323,22
4371,323,23
4372,324,0
4373,324,1
4374,324,2
4375,324,3
4376,324,4
4377,324,5
4378,324,6
4379,324,7
4380,324,8
4381,324,15
4382,324,16
4383,324,17
4384,324,18
4385,324,19
4386,324,20
4387,324,21
4388,324,22
4389,324,23
4390,325,0
4391,325,1
4392,325,2
4393,325,3
4394,325,4
4395,325,5
4396,325,6
4397,325,7
4398,325,8
4399,325,15
4400,325,16
4401,325,17
4402,325,18
4403,325,19
4404,325,20
4405,325,21
4406,325,22
4407,325,23
4408,326,0
4409,326,1
4410,326,2
4411,326,3
4412,326,4
4413,326,5
4414,326,6
4415,326,7
4416,326,8
4417,326,15
4418,326,16
4419,326,17
4420,326,18
4421,326,19
4422,326,20
4423,326,21
4424,326,22
4425,326,23
4426,327,0
4427,327,1
4428,327,2
4429,327,3
4430,327,4
4431,327,5
4432,327,6
4433,327,7
4434,327,8
4435,327,15
4436,327,16
4437,327,17
4438,327,18
4439,327,19
4440,327,20
4441,327,21
4442,327,22
4443,327,23
4444,328,0
4445,328,1
4446,328,2
4447,328,3
4448,328,4
4449,328,5
4450,328,6
4451,328,7
4452,328,8
4453,328,15
4454,328,16
4455,328,17
4456,328,18
4457,328,19
4458,328,20
4459,328,21
4460,328,22
4461,328,23
4462,329,0
4463,329,1
4464,329,2
4465,329,3
4466,329,4
4467,329,5
4468,329,6
4469,329,7
4470,329,8
4471,329,15
4472,329,16
4473,329,17
4474,329,18
4475,329,19
4476,329,20
4477,329,21
4478,329,22
4479,329,23
4480,330,0
4481,330,1
4482,330,2
4483,330,3
4484,330,4
4485,330,5
4486,330,6
4487,330,7
4488,330,8
4489,330,15
4490,330,16
4491,330,17
4492,330,18
4493,330,19
4494,330,20
4495,330,21
4496,330,22
4497,330,23
4498,331,0
4499,331,1
4500,331,2
4501,331,3
4502,331,4
4503,331,5
4504,331,6
4505,331,7
4506,331,8
4507,331,15
4508,331,16
4509,331,17
4510,331,18
4511,331,19
4512,331,20
4513,331,21
4514,331,22
4515,331,23
4516,332,0
4517,332,1
4518,332,2
4519,332,3
4520,332,4
4521,332,5
4522,332,6
4523,332,7
4524,332,8
4525,332,15
4526,332,16
4527,332,17
4528,332,18
4529,332,19
4530,332,20
4531,332,21
4532,332,22
4533,332,23
4534,333,0
4535,333,1
4536,333,2
4537,333,3
4538,333,4
4539,333,5
4540,333,6
4541,333,7
4542,333,8
4543,333,15
4544,333,16
4545,333,17
4546,333,18
4547,333,19
4548,333,20
4549,333,21
4550,333,22
4551,333,23
4552,334,0
4553,334,1
4554,334,2
4555,334,3
4556,334,4
4557,334,5
4558,334,6
4559,334,7
4560,334,8
4561,334,15
4562,334,16
4563,334,17
4564,334,18
4565,334,19
4566,334,20
4567,334,21
4568,334,22
4569,334,23
4570,335,0
4571,335,1
4572,335,2
4573,335,3
4574,335,4
4575,335,5
4576,335,6
4577,335,7
4578,335,8
4579,335,15
4580,335,16
4581,335,17
4582,335,18
4583,335,19
4584,335,20
4585,335,21
4586,335,22
4587,335,23
4588,336,0
4589,336,1
4590,336,2
4591,336,3
4592,336,4
4593,336,5
4594,336,6
4595,336,7
4596,336,8
4597,336,15
4598,336,16
4599,336,17
4600,336,18
4601,336,19
4602,336,20
4603,336,21
4604,336,22
4605,336,23
4606,337,0
4607,337,1
4608,337,2
4609,337,3
4610,337,4
4611,337,5
4612,337,6
4613,337,7
4614,337,8
4615,337,15
4616,337,16
4617,337,17
4618,337,18
4619,337,19
4620,337,20
4621,337,21
4622,337,22
4623,337,23
4624,338,0
4625,338,1
4626,338,2
4627,338,3
4628,338,4
4629,338,5
4630,338,6
4631,338,7
4632,338,8
4633,338,15
4634,338,16
4635,338,17
4636,338,18
4637,338,19
4638,338,20
4639,338,21
4640,338,22
4641,338,23
4642,339,0
4643,339,1
4644,339,2
4645,339,3
4646,339,4
4647,339,5
4648,339,6
4649,339,7
4650,339,8
4651,339,15
4652,339,16
4653,339,17
4654,339,18
4655,339,19
4656,339,20
4657,339,21
4658,339,22
4659,339,23
4660,340,0
4661,340,1
4662,340,2
4663,340,3
4664,340,4
4665,340,5
4666,340,6
4667,340,7
4668,340,8
4669,340,15
4670,340,16
4671,340,17
4672,340,18
4673,340,19
4674,340,20
4675,340,21
4676,340,22
4677,340,23
4678,341,0
4679,341,1
4680,341,2
4681,341,3
4682,341,4
4683,341,5
4684,341,6
4685,341,7
4686,341,8
4687,341,15
4688,341,16
4689,341,17
4690,341,18
4691,341,19
4692,341,20
4693,341,21
4694,341,22
4695,341,23
4696,342,0
4697,342,1
4698,342,2
4699,342,3
4700,342,4
4701,342,5
4702,342,6
4703,342,7
4704,342,8
4705,342,15
4706,342,16
4707,342,17
4708,342,18
4709,342,19
4710,342,20
4711,342,21
4712,342,22
4713,342,23
4714,343,0
4715,343,1
4716,343,2
4717,343,3
4718,343,4
4719,343,5
4720,343,6
4721,343,7
4722,343,8
4723,343,15
4724,343,16
4725,343,17
4726,343,18
4727,343,19
4728,343,20
4729,343,21
4730,343,22
4731,343,23
4732,344,0
4733,344,1
4734,344,2
4735,344,3
4736,344,4
4737,344,5
4738,344,6
4739,344,7
4740,344,8
4741,344,15
4742,344,16
4743,344,17
4744,344,18
4745,344,19
4746,344,20
4747,344,21
4748,344,22
4749,344,23
4750,345,0
4751,345,1
4752,345,2
4753,345,3
4754,345,4
4755,345,5
4756,345,6
4757,345,7
4758,345,8
4759,345,15
4760,345,16
4761,345,17
4762,345,18
4763,345,19
4764,345,20
4765,345,21
4766,345,22
4767,345,23
4768,346,0
4769,346,1
4770,346,2
4771,346,3
4772,346,4
4773,346,5
4774,346,6
4775,346,7
4776,346,8
4777,346,15
4778,346,16
4779,346,17
4780,346,18
4781,346,19
4782,346,20
4783,346,21
4784,346,22
4785,346,23
4786,347,0
4787,347,1
4788,347,2
4789,347,3
4790,347,4
4791,347,5
4792,347,6
4793,347,7
4794,347,8
4795,347,15
4796,347,16
4797,347,17
4798,347,18
4799,347,19
4800,347,20
4801,347,21
4802,347,22
4803,347,23
4804,348,0
4805,348,1
4806,348,2
4807,348,3
4808,348,4
4809,348,5
4810,348,6
4811,348,7
4812,348,8
4813,348,15
4814,348,16
4815,348,17
4816,348,18
4817,348,19
4818,348,20
4819,348,21
4820,348,22
4821,348,23
4822,349,0
4823,349,1
4824,349,2
4825,349,3
4826,349,4
4827,349,5
4828,349,6
4829,349,7
4830,349,8
4831,349,15
4832,349,16
4833,349,17
4834,349,18
4835,349,19
4836,349,20
4837,349,21
4838,349,22
4839,349,23
4840,350,0
4841,350,1
4842,350,2
4843,350,3
4844,350,4
4845,350,5
4846,350,6
4847,350,7
4848,350,8
4849,350,15
4850,350,16
4851,350,17
4852,350,18
4853,350,19
4854,350,20
4855,350,21
4856,350,22
4857,350,23
4858,351,0
4859,351,1
4860,351,2
4861,351,3
4862,351,4
4863,351,5
4864,351,6
4865,351,7
4866,351,8
4867,351,15
4868,351,16
4869,351,17
4870,351,18
4871,351,19
4872,351,20
4873,351,21
4874,351,22
4875,351,23
4876,352,0
4877,352,1
4878,352,2
4879,352,3
4880,352,4
4881,352,5
4882,352,6
4883,352,7
4884,352,8
4885,352,14
4886,352,15
4887,352,16
4888,352,17
4889,352,18
4890,352,19
4891,352,20
4892,352,21
4893,352,22
4894,352,23
4895,353,0
4896,353,1
4897,353,2
4898,353,3
4899,353,4
4900,353,5
4901,353,6
4902,353,7
4903,353,8
4904,353,14
4905,353,15
4906,353,16
4907,353,17
4908,353,18
4909,353,19
4910,353,20
4911,353,21
4912,353,22
4913,353,23
4914,354,0
4915,354,1
4916,354,2
4917,354,3
4918,354,4
4919,354,5
4920,354,6
4921,354,7
4922,354,8
4923,354,15
4924,354,16
4925,354,17
4926,354,18
4927,354,19
4928,354,20
4929,354,21
4930,354,22
4931,354,23
4932,355,0
4933,355,1
4934,355,2
4935,355,3
4936,355,4
4937,355,5
4938,355,6
4939,355,7
4940,355,8
4941,355,14
4942,355,15
4943,355,16
4944,355,17
4945,355,18
4946,355,19
4947,355,20
4948,355,21
4949,355,22
4950,355,23
4951,356,0
4952,356,1
4953,356,2
4954,356,3
4955,356,4
4956,356,5
4957,356,6
4958,356,7
4959,356,8
4960,356,15
4961,356,16
4962,356,17
4963,356,18
4964,356,19
4965,356,20
4966,356,21
4967,356,22
4968,356,23
4969,357,0
4970,357,1
4971,357,2
4972,357,3
4973,357,4
4974,357,5
4975,357,6
4976,357,7
4977,357,8
4978,357,15
4979,357,16
4980,357,17
4981,357,18
4982,357,19
4983,357,20
4984,357,21
4985,357,22
4986,357,23
4987,358,0
4988,358,1
4989,358,2
4990,358,3
4991,358,4
4992,358,5
4993,358,6
4994,358,7
4995,358,8
4996,358,14
4997,358,15
4998,358,16
4999,358,17
5000,358,18
5001,358,19
5002,358,20
5003,358,21
5004,358,22
5005,358,23
5006,359,0
5007,359,1
5008,359,2
5009,359,3
5010,359,4
5011,359,5
5012,359,6
5013,359,7
5014,359,8
5015,359,14
5016,359,15
5017,359,16
5018,359,17
5019,359,18
5020,359,19
5021,359,20
5022,359,21
5023,359,22
5024,359,23
5025,360,0
5026,360,1
5027,360,2
5028,360,3
5029,360,4
5030,360,5
5031,360,6
5032,360,7
5033,360,8
5034,360,14
5035,360,15
5036,360,16
5037,360,17
5038,360,18
5039,360,19
5040,360,20
5041,360,21
5042,360,22
5043,360,23
5044,361,0
5045,361,1
5046,361,2
5047,361,3
5048,361,4
5049,361,5
5050,361,6
5051,361,7
5052,361,8
5053,361,15
5054,361,16
5055,361,17
5056,361,18
5057,361,19
5058,361,20
5059,361,21
5060,361,22
5061,361,23
5062,362,0
5063,362,1
5064,362,2
5065,362,3
5066,362,4
5067,362,5
5068,362,6
5069,362,7
5070,362,8
5071,362,15
5072,362,16
5073,362,17
5074,362,18
5075,362,19
5076,362,20
5077,362,21
5078,362,22
5079,362,23
5080,363,0
5081,363,1
5082,363,2
5083,363,3
5084,363,4
5085,363,5
5086,363,6
5087,363,7
5088,363,8
5089,363,15
5090,363,16
5091,363,17
5092,363,18
5093,363,19
5094,363,20
5095,363,21
5096,363,22
5097,363,23
5098,364,0
5099,364,1
5100,364,2
5101,364,3
5102,364,4
5103,364,5
5104,364,6
5105,364,7
5106,364,8
5107,364,15
5108,364,16
5109,364,17
5110,364,18
5111,364,19
5112,364,20
5113,364,21
5114,364,22
5115,364,23
5116,365,0
5117,365,1
5118,365,2
5119,365,3
5120,365,4
5121,365,5
5122,365,6
5123,365,7
5124,365,8
5125,365,15
5126,365,16
5127,365,17
5128,365,18
5129,365,19
5130,365,20
5131,365,21
5132,365,22
5133,365,23
