,day,hour
0,1,0
1,1,1
2,1,2
3,1,3
4,1,4
5,1,5
6,1,6
7,1,7
8,1,15
9,1,16
10,1,17
11,1,18
12,1,19
13,1,20
14,1,21
15,1,22
16,1,23
17,2,0
18,2,1
19,2,2
20,2,3
21,2,4
22,2,5
23,2,6
24,2,7
25,2,14
26,2,15
27,2,16
28,2,17
29,2,18
30,2,19
31,2,20
32,2,21
33,2,22
34,2,23
35,3,0
36,3,1
37,3,2
38,3,3
39,3,4
40,3,5
41,3,6
42,3,15
43,3,16
44,3,17
45,3,18
46,3,19
47,3,20
48,3,21
49,3,22
50,3,23
51,4,0
52,4,1
53,4,2
54,4,3
55,4,4
56,4,5
57,4,6
58,4,15
59,4,16
60,4,17
61,4,18
62,4,19
63,4,20
64,4,21
65,4,22
66,4,23
67,5,0
68,5,1
69,5,2
70,5,3
71,5,4
72,5,5
73,5,6
74,5,15
75,5,16
76,5,17
77,5,18
78,5,19
79,5,20
80,5,21
81,5,22
82,5,23
83,6,0
84,6,1
85,6,2
86,6,3
87,6,4
88,6,5
89,6,6
90,6,15
91,6,16
92,6,17
93,6,18
94,6,19
95,6,20
96,6,21
97,6,22
98,6,23
99,7,0
100,7,1
101,7,2
102,7,3
103,7,4
104,7,5
105,7,6
106,7,15
107,7,16
108,7,17
109,7,18
110,7,19
111,7,20
112,7,21
113,7,22
114,7,23
115,8,0
116,8,1
117,8,2
118,8,3
119,8,4
120,8,5
121,8,6
122,8,15
123,8,16
124,8,17
125,8,18
126,8,19
127,8,20
128,8,21
129,8,22
130,8,23
131,9,0
132,9,1
133,9,2
134,9,3
135,9,4
136,9,5
137,9,6
138,9,15
139,9,16
140,9,17
141,9,18
142,9,19
143,9,20
144,9,21
145,9,22
146,9,23
147,10,0
148,10,1
149,10,2
150,10,3
151,10,4
152,10,5
153,10,6
154,10,15
155,10,16
156,10,17
157,10,18
158,10,19
159,10,20
160,10,21
161,10,22
162,10,23
163,11,0
164,11,1
165,11,2
166,11,3
167,11,4
168,11,5
169,11,6
170,11,15
171,11,16
172,11,17
173,11,18
174,11,19
175,11,20
176,11,21
177,11,22
178,11,23
179,12,0
180,12,1
181,12,2
182,12,3
183,12,4
184,12,5
185,12,6
186,12,15
187,12,16
188,12,17
189,12,18
190,12,19
191,12,20
192,12,21
193,12,22
194,12,23
195,13,0
196,13,1
197,13,2
198,13,3
199,13,4
200,13,5
201,13,6
202,13,15
203,13,16
204,13,17
205,13,18
206,13,19
207,13,20
208,13,21
209,13,22
210,13,23
211,14,0
212,14,1
213,14,2
214,14,3
215,14,4
216,14,5
217,14,6
218,14,15
219,14,16
220,14,17
221,14,18
222,14,19
223,14,20
224,14,21
225,14,22
226,14,23
227,15,0
228,15,1
229,15,2
230,15,3
231,15,4
232,15,5
233,15,6
234,15,15
235,15,16
236,15,17
237,15,18
238,15,19
239,15,20
240,15,21
241,15,22
242,15,23
243,16,0
244,16,1
245,16,2
246,16,3
247,16,4
248,16,5
249,16,6
250,16,15
251,16,16
252,16,17
253,16,18
254,16,19
255,16,20
256,16,21
257,16,22
258,16,23
259,17,0
260,17,1
261,17,2
262,17,3
263,17,4
264,17,5
265,17,6
266,17,15
267,17,16
268,17,17
269,17,18
270,17,19
271,17,20
272,17,21
273,17,22
274,17,23
275,18,0
276,18,1
277,18,2
278,18,3
279,18,4
280,18,5
281,18,6
282,18,15
283,18,16
284,18,17
285,18,18
286,18,19
287,18,20
288,18,21
289,18,22
290,18,23
291,19,0
292,19,1
293,19,2
294,19,3
295,19,4
296,19,5
297,19,6
298,19,15
299,19,16
300,19,17
301,19,18
302,19,19
303,19,20
304,19,21
305,19,22
306,19,23
307,20,0
308,20,1
309,20,2
310,20,3
311,20,4
312,20,5
313,20,6
314,20,15
315,20,16
316,20,17
317,20,18
318,20,19
319,20,20
320,20,21
321,20,22
322,20,23
323,21,0
324,21,1
325,21,2
326,21,3
327,21,4
328,21,5
329,21,6
330,21,15
331,21,16
332,21,17
333,21,18
334,21,19
335,21,20
336,21,21
337,21,22
338,21,23
339,22,0
340,22,1
341,22,2
342,22,3
343,22,4
344,22,5
345,22,6
346,22,15
347,22,16
348,22,17
349,22,18
350,22,19
351,22,20
352,22,21
353,22,22
354,22,23
355,23,0
356,23,1
357,23,2
358,23,3
359,23,4
360,23,5
361,23,6
362,23,15
363,23,16
364,23,17
365,23,18
366,23,19
367,23,20
368,23,21
369,23,22
370,23,23
371,24,0
372,24,1
373,24,2
374,24,3
375,24,4
376,24,5
377,24,6
378,24,15
379,24,16
380,24,17
381,24,18
382,24,19
383,24,20
384,24,21
385,24,22
386,24,23
387,25,0
388,25,1
389,25,2
390,25,3
391,25,4
392,25,5
393,25,6
394,25,15
395,25,16
396,25,17
397,25,18
398,25,19
399,25,20
400,25,21
401,25,22
402,25,23
403,26,0
404,26,1
405,26,2
406,26,3
407,26,4
408,26,5
409,26,6
410,26,15
411,26,16
412,26,17
413,26,18
414,26,19
415,26,20
416,26,21
417,26,22
418,26,23
419,27,0
420,27,1
421,27,2
422,27,3
423,27,4
424,27,5
425,27,6
426,27,15
427,27,16
428,27,17
429,27,18
430,27,19
431,27,20
432,27,21
433,27,22
434,27,23
435,28,0
436,28,1
437,28,2
438,28,3
439,28,4
440,28,5
441,28,6
442,28,15
443,28,16
444,28,17
445,28,18
446,28,19
447,28,20
448,28,21
449,28,22
450,28,23
451,29,0
452,29,1
453,29,2
454,29,3
455,29,4
456,29,5
457,29,6
458,29,15
459,29,16
460,29,17
461,29,18
462,29,19
463,29,20
464,29,21
465,29,22
466,29,23
467,30,0
468,30,1
469,30,2
470,30,3
471,30,4
472,30,5
473,30,6
474,30,15
475,30,16
476,30,17
477,30,18
478,30,19
479,30,20
480,30,21
481,30,22
482,30,23
483,31,0
484,31,1
485,31,2
486,31,3
487,31,4
488,31,5
489,31,6
490,31,15
491,31,16
492,31,17
493,31,18
494,31,19
495,31,20
496,31,21
497,31,22
498,31,23
499,32,0
500,32,1
501,32,2
502,32,3
503,32,4
504,32,5
505,32,6
506,32,15
507,32,16
508,32,17
509,32,18
510,32,19
511,32,20
512,32,21
513,32,22
514,32,23
515,33,0
516,33,1
517,33,2
518,33,3
519,33,4
520,33,5
521,33,6
522,33,15
523,33,16
524,33,17
525,33,18
526,33,19
527,33,20
528,33,21
529,33,22
530,33,23
531,34,0
532,34,1
533,34,2
534,34,3
535,34,4
536,34,5
537,34,6
538,34,15
539,34,16
540,34,17
541,34,18
542,34,19
543,34,20
544,34,21
545,34,22
546,34,23
547,35,0
548,35,1
549,35,2
550,35,3
551,35,4
552,35,5
553,35,6
554,35,15
555,35,16
556,35,17
557,35,18
558,35,19
559,35,20
560,35,21
561,35,22
562,35,23
563,36,0
564,36,1
565,36,2
566,36,3
567,36,4
568,36,5
569,36,6
570,36,15
571,36,16
572,36,17
573,36,18
574,36,19
575,36,20
576,36,21
577,36,22
578,36,23
579,37,0
580,37,1
581,37,2
582,37,3
583,37,4
584,37,5
585,37,6
586,37,15
587,37,16
588,37,17
589,37,18
590,37,19
591,37,20
592,37,21
593,37,22
594,37,23
595,38,0
596,38,1
597,38,2
598,38,3
599,38,4
600,38,5
601,38,6
602,38,15
603,38,16
604,38,17
605,38,18
606,38,19
607,38,20
608,38,21
609,38,22
610,38,23
611,39,0
612,39,1
613,39,2
614,39,3
615,39,4
616,39,5
617,39,6
618,39,15
619,39,16
620,39,17
621,39,18
622,39,19
623,39,20
624,39,21
625,39,22
626,39,23
627,40,0
628,40,1
629,40,2
630,40,3
631,40,4
632,40,5
633,40,6
634,40,15
635,40,16
636,40,17
637,40,18
638,40,19
639,40,20
640,40,21
641,40,22
642,40,23
643,41,0
644,41,1
645,41,2
646,41,3
647,41,4
648,41,5
649,41,6
650,41,15
651,41,16
652,41,17
653,41,18
654,41,19
655,41,20
656,41,21
657,41,22
658,41,23
659,42,0
660,42,1
661,42,2
662,42,3
663,42,4
664,42,5
665,42,6
666,42,15
667,42,16
668,42,17
669,42,18
670,42,19
671,42,20
672,42,21
673,42,22
674,42,23
675,43,0
676,43,1
677,43,2
678,43,3
679,43,4
680,43,5
681,43,6
682,43,15
683,43,16
684,43,17
685,43,18
686,43,19
687,43,20
688,43,21
689,43,22
690,43,23
691,44,0
692,44,1
693,44,2
694,44,3
695,44,4
696,44,5
697,44,6
698,44,15
699,44,16
700,44,17
701,44,18
702,44,19
703,44,20
704,44,21
705,44,22
706,44,23
707,45,0
708,45,1
709,45,2
710,45,3
711,45,4
712,45,5
713,45,6
714,45,15
715,45,16
716,45,17
717,45,18
718,45,19
719,45,20
720,45,21
721,45,22
722,45,23
723,46,0
724,46,1
725,46,2
726,46,3
727,46,4
728,46,5
729,46,6
730,46,16
731,46,17
732,46,18
733,46,19
734,46,20
735,46,21
736,46,22
737,46,23
738,47,0
739,47,1
740,47,2
741,47,3
742,47,4
743,47,5
744,47,6
745,47,16
746,47,17
747,47,18
748,47,19
749,47,20
750,47,21
751,47,22
752,47,23
753,48,0
754,48,1
755,48,2
756,48,3
757,48,4
758,48,5
759,48,6
760,48,16
761,48,17
762,48,18
763,48,19
764,48,20
765,48,21
766,48,22
767,48,23
768,49,0
769,49,1
770,49,2
771,49,3
772,49,4
773,49,5
774,49,16
775,49,17
776,49,18
777,49,19
778,49,20
779,49,21
780,49,22
781,49,23
782,50,0
783,50,1
784,50,2
785,50,3
786,50,4
787,50,5
788,50,16
789,50,17
790,50,18
791,50,19
792,50,20
793,50,21
794,50,22
795,50,23
796,51,0
797,51,1
798,51,2
799,51,3
800,51,4
801,51,5
802,51,16
803,51,17
804,51,18
805,51,19
806,51,20
807,51,21
808,51,22
809,51,23
810,52,0
811,52,1
812,52,2
813,52,3
814,52,4
815,52,5
816,52,16
817,52,17
818,52,18
819,52,19
820,52,20
821,52,21
822,52,22
823,52,23
824,53,0
825,53,1
826,53,2
827,53,3
828,53,4
829,53,5
830,53,16
831,53,17
832,53,18
833,53,19
834,53,20
835,53,21
836,53,22
837,53,23
838,54,0
839,54,1
840,54,2
841,54,3
842,54,4
843,54,5
844,54,16
845,54,17
846,54,18
847,54,19
848,54,20
849,54,21
850,54,22
851,54,23
852,55,0
853,55,1
854,55,2
855,55,3
856,55,4
857,55,5
858,55,16
859,55,17
860,55,18
861,55,19
862,55,20
863,55,21
864,55,22
865,55,23
866,56,0
867,56,1
868,56,2
869,56,3
870,56,4
871,56,5
872,56,16
873,56,17
874,56,18
875,56,19
876,56,20
877,56,21
878,56,22
879,56,23
880,57,0
881,57,1
882,57,2
883,57,3
884,57,4
885,57,5
886,57,16
887,57,17
888,57,18
889,57,19
890,57,20
891,57,21
892,57,22
893,57,23
894,58,0
895,58,1
896,58,2
897,58,3
898,58,4
899,58,5
900,58,16
901,58,17
902,58,18
903,58,19
904,58,20
905,58,21
906,58,22
907,58,23
908,59,0
909,59,1
910,59,2
911,59,3
912,59,4
913,59,5
914,59,16
915,59,17
916,59,18
917,59,19
918,59,20
919,59,21
920,59,22
921,59,23
922,60,0
923,60,1
924,60,2
925,60,3
926,60,4
927,60,5
928,60,16
929,60,17
930,60,18
931,60,19
932,60,20
933,60,21
934,60,22
935,60,23
936,61,0
937,61,1
938,61,2
939,61,3
940,61,4
941,61,5
942,61,16
943,61,17
944,61,18
945,61,19
946,61,20
947,61,21
948,61,22
949,61,23
950,62,0
951,62,1
952,62,2
953,62,3
954,62,4
955,62,5
956,62,16
957,62,17
958,62,18
959,62,19
960,62,20
961,62,21
962,62,22
963,62,23
964,63,0
965,63,1
966,63,2
967,63,3
968,63,4
969,63,5
970,63,16
971,63,17
972,63,18
973,63,19
974,63,20
975,63,21
976,63,22
977,63,23
978,64,0
979,64,1
980,64,2
981,64,3
982,64,4
983,64,5
984,64,16
985,64,17
986,64,18
987,64,19
988,64,20
989,64,21
990,64,22
991,64,23
992,65,0
993,65,1
994,65,2
995,65,3
996,65,4
997,65,5
998,65,16
999,65,17
1000,65,18
1001,65,19
1002,65,20
1003,65,21
1004,65,22
1005,65,23
1006,66,0
1007,66,1
1008,66,2
1009,66,3
1010,66,4
1011,66,5
1012,66,16
1013,66,17
1014,66,18
1015,66,19
1016,66,20
1017,66,21
1018,66,22
1019,66,23
1020,67,0
1021,67,1
1022,67,2
1023,67,3
1024,67,4
1025,67,5
1026,67,16
1027,67,17
1028,67,18
1029,67,19
1030,67,20
1031,67,21
1032,67,22
1033,67,23
1034,68,0
1035,68,1
1036,68,2
1037,68,3
1038,68,4
1039,68,5
1040,68,16
1041,68,17
1042,68,18
1043,68,19
1044,68,20
1045,68,21
1046,68,22
1047,68,23
1048,69,0
1049,69,1
1050,69,2
1051,69,3
1052,69,4
1053,69,5
1054,69,16
1055,69,17
1056,69,18
1057,69,19
1058,69,20
1059,69,21
1060,69,22
1061,69,23
1062,70,0
1063,70,1
1064,70,2
1065,70,3
1066,70,4
1067,70,5
1068,70,16
1069,70,17
1070,70,18
1071,70,19
1072,70,20
1073,70,21
1074,70,22
1075,70,23
1076,71,0
1077,71,1
1078,71,2
1079,71,3
1080,71,4
1081,71,5
1082,71,16
1083,71,17
1084,71,18
1085,71,19
1086,71,20
1087,71,21
1088,71,22
1089,71,23
1090,72,0
1091,72,1
1092,72,2
1093,72,3
1094,72,4
1095,72,5
1096,72,16
1097,72,17
1098,72,18
1099,72,19
1100,72,20
1101,72,21
1102,72,22
1103,72,23
1104,73,0
1105,73,1
1106,73,2
1107,73,3
1108,73,4
1109,73,5
1110,73,16
1111,73,17
1112,73,18
1113,73,19
1114,73,20
1115,73,21
1116,73,22
1117,73,23
1118,74,0
1119,74,1
1120,74,2
1121,74,3
1122,74,4
1123,74,5
1124,74,16
1125,74,17
1126,74,18
1127,74,19
1128,74,20
1129,74,21
1130,74,22
1131,74,23
1132,75,0
1133,75,1
1134,75,2
1135,75,3
1136,75,4
1137,75,5
1138,75,16
1139,75,17
1140,75,18
1141,75,19
1142,75,20
1143,75,21
1144,75,22
1145,75,23
1146,76,0
1147,76,1
1148,76,2
1149,76,3
1150,76,4
1151,76,5
1152,76,16
1153,76,17
1154,76,18
1155,76,19
1156,76,20
1157,76,21
1158,76,22
1159,76,23
1160,77,0
1161,77,1
1162,77,2
1163,77,3
1164,77,4
1165,77,5
1166,77,16
1167,77,17
1168,77,18
1169,77,19
1170,77,20
1171,77,21
1172,77,22
1173,77,23
1174,78,0
1175,78,1
1176,78,2
1177,78,3
1178,78,4
1179,78,5
1180,78,16
1181,78,17
1182,78,18
1183,78,19
1184,78,20
1185,78,21
1186,78,22
1187,78,23
1188,79,0
1189,79,1
1190,79,2
1191,79,3
1192,79,4
1193,79,5
1194,79,16
1195,79,17
1196,79,18
1197,79,19
1198,79,20
1199,79,21
1200,79,22
1201,79,23
1202,80,0
1203,80,1
1204,80,2
1205,80,3
1206,80,4
1207,80,5
1208,80,16
1209,80,17
1210,80,18
1211,80,19
1212,80,20
1213,80,21
1214,80,22
1215,80,23
1216,81,0
1217,81,1
1218,81,2
1219,81,3
1220,81,4
1221,81,5
1222,81,16
1223,81,17
1224,81,18
1225,81,19
1226,81,20
1227,81,21
1228,81,22
1229,81,23
1230,82,0
1231,82,1
1232,82,2
1233,82,3
1234,82,4
1235,82,5
1236,82,16
1237,82,17
1238,82,18
1239,82,19
1240,82,20
1241,82,21
1242,82,22
1243,82,23
1244,83,0
1245,83,1
1246,83,2
1247,83,3
1248,83,4
1249,83,5
1250,83,16
1251,83,17
1252,83,18
1253,83,19
1254,83,20
1255,83,21
1256,83,22
1257,83,23
1258,84,0
1259,84,1
1260,84,2
1261,84,3
1262,84,4
1263,84,5
1264,84,16
1265,84,17
1266,84,18
1267,84,19
1268,84,20
1269,84,21
1270,84,22
1271,84,23
1272,85,0
1273,85,1
1274,85,2
1275,85,3
1276,85,4
1277,85,5
1278,85,16
1279,85,17
1280,85,18
1281,85,19
1282,85,20
1283,85,21
1284,85,22
1285,85,23
1286,86,0
1287,86,1
1288,86,2
1289,86,3
1290,86,4
1291,86,5
1292,86,16
1293,86,17
1294,86,18
1295,86,19
1296,86,20
1297,86,21
1298,86,22
1299,86,23
1300,87,0
1301,87,1
1302,87,2
1303,87,3
1304,87,4
1305,87,5
1306,87,16
1307,87,17
1308,87,18
1309,87,19
1310,87,20
1311,87,21
1312,87,22
1313,87,23
1314,88,0
1315,88,1
1316,88,2
1317,88,3
1318,88,4
1319,88,5
1320,88,17
1321,88,18
1322,88,19
1323,88,20
1324,88,21
1325,88,22
1326,88,23
1327,89,0
1328,89,1
1329,89,2
1330,89,3
1331,89,4
1332,89,5
1333,89,17
1334,89,18
1335,89,19
1336,89,20
1337,89,21
1338,89,22
1339,89,23
1340,90,0
1341,90,1
1342,90,2
1343,90,3
1344,90,4
1345,90,5
1346,90,17
1347,90,18
1348,90,19
1349,90,20
1350,90,21
1351,90,22
1352,90,23
1353,91,0
1354,91,1
1355,91,2
1356,91,3
1357,91,4
1358,91,17
1359,91,18
1360,91,19
1361,91,20
1362,91,21
1363,91,22
1364,91,23
1365,92,0
1366,92,1
1367,92,2
1368,92,3
1369,92,4
1370,92,5
1371,92,17
1372,92,18
1373,92,19
1374,92,20
1375,92,21
1376,92,22
1377,92,23
1378,93,0
1379,93,1
1380,93,2
1381,93,3
1382,93,4
1383,93,17
1384,93,18
1385,93,19
1386,93,20
1387,93,21
1388,93,22
1389,93,23
1390,94,0
1391,94,1
1392,94,2
1393,94,3
1394,94,4
1395,94,17
1396,94,18
1397,94,19
1398,94,20
1399,94,21
1400,94,22
1401,94,23
1402,95,0
1403,95,1
1404,95,2
1405,95,3
1406,95,4
1407,95,5
1408,95,17
1409,95,18
1410,95,19
1411,95,20
1412,95,21
1413,95,22
1414,95,23
1415,96,0
1416,96,1
1417,96,2
1418,96,3
1419,96,4
1420,96,5
1421,96,17
1422,96,18
1423,96,19
1424,96,20
1425,96,21
1426,96,22
1427,96,23
1428,97,0
1429,97,1
1430,97,2
1431,97,3
1432,97,4
1433,97,17
1434,97,18
1435,97,19
1436,97,20
1437,97,21
1438,97,22
1439,97,23
1440,98,0
1441,98,1
1442,98,2
1443,98,3
1444,98,4
1445,98,17
1446,98,18
1447,98,19
1448,98,20
1449,98,21
1450,98,22
1451,98,23
1452,99,0
1453,99,1
1454,99,2
1455,99,3
1456,99,4
1457,99,17
1458,99,18
1459,99,19
1460,99,20
1461,99,21
1462,99,22
1463,99,23
1464,100,0
1465,100,1
1466,100,2
1467,100,3
1468,100,4
1469,100,17
1470,100,18
1471,100,19
1472,100,20
1473,100,21
1474,100,22
1475,100,23
1476,101,0
1477,101,1
1478,101,2
1479,101,3
1480,101,4
1481,101,17
1482,101,18
1483,101,19
1484,101,20
1485,101,21
1486,101,22
1487,101,23
1488,102,0
1489,102,1
1490,102,2
1491,102,3
1492,102,4
1493,102,17
1494,102,18
1495,102,19
1496,102,20
1497,102,21
1498,102,22
1499,102,23
1500,103,0
1501,103,1
1502,103,2
1503,103,3
1504,103,4
1505,103,17
1506,103,18
1507,103,19
1508,103,20
1509,103,21
1510,103,22
1511,103,23
1512,104,0
1513,104,1
1514,104,2
1515,104,3
1516,104,4
1517,104,17
1518,104,18
1519,104,19
1520,104,20
1521,104,21
1522,104,22
1523,104,23
1524,105,0
1525,105,1
1526,105,2
1527,105,3
1528,105,4
1529,105,17
1530,105,18
1531,105,19
1532,105,20
1533,105,21
1534,105,22
1535,105,23
1536,106,0
1537,106,1
1538,106,2
1539,106,3
1540,106,4
1541,106,17
1542,106,18
1543,106,19
1544,106,20
1545,106,21
1546,106,22
1547,106,23
1548,107,0
1549,107,1
1550,107,2
1551,107,3
1552,107,4
1553,107,17
1554,107,18
1555,107,19
1556,107,20
1557,107,21
1558,107,22
1559,107,23
1560,108,0
1561,108,1
1562,108,2
1563,108,3
1564,108,4
1565,108,17
1566,108,18
1567,108,19
1568,108,20
1569,108,21
1570,108,22
1571,108,23
1572,109,0
1573,109,1
1574,109,2
1575,109,3
1576,109,4
1577,109,17
1578,109,18
1579,109,19
1580,109,20
1581,109,21
1582,109,22
1583,109,23
1584,110,0
1585,110,1
1586,110,2
1587,110,3
1588,110,4
1589,110,17
1590,110,18
1591,110,19
1592,110,20
1593,110,21
1594,110,22
1595,110,23
1596,111,0
1597,111,1
1598,111,2
1599,111,3
1600,111,4
1601,111,17
1602,111,18
1603,111,19
1604,111,20
1605,111,21
1606,111,22
1607,111,23
1608,112,0
1609,112,1
1610,112,2
1611,112,3
1612,112,4
1613,112,17
1614,112,18
1615,112,19
1616,112,20
1617,112,21
1618,112,22
1619,112,23
1620,113,0
1621,113,1
1622,113,2
1623,113,3
1624,113,4
1625,113,17
1626,113,18
1627,113,19
1628,113,20
1629,113,21
1630,113,22
1631,113,23
1632,114,0
1633,114,1
1634,114,2
1635,114,3
1636,114,4
1637,114,17
1638,114,18
1639,114,19
1640,114,20
1641,114,21
1642,114,22
1643,114,23
1644,115,0
1645,115,1
1646,115,2
1647,115,3
1648,115,4
1649,115,17
1650,115,18
1651,115,19
1652,115,20
1653,115,21
1654,115,22
1655,115,23
1656,116,0
1657,116,1
1658,116,2
1659,116,3
1660,116,4
1661,116,17
1662,116,18
1663,116,19
1664,116,20
1665,116,21
1666,116,22
1667,116,23
1668,117,0
1669,117,1
1670,117,2
1671,117,3
1672,117,4
1673,117,17
1674,117,18
1675,117,19
1676,117,20
1677,117,21
1678,117,22
1679,117,23
1680,118,0
1681,118,1
1682,118,2
1683,118,3
1684,118,4
1685,118,17
1686,118,18
1687,118,19
1688,118,20
1689,118,21
1690,118,22
1691,118,23
1692,119,0
1693,119,1
1694,119,2
1695,119,3
1696,119,4
1697,119,17
1698,119,18
1699,119,19
1700,119,20
1701,119,21
1702,119,22
1703,119,23
1704,120,0
1705,120,1
1706,120,2
1707,120,3
1708,120,4
1709,120,17
1710,120,18
1711,120,19
1712,120,20
1713,120,21
1714,120,22
1715,120,23
1716,121,0
1717,121,1
1718,121,2
1719,121,3
1720,121,4
1721,121,17
1722,121,18
1723,121,19
1724,121,20
1725,121,21
1726,121,22
1727,121,23
1728,122,0
1729,122,1
1730,122,2
1731,122,3
1732,122,4
1733,122,17
1734,122,18
1735,122,19
1736,122,20
1737,122,21
1738,122,22
1739,122,23
1740,123,0
1741,123,1
1742,123,2
1743,123,3
1744,123,4
1745,123,17
1746,123,18
1747,123,19
1748,123,20
1749,123,21
1750,123,22
1751,123,23
1752,124,0
1753,124,1
1754,124,2
1755,124,3
1756,124,4
1757,124,17
1758,124,18
1759,124,19
1760,124,20
1761,124,21
1762,124,22
1763,124,23
1764,125,0
1765,125,1
1766,125,2
1767,125,3
1768,125,4
1769,125,17
1770,125,18
1771,125,19
1772,125,20
1773,125,21
1774,125,22
1775,125,23
1776,126,0
1777,126,1
1778,126,2
1779,126,3
1780,126,4
1781,126,17
1782,126,18
1783,126,19
1784,126,20
1785,126,21
1786,126,22
1787,126,23
1788,127,0
1789,127,1
1790,127,2
1791,127,3
1792,127,4
1793,127,17
1794,127,18
1795,127,19
1796,127,20
1797,127,21
1798,127,22
1799,127,23
1800,128,0
1801,128,1
1802,128,2
1803,128,3
1804,128,4
1805,128,17
1806,128,18
1807,128,19
1808,128,20
1809,128,21
1810,128,22
1811,128,23
1812,129,0
1813,129,1
1814,129,2
1815,129,3
1816,129,4
1817,129,17
1818,129,18
1819,129,19
1820,129,20
1821,129,21
1822,129,22
1823,129,23
1824,130,0
1825,130,1
1826,130,2
1827,130,3
1828,130,4
1829,130,17
1830,130,18
1831,130,19
1832,130,20
1833,130,21
1834,130,22
1835,130,23
1836,131,0
1837,131,1
1838,131,2
1839,131,3
1840,131,4
1841,131,17
1842,131,18
1843,131,19
1844,131,20
1845,131,21
1846,131,22
1847,131,23
1848,132,0
1849,132,1
1850,132,2
1851,132,3
1852,132,4
1853,132,17
1854,132,18
1855,132,19
1856,132,20
1857,132,21
1858,132,22
1859,132,23
1860,133,0
1861,133,1
1862,133,2
1863,133,3
1864,133,4
1865,133,17
1866,133,18
1867,133,19
1868,133,20
1869,133,21
1870,133,22
1871,133,23
1872,134,0
1873,134,1
1874,134,2
1875,134,3
1876,134,4
1877,134,17
1878,134,18
1879,134,19
1880,134,20
1881,134,21
1882,134,22
1883,134,23
1884,135,0
1885,135,1
1886,135,2
1887,135,3
1888,135,4
1889,135,17
1890,135,18
1891,135,19
1892,135,20
1893,135,21
1894,135,22
1895,135,23
1896,136,0
1897,136,1
1898,136,2
1899,136,3
1900,136,4
1901,136,17
1902,136,18
1903,136,19
1904,136,20
1905,136,21
1906,136,22
1907,136,23
1908,137,0
1909,137,1
1910,137,2
1911,137,3
1912,137,4
1913,137,17
1914,137,18
1915,137,19
1916,137,20
1917,137,21
1918,137,22
1919,137,23
1920,138,0
1921,138,1
1922,138,2
1923,138,3
1924,138,4
1925,138,17
1926,138,18
1927,138,19
1928,138,20
1929,138,21
1930,138,22
1931,138,23
1932,139,0
1933,139,1
1934,139,2
1935,139,3
1936,139,4
1937,139,17
1938,139,18
1939,139,19
1940,139,20
1941,139,21
1942,139,22
1943,139,23
1944,140,0
1945,140,1
1946,140,2
1947,140,3
1948,140,4
1949,140,17
1950,140,18
1951,140,19
1952,140,20
1953,140,21
1954,140,22
1955,140,23
1956,141,0
1957,141,1
1958,141,2
1959,141,3
1960,141,4
1961,141,17
1962,141,18
1963,141,19
1964,141,20
1965,141,21
1966,141,22
1967,141,23
1968,142,0
1969,142,1
1970,142,2
1971,142,3
1972,142,4
1973,142,18
1974,142,19
1975,142,20
1976,142,21
1977,142,22
1978,142,23
1979,143,0
1980,143,1
1981,143,2
1982,143,3
1983,143,4
1984,143,18
1985,143,19
1986,143,20
1987,143,21
1988,143,22
1989,143,23
1990,144,0
1991,144,1
1992,144,2
1993,144,3
1994,144,4
1995,144,18
1996,144,19
1997,144,20
1998,144,21
1999,144,22
2000,144,23
2001,145,0
2002,145,1
2003,145,2
2004,145,3
2005,145,18
2006,145,19
2007,145,20
2008,145,21
2009,145,22
2010,145,23
2011,146,0
2012,146,1
2013,146,2
2014,146,3
2015,146,17
2016,146,18
2017,146,19
2018,146,20
2019,146,21
2020,146,22
2021,146,23
2022,147,0
2023,147,1
2024,147,2
2025,147,3
2026,147,4
2027,147,18
2028,147,19
2029,147,20
2030,147,21
2031,147,22
2032,147,23
2033,148,0
2034,148,1
2035,148,2
2036,148,3
2037,148,17
2038,148,18
2039,148,19
2040,148,20
2041,148,21
2042,148,22
2043,148,23
2044,149,0
2045,149,1
2046,149,2
2047,149,3
2048,149,4
2049,149,18
2050,149,19
2051,149,20
2052,149,21
2053,149,22
2054,149,23
2055,150,0
2056,150,1
2057,150,2
2058,150,3
2059,150,4
2060,150,18
2061,150,19
2062,150,20
2063,150,21
2064,150,22
2065,150,23
2066,151,0
2067,151,1
2068,151,2
2069,151,3
2070,151,18
2071,151,19
2072,151,20
2073,151,21
2074,151,22
2075,151,23
2076,152,0
2077,152,1
2078,152,2
2079,152,3
2080,152,4
2081,152,18
2082,152,19
2083,152,20
2084,152,21
2085,152,22
2086,152,23
2087,153,0
2088,153,1
2089,153,2
2090,153,3
2091,153,4
2092,153,17
2093,153,18
2094,153,19
2095,153,20
2096,153,21
2097,153,22
2098,153,23
2099,154,0
2100,154,1
2101,154,2
2102,154,3
2103,154,4
2104,154,18
2105,154,19
2106,154,20
2107,154,21
2108,154,22
2109,154,23
2110,155,0
2111,155,1
2112,155,2
2113,155,3
2114,155,4
2115,155,17
2116,155,18
2117,155,19
2118,155,20
2119,155,21
2120,155,22
2121,155,23
2122,156,0
2123,156,1
2124,156,2
2125,156,3
2126,156,18
2127,156,19
2128,156,20
2129,156,21
2130,156,22
2131,156,23
2132,157,0
2133,157,1
2134,157,2
2135,157,3
2136,157,4
2137,157,17
2138,157,18
2139,157,19
2140,157,20
2141,157,21
2142,157,22
2143,157,23
2144,158,0
2145,158,1
2146,158,2
2147,158,3
2148,158,18
2149,158,19
2150,158,20
2151,158,21
2152,158,22
2153,158,23
2154,159,0
2155,159,1
2156,159,2
2157,159,3
2158,159,18
2159,159,19
2160,159,20
2161,159,21
2162,159,22
2163,159,23
2164,160,0
2165,160,1
2166,160,2
2167,160,3
2168,160,18
2169,160,19
2170,160,20
2171,160,21
2172,160,22
2173,160,23
2174,161,0
2175,161,1
2176,161,2
2177,161,3
2178,161,18
2179,161,19
2180,161,20
2181,161,21
2182,161,22
2183,161,23
2184,162,0
2185,162,1
2186,162,2
2187,162,3
2188,162,18
2189,162,19
2190,162,20
2191,162,21
2192,162,22
2193,162,23
2194,163,0
2195,163,1
2196,163,2
2197,163,3
2198,163,18
2199,163,19
2200,163,20
2201,163,21
2202,163,22
2203,163,23
2204,164,0
2205,164,1
2206,164,2
2207,164,3
2208,164,18
2209,164,19
2210,164,20
2211,164,21
2212,164,22
2213,164,23
2214,165,0
2215,165,1
2216,165,2
2217,165,3
2218,165,4
2219,165,18
2220,165,19
2221,165,20
2222,165,21
2223,165,22
2224,165,23
2225,166,0
2226,166,1
2227,166,2
2228,166,3
2229,166,18
2230,166,19
2231,166,20
2232,166,21
2233,166,22
2234,166,23
2235,167,0
2236,167,1
2237,167,2
2238,167,3
2239,167,18
2240,167,19
2241,167,20
2242,167,21
2243,167,22
2244,167,23
2245,168,0
2246,168,1
2247,168,2
2248,168,3
2249,168,18
2250,168,19
2251,168,20
2252,168,21
2253,168,22
2254,168,23
2255,169,0
2256,169,1
2257,169,2
2258,169,3
2259,169,18
2260,169,19
2261,169,20
2262,169,21
2263,169,22
2264,169,23
2265,170,0
2266,170,1
2267,170,2
2268,170,3
2269,170,18
2270,170,19
2271,170,20
2272,170,21
2273,170,22
2274,170,23
2275,171,0
2276,171,1
2277,171,2
2278,171,3
2279,171,18
2280,171,19
2281,171,20
2282,171,21
2283,171,22
2284,171,23
2285,172,0
2286,172,1
2287,172,2
2288,172,3
2289,172,18
2290,172,19
2291,172,20
2292,172,21
2293,172,22
2294,172,23
2295,173,0
2296,173,1
2297,173,2
2298,173,3
2299,173,18
2300,173,19
2301,173,20
2302,173,21
2303,173,22
2304,173,23
2305,174,0
2306,174,1
2307,174,2
2308,174,3
2309,174,18
2310,174,19
2311,174,20
2312,174,21
2313,174,22
2314,174,23
2315,175,0
2316,175,1
2317,175,2
2318,175,3
2319,175,18
2320,175,19
2321,175,20
2322,175,21
2323,175,22
2324,175,23
2325,176,0
2326,176,1
2327,176,2
2328,176,3
2329,176,18
2330,176,19
2331,176,20
2332,176,21
2333,176,22
2334,176,23
2335,177,0
2336,177,1
2337,177,2
2338,177,3
2339,177,18
2340,177,19
2341,177,20
2342,177,21
2343,177,22
2344,177,23
2345,178,0
2346,178,1
2347,178,2
2348,178,3
2349,178,18
2350,178,19
2351,178,20
2352,178,21
2353,178,22
2354,178,23
2355,179,0
2356,179,1
2357,179,2
2358,179,3
2359,179,18
2360,179,19
2361,179,20
2362,179,21
2363,179,22
2364,179,23
2365,180,0
2366,180,1
2367,180,2
2368,180,3
2369,180,18
2370,180,19
2371,180,20
2372,180,21
2373,180,22
2374,180,23
2375,181,0
2376,181,1
2377,181,2
2378,181,3
2379,181,18
2380,181,19
2381,181,20
2382,181,21
2383,181,22
2384,181,23
2385,182,0
2386,182,1
2387,182,2
2388,182,3
2389,182,18
2390,182,19
2391,182,20
2392,182,21
2393,182,22
2394,182,23
2395,183,0
2396,183,1
2397,183,2
2398,183,3
2399,183,18
2400,183,19
2401,183,20
2402,183,21
2403,183,22
2404,183,23
2405,184,0
2406,184,1
2407,184,2
2408,184,3
2409,184,18
2410,184,19
2411,184,20
2412,184,21
2413,184,22
2414,184,23
2415,185,0
2416,185,1
2417,185,2
2418,185,3
2419,185,18
2420,185,19
2421,185,20
2422,185,21
2423,185,22
2424,185,23
2425,186,0
2426,186,1
2427,186,2
2428,186,3
2429,186,18
2430,186,19
2431,186,20
2432,186,21
2433,186,22
2434,186,23
2435,187,0
2436,187,1
2437,187,2
2438,187,3
2439,187,18
2440,187,19
2441,187,20
2442,187,21
2443,187,22
2444,187,23
2445,188,0
2446,188,1
2447,188,2
2448,188,3
2449,188,18
2450,188,19
2451,188,20
2452,188,21
2453,188,22
2454,188,23
2455,189,0
2456,189,1
2457,189,2
2458,189,3
2459,189,18
2460,189,19
2461,189,20
2462,189,21
2463,189,22
2464,189,23
2465,190,0
2466,190,1
2467,190,2
2468,190,3
2469,190,18
2470,190,19
2471,190,20
2472,190,21
2473,190,22
2474,190,23
2475,191,0
2476,191,1
2477,191,2
2478,191,3
2479,191,4
2480,191,18
2481,191,19
2482,191,20
2483,191,21
2484,191,22
2485,191,23
2486,192,0
2487,192,1
2488,192,2
2489,192,3
2490,192,4
2491,192,18
2492,192,19
2493,192,20
2494,192,21
2495,192,22
2496,192,23
2497,193,0
2498,193,1
2499,193,2
2500,193,3
2501,193,18
2502,193,19
2503,193,20
2504,193,21
2505,193,22
2506,193,23
2507,194,0
2508,194,1
2509,194,2
2510,194,3
2511,194,4
2512,194,18
2513,194,19
2514,194,20
2515,194,21
2516,194,22
2517,194,23
2518,195,0
2519,195,1
2520,195,2
2521,195,3
2522,195,4
2523,195,18
2524,195,19
2525,195,20
2526,195,21
2527,195,22
2528,195,23
2529,196,0
2530,196,1
2531,196,2
2532,196,3
2533,196,4
2534,196,18
2535,196,19
2536,196,20
2537,196,21
2538,196,22
2539,196,23
2540,197,0
2541,197,1
2542,197,2
2543,197,3
2544,197,18
2545,197,19
2546,197,20
2547,197,21
2548,197,22
2549,197,23
2550,198,0
2551,198,1
2552,198,2
2553,198,3
2554,198,18
2555,198,19
2556,198,20
2557,198,21
2558,198,22
2559,198,23
2560,199,0
2561,199,1
2562,199,2
2563,199,3
2564,199,18
2565,199,19
2566,199,20
2567,199,21
2568,199,22
2569,199,23
2570,200,0
2571,200,1
2572,200,2
2573,200,3
2574,200,4
2575,200,18
2576,200,19
2577,200,20
2578,200,21
2579,200,22
2580,200,23
2581,201,0
2582,201,1
2583,201,2
2584,201,3
2585,201,18
2586,201,19
2587,201,20
2588,201,21
2589,201,22
2590,201,23
2591,202,0
2592,202,1
2593,202,2
2594,202,3
2595,202,4
2596,202,18
2597,202,19
2598,202,20
2599,202,21
2600,202,22
2601,202,23
2602,203,0
2603,203,1
2604,203,2
2605,203,3
2606,203,18
2607,203,19
2608,203,20
2609,203,21
2610,203,22
2611,203,23
2612,204,0
2613,204,1
2614,204,2
2615,204,3
2616,204,4
2617,204,18
2618,204,19
2619,204,20
2620,204,21
2621,204,22
2622,204,23
2623,205,0
2624,205,1
2625,205,2
2626,205,3
2627,205,4
2628,205,17
2629,205,18
2630,205,19
2631,205,20
2632,205,21
2633,205,22
2634,205,23
2635,206,0
2636,206,1
2637,206,2
2638,206,3
2639,206,4
2640,206,17
2641,206,18
2642,206,19
2643,206,20
2644,206,21
2645,206,22
2646,206,23
2647,207,0
2648,207,1
2649,207,2
2650,207,3
2651,207,4
2652,207,18
2653,207,19
2654,207,20
2655,207,21
2656,207,22
2657,207,23
2658,208,0
2659,208,1
2660,208,2
2661,208,3
2662,208,4
2663,208,17
2664,208,18
2665,208,19
2666,208,20
2667,208,21
2668,208,22
2669,208,23
2670,209,0
2671,209,1
2672,209,2
2673,209,3
2674,209,4
2675,209,17
2676,209,18
2677,209,19
2678,209,20
2679,209,21
2680,209,22
2681,209,23
2682,210,0
2683,210,1
2684,210,2
2685,210,3
2686,210,4
2687,210,17
2688,210,18
2689,210,19
2690,210,20
2691,210,21
2692,210,22
2693,210,23
2694,211,0
2695,211,1
2696,211,2
2697,211,3
2698,211,4
2699,211,17
2700,211,18
2701,211,19
2702,211,20
2703,211,21
2704,211,22
2705,211,23
2706,212,0
2707,212,1
2708,212,2
2709,212,3
2710,212,4
2711,212,17
2712,212,18
2713,212,19
2714,212,20
2715,212,21
2716,212,22
2717,212,23
2718,213,0
2719,213,1
2720,213,2
2721,213,3
2722,213,4
2723,213,17
2724,213,18
2725,213,19
2726,213,20
2727,213,21
2728,213,22
2729,213,23
2730,214,0
2731,214,1
2732,214,2
2733,214,3
2734,214,4
2735,214,17
2736,214,18
2737,214,19
2738,214,20
2739,214,21
2740,214,22
2741,214,23
2742,215,0
2743,215,1
2744,215,2
2745,215,3
2746,215,4
2747,215,17
2748,215,18
2749,215,19
2750,215,20
2751,215,21
2752,215,22
2753,215,23
2754,216,0
2755,216,1
2756,216,2
2757,216,3
2758,216,4
2759,216,17
2760,216,18
2761,216,19
2762,216,20
2763,216,21
2764,216,22
2765,216,23
2766,217,0
2767,217,1
2768,217,2
2769,217,3
2770,217,4
2771,217,17
2772,217,18
2773,217,19
2774,217,20
2775,217,21
2776,217,22
2777,217,23
2778,218,0
2779,218,1
2780,218,2
2781,218,3
2782,218,4
2783,218,17
2784,218,18
2785,218,19
2786,218,20
2787,218,21
2788,218,22
2789,218,23
2790,219,0
2791,219,1
2792,219,2
2793,219,3
2794,219,4
2795,219,17
2796,219,18
2797,219,19
2798,219,20
2799,219,21
2800,219,22
2801,219,23
2802,220,0
2803,220,1
2804,220,2
2805,220,3
2806,220,4
2807,220,17
2808,220,18
2809,220,19
2810,220,20
2811,220,21
2812,220,22
2813,220,23
2814,221,0
2815,221,1
2816,221,2
2817,221,3
2818,221,4
2819,221,17
2820,221,18
2821,221,19
2822,221,20
2823,221,21
2824,221,22
2825,221,23
2826,222,0
2827,222,1
2828,222,2
2829,222,3
2830,222,4
2831,222,17
2832,222,18
2833,222,19
2834,222,20
2835,222,21
2836,222,22
2837,222,23
2838,223,0
2839,223,1
2840,223,2
2841,223,3
2842,223,4
2843,223,17
2844,223,18
2845,223,19
2846,223,20
2847,223,21
2848,223,22
2849,223,23
2850,224,0
2851,224,1
2852,224,2
2853,224,3
2854,224,4
2855,224,17
2856,224,18
2857,224,19
2858,224,20
2859,224,21
2860,224,22
2861,224,23
2862,225,0
2863,225,1
2864,225,2
2865,225,3
2866,225,4
2867,225,17
2868,225,18
2869,225,19
2870,225,20
2871,225,21
2872,225,22
2873,225,23
2874,226,0
2875,226,1
2876,226,2
2877,226,3
2878,226,4
2879,226,17
2880,226,18
2881,226,19
2882,226,20
2883,226,21
2884,226,22
2885,226,23
2886,227,0
2887,227,1
2888,227,2
2889,227,3
2890,227,4
2891,227,17
2892,227,18
2893,227,19
2894,227,20
2895,227,21
2896,227,22
2897,227,23
2898,228,0
2899,228,1
2900,228,2
2901,228,3
2902,228,4
2903,228,17
2904,228,18
2905,228,19
2906,228,20
2907,228,21
2908,228,22
2909,228,23
2910,229,0
2911,229,1
2912,229,2
2913,229,3
2914,229,4
2915,229,17
2916,229,18
2917,229,19
2918,229,20
2919,229,21
2920,229,22
2921,229,23
2922,230,0
2923,230,1
2924,230,2
2925,230,3
2926,230,4
2927,230,17
2928,230,18
2929,230,19
2930,230,20
2931,230,21
2932,230,22
2933,230,23
2934,231,0
2935,231,1
2936,231,2
2937,231,3
2938,231,4
2939,231,17
2940,231,18
2941,231,19
2942,231,20
2943,231,21
2944,231,22
2945,231,23
2946,232,0
2947,232,1
2948,232,2
2949,232,3
2950,232,4
2951,232,17
2952,232,18
2953,232,19
2954,232,20
2955,232,21
2956,232,22
2957,232,23
2958,233,0
2959,233,1
2960,233,2
2961,233,3
2962,233,4
2963,233,17
2964,233,18
2965,233,19
2966,233,20
2967,233,21
2968,233,22
2969,233,23
2970,234,0
2971,234,1
2972,234,2
2973,234,3
2974,234,4
2975,234,17
2976,234,18
2977,234,19
2978,234,20
2979,234,21
2980,234,22
2981,234,23
2982,235,0
2983,235,1
2984,235,2
2985,235,3
2986,235,4
2987,235,17
2988,235,18
2989,235,19
2990,235,20
2991,235,21
2992,235,22
2993,235,23
2994,236,0
2995,236,1
2996,236,2
2997,236,3
2998,236,4
2999,236,17
3000,236,18
3001,236,19
3002,236,20
3003,236,21
3004,236,22
3005,236,23
3006,237,0
3007,237,1
3008,237,2
3009,237,3
3010,237,4
3011,237,17
3012,237,18
3013,237,19
3014,237,20
3015,237,21
3016,237,22
3017,237,23
3018,238,0
3019,238,1
3020,238,2
3021,238,3
3022,238,4
3023,238,17
3024,238,18
3025,238,19
3026,238,20
3027,238,21
3028,238,22
3029,238,23
3030,239,0
3031,239,1
3032,239,2
3033,239,3
3034,239,4
3035,239,17
3036,239,18
3037,239,19
3038,239,20
3039,239,21
3040,239,22
3041,239,23
3042,240,0
3043,240,1
3044,240,2
3045,240,3
3046,240,4
3047,240,17
3048,240,18
3049,240,19
3050,240,20
3051,240,21
3052,240,22
3053,240,23
3054,241,0
3055,241,1
3056,241,2
3057,241,3
3058,241,4
3059,241,17
3060,241,18
3061,241,19
3062,241,20
3063,241,21
3064,241,22
3065,241,23
3066,242,0
3067,242,1
3068,242,2
3069,242,3
3070,242,4
3071,242,17
3072,242,18
3073,242,19
3074,242,20
3075,242,21
3076,242,22
3077,242,23
3078,243,0
3079,243,1
3080,243,2
3081,243,3
3082,243,4
3083,243,17
3084,243,18
3085,243,19
3086,243,20
3087,243,21
3088,243,22
3089,243,23
3090,244,0
3091,244,1
3092,244,2
3093,244,3
3094,244,4
3095,244,17
3096,244,18
3097,244,19
3098,244,20
3099,244,21
3100,244,22
3101,244,23
3102,245,0
3103,245,1
3104,245,2
3105,245,3
3106,245,4
3107,245,17
3108,245,18
3109,245,19
3110,245,20
3111,245,21
3112,245,22
3113,245,23
3114,246,0
3115,246,1
3116,246,2
3117,246,3
3118,246,4
3119,246,17
3120,246,18
3121,246,19
3122,246,20
3123,246,21
3124,246,22
3125,246,23
3126,247,0
3127,247,1
3128,247,2
3129,247,3
3130,247,4
3131,247,17
3132,247,18
3133,247,19
3134,247,20
3135,247,21
3136,247,22
3137,247,23
3138,248,0
3139,248,1
3140,248,2
3141,248,3
3142,248,4
3143,248,17
3144,248,18
3145,248,19
3146,248,20
3147,248,21
3148,248,22
3149,248,23
3150,249,0
3151,249,1
3152,249,2
3153,249,3
3154,249,4
3155,249,17
3156,249,18
3157,249,19
3158,249,20
3159,249,21
3160,249,22
3161,249,23
3162,250,0
3163,250,1
3164,250,2
3165,250,3
3166,250,4
3167,250,17
3168,250,18
3169,250,19
3170,250,20
3171,250,21
3172,250,22
3173,250,23
3174,251,0
3175,251,1
3176,251,2
3177,251,3
3178,251,4
3179,251,17
3180,251,18
3181,251,19
3182,251,20
3183,251,21
3184,251,22
3185,251,23
3186,252,0
3187,252,1
3188,252,2
3189,252,3
3190,252,4
3191,252,17
3192,252,18
3193,252,19
3194,252,20
3195,252,21
3196,252,22
3197,252,23
3198,253,0
3199,253,1
3200,253,2
3201,253,3
3202,253,4
3203,253,17
3204,253,18
3205,253,19
3206,253,20
3207,253,21
3208,253,22
3209,253,23
3210,254,0
3211,254,1
3212,254,2
3213,254,3
3214,254,4
3215,254,17
3216,254,18
3217,254,19
3218,254,20
3219,254,21
3220,254,22
3221,254,23
3222,255,0
3223,255,1
3224,255,2
3225,255,3
3226,255,4
3227,255,5
3228,255,17
3229,255,18
3230,255,19
3231,255,20
3232,255,21
3233,255,22
3234,255,23
3235,256,0
3236,256,1
3237,256,2
3238,256,3
3239,256,4
3240,256,5
3241,256,17
3242,256,18
3243,256,19
3244,256,20
3245,256,21
3246,256,22
3247,256,23
3248,257,0
3249,257,1
3250,257,2
3251,257,3
3252,257,4
3253,257,5
3254,257,16
3255,257,17
3256,257,18
3257,257,19
3258,257,20
3259,257,21
3260,257,22
3261,257,23
3262,258,0
3263,258,1
3264,258,2
3265,258,3
3266,258,4
3267,258,5
3268,258,17
3269,258,18
3270,258,19
3271,258,20
3272,258,21
3273,258,22
3274,258,23
3275,259,0
3276,259,1
3277,259,2
3278,259,3
3279,259,4
3280,259,5
3281,259,16
3282,259,17
3283,259,18
3284,259,19
3285,259,20
3286,259,21
3287,259,22
3288,259,23
3289,260,0
3290,260,1
3291,260,2
3292,260,3
3293,260,4
3294,260,5
3295,260,17
3296,260,18
3297,260,19
3298,260,20
3299,260,21
3300,260,22
3301,260,23
3302,261,0
3303,261,1
3304,261,2
3305,261,3
3306,261,4
3307,261,5
3308,261,17
3309,261,18
3310,261,19
3311,261,20
3312,261,21
3313,261,22
3314,261,23
3315,262,0
3316,262,1
3317,262,2
3318,262,3
3319,262,4
3320,262,5
3321,262,16
3322,262,17
3323,262,18
3324,262,19
3325,262,20
3326,262,21
3327,262,22
3328,262,23
3329,263,0
3330,263,1
3331,263,2
3332,263,3
3333,263,4
3334,263,5
3335,263,16
3336,263,17
3337,263,18
3338,263,19
3339,263,20
3340,263,21
3341,263,22
3342,263,23
3343,264,0
3344,264,1
3345,264,2
3346,264,3
3347,264,4
3348,264,5
3349,264,17
3350,264,18
3351,264,19
3352,264,20
3353,264,21
3354,264,22
3355,264,23
3356,265,0
3357,265,1
3358,265,2
3359,265,3
3360,265,4
3361,265,5
3362,265,16
3363,265,17
3364,265,18
3365,265,19
3366,265,20
3367,265,21
3368,265,22
3369,265,23
3370,266,0
3371,266,1
3372,266,2
3373,266,3
3374,266,4
3375,266,5
3376,266,16
3377,266,17
3378,266,18
3379,266,19
3380,266,20
3381,266,21
3382,266,22
3383,266,23
3384,267,0
3385,267,1
3386,267,2
3387,267,3
3388,267,4
3389,267,5
3390,267,16
3391,267,17
3392,267,18
3393,267,19
3394,267,20
3395,267,21
3396,267,22
3397,267,23
3398,268,0
3399,268,1
3400,268,2
3401,268,3
3402,268,4
3403,268,5
3404,268,16
3405,268,17
3406,268,18
3407,268,19
3408,268,20
3409,268,21
3410,268,22
3411,268,23
3412,269,0
3413,269,1
3414,269,2
3415,269,3
3416,269,4
3417,269,5
3418,269,16
3419,269,17
3420,269,18
3421,269,19
3422,269,20
3423,269,21
3424,269,22
3425,269,23
3426,270,0
3427,270,1
3428,270,2
3429,270,3
3430,270,4
3431,270,5
3432,270,16
3433,270,17
3434,270,18
3435,270,19
3436,270,20
3437,270,21
3438,270,22
3439,270,23
3440,271,0
3441,271,1
3442,271,2
3443,271,3
3444,271,4
3445,271,5
3446,271,16
3447,271,17
3448,271,18
3449,271,19
3450,271,20
3451,271,21
3452,271,22
3453,271,23
3454,272,0
3455,272,1
3456,272,2
3457,272,3
3458,272,4
3459,272,5
3460,272,16
3461,272,17
3462,272,18
3463,272,19
3464,272,20
3465,272,21
3466,272,22
3467,272,23
3468,273,0
3469,273,1
3470,273,2
3471,273,3
3472,273,4
3473,273,5
3474,273,16
3475,273,17
3476,273,18
3477,273,19
3478,273,20
3479,273,21
3480,273,22
3481,273,23
3482,274,0
3483,274,1
3484,274,2
3485,274,3
3486,274,4
3487,274,5
3488,274,16
3489,274,17
3490,274,18
3491,274,19
3492,274,20
3493,274,21
3494,274,22
3495,274,23
3496,275,0
3497,275,1
3498,275,2
3499,275,3
3500,275,4
3501,275,5
3502,275,16
3503,275,17
3504,275,18
3505,275,19
3506,275,20
3507,275,21
3508,275,22
3509,275,23
3510,276,0
3511,276,1
3512,276,2
3513,276,3
3514,276,4
3515,276,5
3516,276,16
3517,276,17
3518,276,18
3519,276,19
3520,276,20
3521,276,21
3522,276,22
3523,276,23
3524,277,0
3525,277,1
3526,277,2
3527,277,3
3528,277,4
3529,277,5
3530,277,16
3531,277,17
3532,277,18
3533,277,19
3534,277,20
3535,277,21
3536,277,22
3537,277,23
3538,278,0
3539,278,1
3540,278,2
3541,278,3
3542,278,4
3543,278,5
3544,278,16
3545,278,17
3546,278,18
3547,278,19
3548,278,20
3549,278,21
3550,278,22
3551,278,23
3552,279,0
3553,279,1
3554,279,2
3555,279,3
3556,279,4
3557,279,5
3558,279,16
3559,279,17
3560,279,18
3561,279,19
3562,279,20
3563,279,21
3564,279,22
3565,279,23
3566,280,0
3567,280,1
3568,280,2
3569,280,3
3570,280,4
3571,280,5
3572,280,16
3573,280,17
3574,280,18
3575,280,19
3576,280,20
3577,280,21
3578,280,22
3579,280,23
3580,281,0
3581,281,1
3582,281,2
3583,281,3
3584,281,4
3585,281,5
3586,281,16
3587,281,17
3588,281,18
3589,281,19
3590,281,20
3591,281,21
3592,281,22
3593,281,23
3594,282,0
3595,282,1
3596,282,2
3597,282,3
3598,282,4
3599,282,5
3600,282,16
3601,282,17
3602,282,18
3603,282,19
3604,282,20
3605,282,21
3606,282,22
3607,282,23
3608,283,0
3609,283,1
3610,283,2
3611,283,3
3612,283,4
3613,283,5
3614,283,16
3615,283,17
3616,283,18
3617,283,19
3618,283,20
3619,283,21
3620,283,22
3621,283,23
3622,284,0
3623,284,1
3624,284,2
3625,284,3
3626,284,4
3627,284,5
3628,284,16
3629,284,17
3630,284,18
3631,284,19
3632,284,20
3633,284,21
3634,284,22
3635,284,23
3636,285,0
3637,285,1
3638,285,2
3639,285,3
3640,285,4
3641,285,5
3642,285,16
3643,285,17
3644,285,18
3645,285,19
3646,285,20
3647,285,21
3648,285,22
3649,285,23
3650,286,0
3651,286,1
3652,286,2
3653,286,3
3654,286,4
3655,286,5
3656,286,16
3657,286,17
3658,286,18
3659,286,19
3660,286,20
3661,286,21
3662,286,22
3663,286,23
3664,287,0
3665,287,1
3666,287,2
3667,287,3
3668,287,4
3669,287,5
3670,287,16
3671,287,17
3672,287,18
3673,287,19
3674,287,20
3675,287,21
3676,287,22
3677,287,23
3678,288,0
3679,288,1
3680,288,2
3681,288,3
3682,288,4
3683,288,5
3684,288,16
3685,288,17
3686,288,18
3687,288,19
3688,288,20
3689,288,21
3690,288,22
3691,288,23
3692,289,0
3693,289,1
3694,289,2
3695,289,3
3696,289,4
3697,289,5
3698,289,16
3699,289,17
3700,289,18
3701,289,19
3702,289,20
3703,289,21
3704,289,22
3705,289,23
3706,290,0
3707,290,1
3708,290,2
3709,290,3
3710,290,4
3711,290,5
3712,290,16
3713,290,17
3714,290,18
3715,290,19
3716,290,20
3717,290,21
3718,290,22
3719,290,23
3720,291,0
3721,291,1
3722,291,2
3723,291,3
3724,291,4
3725,291,5
3726,291,16
3727,291,17
3728,291,18
3729,291,19
3730,291,20
3731,291,21
3732,291,22
3733,291,23
3734,292,0
3735,292,1
3736,292,2
3737,292,3
3738,292,4
3739,292,5
3740,292,6
3741,292,16
3742,292,17
3743,292,18
3744,292,19
3745,292,20
3746,292,21
3747,292,22
3748,292,23
3749,293,0
3750,293,1
3751,293,2
3752,293,3
3753,293,4
3754,293,5
3755,293,6
3756,293,16
3757,293,17
3758,293,18
3759,293,19
3760,293,20
3761,293,21
3762,293,22
3763,293,23
3764,294,0
3765,294,1
3766,294,2
3767,294,3
3768,294,4
3769,294,5
3770,294,6
3771,294,16
3772,294,17
3773,294,18
3774,294,19
3775,294,20
3776,294,21
3777,294,22
3778,294,23
3779,295,0
3780,295,1
3781,295,2
3782,295,3
3783,295,4
3784,295,5
3785,295,6
3786,295,16
3787,295,17
3788,295,18
3789,295,19
3790,295,20
3791,295,21
3792,295,22
3793,295,23
3794,296,0
3795,296,1
3796,296,2
3797,296,3
3798,296,4
3799,296,5
3800,296,6
3801,296,16
3802,296,17
3803,296,18
3804,296,19
3805,296,20
3806,296,21
3807,296,22
3808,296,23
3809,297,0
3810,297,1
3811,297,2
3812,297,3
3813,297,4
3814,297,5
3815,297,6
3816,297,16
3817,297,17
3818,297,18
3819,297,19
3820,297,20
3821,297,21
3822,297,22
3823,297,23
3824,298,0
3825,298,1
3826,298,2
3827,298,3
3828,298,4
3829,298,5
3830,298,6
3831,298,16
3832,298,17
3833,298,18
3834,298,19
3835,298,20
3836,298,21
3837,298,22
3838,298,23
3839,299,0
3840,299,1
3841,299,2
3842,299,3
3843,299,4
3844,299,5
3845,299,6
3846,299,16
3847,299,17
3848,299,18
3849,299,19
3850,299,20
3851,299,21
3852,299,22
3853,299,23
3854,300,0
3855,300,1
3856,300,2
3857,300,3
3858,300,4
3859,300,5
3860,300,6
3861,300,16
3862,300,17
3863,300,18
3864,300,19
3865,300,20
3866,300,21
3867,300,22
3868,300,23
3869,301,0
3870,301,1
3871,301,2
3872,301,3
3873,301,4
3874,301,5
3875,301,6
3876,301,16
3877,301,17
3878,301,18
3879,301,19
3880,301,20
3881,301,21
3882,301,22
3883,301,23
3884,302,0
3885,302,1
3886,302,2
3887,302,3
3888,302,4
3889,302,5
3890,302,6
3891,302,16
3892,302,17
3893,302,18
3894,302,19
3895,302,20
3896,302,21
3897,302,22
3898,302,23
3899,303,0
3900,303,1
3901,303,2
3902,303,3
3903,303,4
3904,303,5
3905,303,6
3906,303,16
3907,303,17
3908,303,18
3909,303,19
3910,303,20
3911,303,21
3912,303,22
3913,303,23
3914,304,0
3915,304,1
3916,304,2
3917,304,3
3918,304,4
3919,304,5
3920,304,6
3921,304,16
3922,304,17
3923,304,18
3924,304,19
3925,304,20
3926,304,21
3927,304,22
3928,304,23
3929,305,0
3930,305,1
3931,305,2
3932,305,3
3933,305,4
3934,305,5
3935,305,6
3936,305,16
3937,305,17
3938,305,18
3939,305,19
3940,305,20
3941,305,21
3942,305,22
3943,305,23
3944,306,0
3945,306,1
3946,306,2
3947,306,3
3948,306,4
3949,306,5
3950,306,6
3951,306,16
3952,306,17
3953,306,18
3954,306,19
3955,306,20
3956,306,21
3957,306,22
3958,306,23
3959,307,0
3960,307,1
3961,307,2
3962,307,3
3963,307,4
3964,307,5
3965,307,6
3966,307,16
3967,307,17
3968,307,18
3969,307,19
3970,307,20
3971,307,21
3972,307,22
3973,307,23
3974,308,0
3975,308,1
3976,308,2
3977,308,3
3978,308,4
3979,308,5
3980,308,6
3981,308,15
3982,308,16
3983,308,17
3984,308,18
3985,308,19
3986,308,20
3987,308,21
3988,308,22
3989,308,23
3990,309,0
3991,309,1
3992,309,2
3993,309,3
3994,309,4
3995,309,5
3996,309,6
3997,309,15
3998,309,16
3999,309,17
4000,309,18
4001,309,19
4002,309,20
4003,309,21
4004,309,22
4005,309,23
4006,310,0
4007,310,1
4008,310,2
4009,310,3
4010,310,4
4011,310,5
4012,310,6
4013,310,15
4014,310,16
4015,310,17
4016,310,18
4017,310,19
4018,310,20
4019,310,21
4020,310,22
4021,310,23
4022,311,0
4023,311,1
4024,311,2
4025,311,3
4026,311,4
4027,311,5
4028,311,6
4029,311,15
4030,311,16
4031,311,17
4032,311,18
4033,311,19
4034,311,20
4035,311,21
4036,311,22
4037,311,23
4038,312,0
4039,312,1
4040,312,2
4041,312,3
4042,312,4
4043,312,5
4044,312,6
4045,312,15
4046,312,16
4047,312,17
4048,312,18
4049,312,19
4050,312,20
4051,312,21
4052,312,22
4053,312,23
4054,313,0
4055,313,1
4056,313,2
4057,313,3
4058,313,4
4059,313,5
4060,313,6
4061,313,15
4062,313,16
4063,313,17
4064,313,18
4065,313,19
4066,313,20
4067,313,21
4068,313,22
4069,313,23
4070,314,0
4071,314,1
4072,314,2
4073,314,3
4074,314,4
4075,314,5
4076,314,6
4077,314,15
4078,314,16
4079,314,17
4080,314,18
4081,314,19
4082,314,20
4083,314,21
4084,314,22
4085,314,23
4086,315,0
4087,315,1
4088,315,2
4089,315,3
4090,315,4
4091,315,5
4092,315,6
4093,315,15
4094,315,16
4095,315,17
4096,315,18
4097,315,19
4098,315,20
4099,315,21
4100,315,22
4101,315,23
4102,316,0
4103,316,1
4104,316,2
4105,316,3
4106,316,4
4107,316,5
4108,316,6
4109,316,15
4110,316,16
4111,316,17
4112,316,18
4113,316,19
4114,316,20
4115,316,21
4116,316,22
4117,316,23
4118,317,0
4119,317,1
4120,317,2
4121,317,3
4122,317,4
4123,317,5
4124,317,6
4125,317,15
4126,317,16
4127,317,17
4128,317,18
4129,317,19
4130,317,20
4131,317,21
4132,317,22
4133,317,23
4134,318,0
4135,318,1
4136,318,2
4137,318,3
4138,318,4
4139,318,5
4140,318,6
4141,318,15
4142,318,16
4143,318,17
4144,318,18
4145,318,19
4146,318,20
4147,318,21
4148,318,22
4149,318,23
4150,319,0
4151,319,1
4152,319,2
4153,319,3
4154,319,4
4155,319,5
4156,319,6
4157,319,15
4158,319,16
4159,319,17
4160,319,18
4161,319,19
4162,319,20
4163,319,21
4164,319,22
4165,319,23
4166,320,0
4167,320,1
4168,320,2
4169,320,3
4170,320,4
4171,320,5
4172,320,6
4173,320,15
4174,320,16
4175,320,17
4176,320,18
4177,320,19
4178,320,20
4179,320,21
4180,320,22
4181,320,23
4182,321,0
4183,321,1
4184,321,2
4185,321,3
4186,321,4
4187,321,5
4188,321,6
4189,321,15
4190,321,16
4191,321,17
4192,321,18
4193,321,19
4194,321,20
4195,321,21
4196,321,22
4197,321,23
4198,322,0
4199,322,1
4200,322,2
4201,322,3
4202,322,4
4203,322,5
4204,322,6
4205,322,15
4206,322,16
4207,322,17
4208,322,18
4209,322,19
4210,322,20
4211,322,21
4212,322,22
4213,322,23
4214,323,0
4215,323,1
4216,323,2
4217,323,3
4218,323,4
4219,323,5
4220,323,6
4221,323,15
4222,323,16
4223,323,17
4224,323,18
4225,323,19
4226,323,20
4227,323,21
4228,323,22
4229,323,23
4230,324,0
4231,324,1
4232,324,2
4233,324,3
4234,324,4
4235,324,5
4236,324,6
4237,324,15
4238,324,16
4239,324,17
4240,324,18
4241,324,19
4242,324,20
4243,324,21
4244,324,22
4245,324,23
4246,325,0
4247,325,1
4248,325,2
4249,325,3
4250,325,4
4251,325,5
4252,325,6
4253,325,15
4254,325,16
4255,325,17
4256,325,18
4257,325,19
4258,325,20
4259,325,21
4260,325,22
4261,325,23
4262,326,0
4263,326,1
4264,326,2
4265,326,3
4266,326,4
4267,326,5
4268,326,6
4269,326,15
4270,326,16
4271,326,17
4272,326,18
4273,326,19
4274,326,20
4275,326,21
4276,326,22
4277,326,23
4278,327,0
4279,327,1
4280,327,2
4281,327,3
4282,327,4
4283,327,5
4284,327,6
4285,327,7
4286,327,15
4287,327,16
4288,327,17
4289,327,18
4290,327,19
4291,327,20
4292,327,21
4293,327,22
4294,327,23
4295,328,0
4296,328,1
4297,328,2
4298,328,3
4299,328,4
4300,328,5
4301,328,6
4302,328,15
4303,328,16
4304,328,17
4305,328,18
4306,328,19
4307,328,20
4308,328,21
4309,328,22
4310,328,23
4311,329,0
4312,329,1
4313,329,2
4314,329,3
4315,329,4
4316,329,5
4317,329,6
4318,329,15
4319,329,16
4320,329,17
4321,329,18
4322,329,19
4323,329,20
4324,329,21
4325,329,22
4326,329,23
4327,330,0
4328,330,1
4329,330,2
4330,330,3
4331,330,4
4332,330,5
4333,330,6
4334,330,15
4335,330,16
4336,330,17
4337,330,18
4338,330,19
4339,330,20
4340,330,21
4341,330,22
4342,330,23
4343,331,0
4344,331,1
4345,331,2
4346,331,3
4347,331,4
4348,331,5
4349,331,6
4350,331,15
4351,331,16
4352,331,17
4353,331,18
4354,331,19
4355,331,20
4356,331,21
4357,331,22
4358,331,23
4359,332,0
4360,332,1
4361,332,2
4362,332,3
4363,332,4
4364,332,5
4365,332,6
4366,332,15
4367,332,16
4368,332,17
4369,332,18
4370,332,19
4371,332,20
4372,332,21
4373,332,22
4374,332,23
4375,333,0
4376,333,1
4377,333,2
4378,333,3
4379,333,4
4380,333,5
4381,333,6
4382,333,15
4383,333,16
4384,333,17
4385,333,18
4386,333,19
4387,333,20
4388,333,21
4389,333,22
4390,333,23
4391,334,0
4392,334,1
4393,334,2
4394,334,3
4395,334,4
4396,334,5
4397,334,6
4398,334,15
4399,334,16
4400,334,17
4401,334,18
4402,334,19
4403,334,20
4404,334,21
4405,334,22
4406,334,23
4407,335,0
4408,335,1
4409,335,2
4410,335,3
4411,335,4
4412,335,5
4413,335,6
4414,335,15
4415,335,16
4416,335,17
4417,335,18
4418,335,19
4419,335,20
4420,335,21
4421,335,22
4422,335,23
4423,336,0
4424,336,1
4425,336,2
4426,336,3
4427,336,4
4428,336,5
4429,336,6
4430,336,15
4431,336,16
4432,336,17
4433,336,18
4434,336,19
4435,336,20
4436,336,21
4437,336,22
4438,336,23
4439,337,0
4440,337,1
4441,337,2
4442,337,3
4443,337,4
4444,337,5
4445,337,6
4446,337,15
4447,337,16
4448,337,17
4449,337,18
4450,337,19
4451,337,20
4452,337,21
4453,337,22
4454,337,23
4455,338,0
4456,338,1
4457,338,2
4458,338,3
4459,338,4
4460,338,5
4461,338,6
4462,338,7
4463,338,15
4464,338,16
4465,338,17
4466,338,18
4467,338,19
4468,338,20
4469,338,21
4470,338,22
4471,338,23
4472,339,0
4473,339,1
4474,339,2
4475,339,3
4476,339,4
4477,339,5
4478,339,6
4479,339,7
4480,339,15
4481,339,16
4482,339,17
4483,339,18
4484,339,19
4485,339,20
4486,339,21
4487,339,22
4488,339,23
4489,340,0
4490,340,1
4491,340,2
4492,340,3
4493,340,4
4494,340,5
4495,340,6
4496,340,7
4497,340,15
4498,340,16
4499,340,17
4500,340,18
4501,340,19
4502,340,20
4503,340,21
4504,340,22
4505,340,23
4506,341,0
4507,341,1
4508,341,2
4509,341,3
4510,341,4
4511,341,5
4512,341,6
4513,341,7
4514,341,15
4515,341,16
4516,341,17
4517,341,18
4518,341,19
4519,341,20
4520,341,21
4521,341,22
4522,341,23
4523,342,0
4524,342,1
4525,342,2
4526,342,3
4527,342,4
4528,342,5
4529,342,6
4530,342,15
4531,342,16
4532,342,17
4533,342,18
4534,342,19
4535,342,20
4536,342,21
4537,342,22
4538,342,23
4539,343,0
4540,343,1
4541,343,2
4542,343,3
4543,343,4
4544,343,5
4545,343,6
4546,343,15
4547,343,16
4548,343,17
4549,343,18
4550,343,19
4551,343,20
4552,343,21
4553,343,22
4554,343,23
4555,344,0
4556,344,1
4557,344,2
4558,344,3
4559,344,4
4560,344,5
4561,344,6
4562,344,15
4563,344,16
4564,344,17
4565,344,18
4566,344,19
4567,344,20
4568,344,21
4569,344,22
4570,344,23
4571,345,0
4572,345,1
4573,345,2
4574,345,3
4575,345,4
4576,345,5
4577,345,6
4578,345,7
4579,345,15
4580,345,16
4581,345,17
4582,345,18
4583,345,19
4584,345,20
4585,345,21
4586,345,22
4587,345,23
4588,346,0
4589,346,1
4590,346,2
4591,346,3
4592,346,4
4593,346,5
4594,346,6
4595,346,7
4596,346,15
4597,346,16
4598,346,17
4599,346,18
4600,346,19
4601,346,20
4602,346,21
4603,346,22
4604,346,23
4605,347,0
4606,347,1
4607,347,2
4608,347,3
4609,347,4
4610,347,5
4611,347,6
4612,347,7
4613,347,15
4614,347,16
4615,347,17
4616,347,18
4617,347,19
4618,347,20
4619,347,21
4620,347,22
4621,347,23
4622,348,0
4623,348,1
4624,348,2
4625,348,3
4626,348,4
4627,348,5
4628,348,6
4629,348,7
4630,348,15
4631,348,16
4632,348,17
4633,348,18
4634,348,19
4635,348,20
4636,348,21
4637,348,22
4638,348,23
4639,349,0
4640,349,1
4641,349,2
4642,349,3
4643,349,4
4644,349,5
4645,349,6
4646,349,7
4647,349,15
4648,349,16
4649,349,17
4650,349,18
4651,349,19
4652,349,20
4653,349,21
4654,349,22
4655,349,23
4656,350,0
4657,350,1
4658,350,2
4659,350,3
4660,350,4
4661,350,5
4662,350,6
4663,350,7
4664,350,15
4665,350,16
4666,350,17
4667,350,18
4668,350,19
4669,350,20
4670,350,21
4671,350,22
4672,350,23
4673,351,0
4674,351,1
4675,351,2
4676,351,3
4677,351,4
4678,351,5
4679,351,6
4680,351,7
4681,351,15
4682,351,16
4683,351,17
4684,351,18
4685,351,19
4686,351,20
4687,351,21
4688,351,22
4689,351,23
4690,352,0
4691,352,1
4692,352,2
4693,352,3
4694,352,4
4695,352,5
4696,352,6
4697,352,7
4698,352,15
4699,352,16
4700,352,17
4701,352,18
4702,352,19
4703,352,20
4704,352,21
4705,352,22
4706,352,23
4707,353,0
4708,353,1
4709,353,2
4710,353,3
4711,353,4
4712,353,5
4713,353,6
4714,353,7
4715,353,15
4716,353,16
4717,353,17
4718,353,18
4719,353,19
4720,353,20
4721,353,21
4722,353,22
4723,353,23
4724,354,0
4725,354,1
4726,354,2
4727,354,3
4728,354,4
4729,354,5
4730,354,6
4731,354,7
4732,354,15
4733,354,16
4734,354,17
4735,354,18
4736,354,19
4737,354,20
4738,354,21
4739,354,22
4740,354,23
4741,355,0
4742,355,1
4743,355,2
4744,355,3
4745,355,4
4746,355,5
4747,355,6
4748,355,7
4749,355,15
4750,355,16
4751,355,17
4752,355,18
4753,355,19
4754,355,20
4755,355,21
4756,355,22
4757,355,23
4758,356,0
4759,356,1
4760,356,2
4761,356,3
4762,356,4
4763,356,5
4764,356,6
4765,356,7
4766,356,15
4767,356,16
4768,356,17
4769,356,18
4770,356,19
4771,356,20
4772,356,21
4773,356,22
4774,356,23
4775,357,0
4776,357,1
4777,357,2
4778,357,3
4779,357,4
4780,357,5
4781,357,6
4782,357,7
4783,357,15
4784,357,16
4785,357,17
4786,357,18
4787,357,19
4788,357,20
4789,357,21
4790,357,22
4791,357,23
4792,358,0
4793,358,1
4794,358,2
4795,358,3
4796,358,4
4797,358,5
4798,358,6
4799,358,7
4800,358,15
4801,358,16
4802,358,17
4803,358,18
4804,358,19
4805,358,20
4806,358,21
4807,358,22
4808,358,23
4809,359,0
4810,359,1
4811,359,2
4812,359,3
4813,359,4
4814,359,5
4815,359,6
4816,359,7
4817,359,15
4818,359,16
4819,359,17
4820,359,18
4821,359,19
4822,359,20
4823,359,21
4824,359,22
4825,359,23
4826,360,0
4827,360,1
4828,360,2
4829,360,3
4830,360,4
4831,360,5
4832,360,6
4833,360,7
4834,360,15
4835,360,16
4836,360,17
4837,360,18
4838,360,19
4839,360,20
4840,360,21
4841,360,22
4842,360,23
4843,361,0
4844,361,1
4845,361,2
4846,361,3
4847,361,4
4848,361,5
4849,361,6
4850,361,7
4851,361,15
4852,361,16
4853,361,17
4854,361,18
4855,361,19
4856,361,20
4857,361,21
4858,361,22
4859,361,23
4860,362,0
4861,362,1
4862,362,2
4863,362,3
4864,362,4
4865,362,5
4866,362,6
4867,362,15
4868,362,16
4869,362,17
4870,362,18
4871,362,19
4872,362,20
4873,362,21
4874,362,22
4875,362,23
4876,363,0
4877,363,1
4878,363,2
4879,363,3
4880,363,4
4881,363,5
4882,363,6
4883,363,7
4884,363,15
4885,363,16
4886,363,17
4887,363,18
4888,363,19
4889,363,20
4890,363,21
4891,363,22
4892,363,23
4893,364,0
4894,364,1
4895,364,2
4896,364,3
4897,364,4
4898,364,5
4899,364,6
4900,364,15
4901,364,16
4902,364,17
4903,364,18
4904,364,19
4905,364,20
4906,364,21
4907,364,22
4908,364,23
4909,365,0
4910,365,1
4911,365,2
4912,365,3
4913,365,4
4914,365,5
4915,365,6
4916,365,15
4917,365,16
4918,365,17
4919,365,18
4920,365,19
4921,365,20
4922,365,21
4923,365,22
4924,365,23
