,day,hour
0,1,0
1,1,1
2,1,2
3,1,3
4,1,4
5,1,5
6,1,6
7,1,7
8,1,8
9,1,13
10,1,14
11,1,15
12,1,16
13,1,17
14,1,18
15,1,19
16,1,20
17,1,21
18,1,22
19,1,23
20,2,0
21,2,1
22,2,2
23,2,3
24,2,4
25,2,5
26,2,6
27,2,7
28,2,8
29,2,14
30,2,15
31,2,16
32,2,17
33,2,18
34,2,19
35,2,20
36,2,21
37,2,22
38,2,23
39,3,0
40,3,1
41,3,2
42,3,3
43,3,4
44,3,5
45,3,6
46,3,7
47,3,8
48,3,14
49,3,15
50,3,16
51,3,17
52,3,18
53,3,19
54,3,20
55,3,21
56,3,22
57,3,23
58,4,0
59,4,1
60,4,2
61,4,3
62,4,4
63,4,5
64,4,6
65,4,7
66,4,8
67,4,14
68,4,15
69,4,16
70,4,17
71,4,18
72,4,19
73,4,20
74,4,21
75,4,22
76,4,23
77,5,0
78,5,1
79,5,2
80,5,3
81,5,4
82,5,5
83,5,6
84,5,7
85,5,8
86,5,14
87,5,15
88,5,16
89,5,17
90,5,18
91,5,19
92,5,20
93,5,21
94,5,22
95,5,23
96,6,0
97,6,1
98,6,2
99,6,3
100,6,4
101,6,5
102,6,6
103,6,7
104,6,8
105,6,13
106,6,14
107,6,15
108,6,16
109,6,17
110,6,18
111,6,19
112,6,20
113,6,21
114,6,22
115,6,23
116,7,0
117,7,1
118,7,2
119,7,3
120,7,4
121,7,5
122,7,6
123,7,7
124,7,8
125,7,13
126,7,14
127,7,15
128,7,16
129,7,17
130,7,18
131,7,19
132,7,20
133,7,21
134,7,22
135,7,23
136,8,0
137,8,1
138,8,2
139,8,3
140,8,4
141,8,5
142,8,6
143,8,7
144,8,8
145,8,14
146,8,15
147,8,16
148,8,17
149,8,18
150,8,19
151,8,20
152,8,21
153,8,22
154,8,23
155,9,0
156,9,1
157,9,2
158,9,3
159,9,4
160,9,5
161,9,6
162,9,7
163,9,8
164,9,14
165,9,15
166,9,16
167,9,17
168,9,18
169,9,19
170,9,20
171,9,21
172,9,22
173,9,23
174,10,0
175,10,1
176,10,2
177,10,3
178,10,4
179,10,5
180,10,6
181,10,7
182,10,8
183,10,13
184,10,14
185,10,15
186,10,16
187,10,17
188,10,18
189,10,19
190,10,20
191,10,21
192,10,22
193,10,23
194,11,0
195,11,1
196,11,2
197,11,3
198,11,4
199,11,5
200,11,6
201,11,7
202,11,8
203,11,13
204,11,14
205,11,15
206,11,16
207,11,17
208,11,18
209,11,19
210,11,20
211,11,21
212,11,22
213,11,23
214,12,0
215,12,1
216,12,2
217,12,3
218,12,4
219,12,5
220,12,6
221,12,7
222,12,8
223,12,13
224,12,14
225,12,15
226,12,16
227,12,17
228,12,18
229,12,19
230,12,20
231,12,21
232,12,22
233,12,23
234,13,0
235,13,1
236,13,2
237,13,3
238,13,4
239,13,5
240,13,6
241,13,7
242,13,8
243,13,14
244,13,15
245,13,16
246,13,17
247,13,18
248,13,19
249,13,20
250,13,21
251,13,22
252,13,23
253,14,0
254,14,1
255,14,2
256,14,3
257,14,4
258,14,5
259,14,6
260,14,7
261,14,8
262,14,14
263,14,15
264,14,16
265,14,17
266,14,18
267,14,19
268,14,20
269,14,21
270,14,22
271,14,23
272,15,0
273,15,1
274,15,2
275,15,3
276,15,4
277,15,5
278,15,6
279,15,7
280,15,8
281,15,14
282,15,15
283,15,16
284,15,17
285,15,18
286,15,19
287,15,20
288,15,21
289,15,22
290,15,23
291,16,0
292,16,1
293,16,2
294,16,3
295,16,4
296,16,5
297,16,6
298,16,7
299,16,8
300,16,14
301,16,15
302,16,16
303,16,17
304,16,18
305,16,19
306,16,20
307,16,21
308,16,22
309,16,23
310,17,0
311,17,1
312,17,2
313,17,3
314,17,4
315,17,5
316,17,6
317,17,7
318,17,14
319,17,15
320,17,16
321,17,17
322,17,18
323,17,19
324,17,20
325,17,21
326,17,22
327,17,23
328,18,0
329,18,1
330,18,2
331,18,3
332,18,4
333,18,5
334,18,6
335,18,7
336,18,8
337,18,14
338,18,15
339,18,16
340,18,17
341,18,18
342,18,19
343,18,20
344,18,21
345,18,22
346,18,23
347,19,0
348,19,1
349,19,2
350,19,3
351,19,4
352,19,5
353,19,6
354,19,7
355,19,8
356,19,14
357,19,15
358,19,16
359,19,17
360,19,18
361,19,19
362,19,20
363,19,21
364,19,22
365,19,23
366,20,0
367,20,1
368,20,2
369,20,3
370,20,4
371,20,5
372,20,6
373,20,7
374,20,8
375,20,14
376,20,15
377,20,16
378,20,17
379,20,18
380,20,19
381,20,20
382,20,21
383,20,22
384,20,23
385,21,0
386,21,1
387,21,2
388,21,3
389,21,4
390,21,5
391,21,6
392,21,7
393,21,8
394,21,14
395,21,15
396,21,16
397,21,17
398,21,18
399,21,19
400,21,20
401,21,21
402,21,22
403,21,23
404,22,0
405,22,1
406,22,2
407,22,3
408,22,4
409,22,5
410,22,6
411,22,7
412,22,14
413,22,15
414,22,16
415,22,17
416,22,18
417,22,19
418,22,20
419,22,21
420,22,22
421,22,23
422,23,0
423,23,1
424,23,2
425,23,3
426,23,4
427,23,5
428,23,6
429,23,7
430,23,8
431,23,14
432,23,15
433,23,16
434,23,17
435,23,18
436,23,19
437,23,20
438,23,21
439,23,22
440,23,23
441,24,0
442,24,1
443,24,2
444,24,3
445,24,4
446,24,5
447,24,6
448,24,7
449,24,14
450,24,15
451,24,16
452,24,17
453,24,18
454,24,19
455,24,20
456,24,21
457,24,22
458,24,23
459,25,0
460,25,1
461,25,2
462,25,3
463,25,4
464,25,5
465,25,6
466,25,7
467,25,14
468,25,15
469,25,16
470,25,17
471,25,18
472,25,19
473,25,20
474,25,21
475,25,22
476,25,23
477,26,0
478,26,1
479,26,2
480,26,3
481,26,4
482,26,5
483,26,6
484,26,7
485,26,14
486,26,15
487,26,16
488,26,17
489,26,18
490,26,19
491,26,20
492,26,21
493,26,22
494,26,23
495,27,0
496,27,1
497,27,2
498,27,3
499,27,4
500,27,5
501,27,6
502,27,7
503,27,14
504,27,15
505,27,16
506,27,17
507,27,18
508,27,19
509,27,20
510,27,21
511,27,22
512,27,23
513,28,0
514,28,1
515,28,2
516,28,3
517,28,4
518,28,5
519,28,6
520,28,7
521,28,14
522,28,15
523,28,16
524,28,17
525,28,18
526,28,19
527,28,20
528,28,21
529,28,22
530,28,23
531,29,0
532,29,1
533,29,2
534,29,3
535,29,4
536,29,5
537,29,6
538,29,7
539,29,14
540,29,15
541,29,16
542,29,17
543,29,18
544,29,19
545,29,20
546,29,21
547,29,22
548,29,23
549,30,0
550,30,1
551,30,2
552,30,3
553,30,4
554,30,5
555,30,6
556,30,7
557,30,14
558,30,15
559,30,16
560,30,17
561,30,18
562,30,19
563,30,20
564,30,21
565,30,22
566,30,23
567,31,0
568,31,1
569,31,2
570,31,3
571,31,4
572,31,5
573,31,6
574,31,7
575,31,15
576,31,16
577,31,17
578,31,18
579,31,19
580,31,20
581,31,21
582,31,22
583,31,23
584,32,0
585,32,1
586,32,2
587,32,3
588,32,4
589,32,5
590,32,6
591,32,7
592,32,14
593,32,15
594,32,16
595,32,17
596,32,18
597,32,19
598,32,20
599,32,21
600,32,22
601,32,23
602,33,0
603,33,1
604,33,2
605,33,3
606,33,4
607,33,5
608,33,6
609,33,7
610,33,14
611,33,15
612,33,16
613,33,17
614,33,18
615,33,19
616,33,20
617,33,21
618,33,22
619,33,23
620,34,0
621,34,1
622,34,2
623,34,3
624,34,4
625,34,5
626,34,6
627,34,7
628,34,15
629,34,16
630,34,17
631,34,18
632,34,19
633,34,20
634,34,21
635,34,22
636,34,23
637,35,0
638,35,1
639,35,2
640,35,3
641,35,4
642,35,5
643,35,6
644,35,7
645,35,14
646,35,15
647,35,16
648,35,17
649,35,18
650,35,19
651,35,20
652,35,21
653,35,22
654,35,23
655,36,0
656,36,1
657,36,2
658,36,3
659,36,4
660,36,5
661,36,6
662,36,7
663,36,14
664,36,15
665,36,16
666,36,17
667,36,18
668,36,19
669,36,20
670,36,21
671,36,22
672,36,23
673,37,0
674,37,1
675,37,2
676,37,3
677,37,4
678,37,5
679,37,6
680,37,7
681,37,15
682,37,16
683,37,17
684,37,18
685,37,19
686,37,20
687,37,21
688,37,22
689,37,23
690,38,0
691,38,1
692,38,2
693,38,3
694,38,4
695,38,5
696,38,6
697,38,7
698,38,15
699,38,16
700,38,17
701,38,18
702,38,19
703,38,20
704,38,21
705,38,22
706,38,23
707,39,0
708,39,1
709,39,2
710,39,3
711,39,4
712,39,5
713,39,6
714,39,7
715,39,15
716,39,16
717,39,17
718,39,18
719,39,19
720,39,20
721,39,21
722,39,22
723,39,23
724,40,0
725,40,1
726,40,2
727,40,3
728,40,4
729,40,5
730,40,6
731,40,7
732,40,15
733,40,16
734,40,17
735,40,18
736,40,19
737,40,20
738,40,21
739,40,22
740,40,23
741,41,0
742,41,1
743,41,2
744,41,3
745,41,4
746,41,5
747,41,6
748,41,7
749,41,15
750,41,16
751,41,17
752,41,18
753,41,19
754,41,20
755,41,21
756,41,22
757,41,23
758,42,0
759,42,1
760,42,2
761,42,3
762,42,4
763,42,5
764,42,6
765,42,7
766,42,15
767,42,16
768,42,17
769,42,18
770,42,19
771,42,20
772,42,21
773,42,22
774,42,23
775,43,0
776,43,1
777,43,2
778,43,3
779,43,4
780,43,5
781,43,6
782,43,7
783,43,15
784,43,16
785,43,17
786,43,18
787,43,19
788,43,20
789,43,21
790,43,22
791,43,23
792,44,0
793,44,1
794,44,2
795,44,3
796,44,4
797,44,5
798,44,6
799,44,7
800,44,15
801,44,16
802,44,17
803,44,18
804,44,19
805,44,20
806,44,21
807,44,22
808,44,23
809,45,0
810,45,1
811,45,2
812,45,3
813,45,4
814,45,5
815,45,6
816,45,15
817,45,16
818,45,17
819,45,18
820,45,19
821,45,20
822,45,21
823,45,22
824,45,23
825,46,0
826,46,1
827,46,2
828,46,3
829,46,4
830,46,5
831,46,6
832,46,15
833,46,16
834,46,17
835,46,18
836,46,19
837,46,20
838,46,21
839,46,22
840,46,23
841,47,0
842,47,1
843,47,2
844,47,3
845,47,4
846,47,5
847,47,6
848,47,15
849,47,16
850,47,17
851,47,18
852,47,19
853,47,20
854,47,21
855,47,22
856,47,23
857,48,0
858,48,1
859,48,2
860,48,3
861,48,4
862,48,5
863,48,6
864,48,15
865,48,16
866,48,17
867,48,18
868,48,19
869,48,20
870,48,21
871,48,22
872,48,23
873,49,0
874,49,1
875,49,2
876,49,3
877,49,4
878,49,5
879,49,6
880,49,15
881,49,16
882,49,17
883,49,18
884,49,19
885,49,20
886,49,21
887,49,22
888,49,23
889,50,0
890,50,1
891,50,2
892,50,3
893,50,4
894,50,5
895,50,6
896,50,15
897,50,16
898,50,17
899,50,18
900,50,19
901,50,20
902,50,21
903,50,22
904,50,23
905,51,0
906,51,1
907,51,2
908,51,3
909,51,4
910,51,5
911,51,6
912,51,15
913,51,16
914,51,17
915,51,18
916,51,19
917,51,20
918,51,21
919,51,22
920,51,23
921,52,0
922,52,1
923,52,2
924,52,3
925,52,4
926,52,5
927,52,6
928,52,15
929,52,16
930,52,17
931,52,18
932,52,19
933,52,20
934,52,21
935,52,22
936,52,23
937,53,0
938,53,1
939,53,2
940,53,3
941,53,4
942,53,5
943,53,6
944,53,15
945,53,16
946,53,17
947,53,18
948,53,19
949,53,20
950,53,21
951,53,22
952,53,23
953,54,0
954,54,1
955,54,2
956,54,3
957,54,4
958,54,5
959,54,6
960,54,15
961,54,16
962,54,17
963,54,18
964,54,19
965,54,20
966,54,21
967,54,22
968,54,23
969,55,0
970,55,1
971,55,2
972,55,3
973,55,4
974,55,5
975,55,6
976,55,15
977,55,16
978,55,17
979,55,18
980,55,19
981,55,20
982,55,21
983,55,22
984,55,23
985,56,0
986,56,1
987,56,2
988,56,3
989,56,4
990,56,5
991,56,6
992,56,15
993,56,16
994,56,17
995,56,18
996,56,19
997,56,20
998,56,21
999,56,22
1000,56,23
1001,57,0
1002,57,1
1003,57,2
1004,57,3
1005,57,4
1006,57,5
1007,57,6
1008,57,15
1009,57,16
1010,57,17
1011,57,18
1012,57,19
1013,57,20
1014,57,21
1015,57,22
1016,57,23
1017,58,0
1018,58,1
1019,58,2
1020,58,3
1021,58,4
1022,58,5
1023,58,6
1024,58,15
1025,58,16
1026,58,17
1027,58,18
1028,58,19
1029,58,20
1030,58,21
1031,58,22
1032,58,23
1033,59,0
1034,59,1
1035,59,2
1036,59,3
1037,59,4
1038,59,5
1039,59,6
1040,59,15
1041,59,16
1042,59,17
1043,59,18
1044,59,19
1045,59,20
1046,59,21
1047,59,22
1048,59,23
1049,60,0
1050,60,1
1051,60,2
1052,60,3
1053,60,4
1054,60,5
1055,60,6
1056,60,16
1057,60,17
1058,60,18
1059,60,19
1060,60,20
1061,60,21
1062,60,22
1063,60,23
1064,61,0
1065,61,1
1066,61,2
1067,61,3
1068,61,4
1069,61,5
1070,61,6
1071,61,16
1072,61,17
1073,61,18
1074,61,19
1075,61,20
1076,61,21
1077,61,22
1078,61,23
1079,62,0
1080,62,1
1081,62,2
1082,62,3
1083,62,4
1084,62,5
1085,62,6
1086,62,16
1087,62,17
1088,62,18
1089,62,19
1090,62,20
1091,62,21
1092,62,22
1093,62,23
1094,63,0
1095,63,1
1096,63,2
1097,63,3
1098,63,4
1099,63,5
1100,63,6
1101,63,16
1102,63,17
1103,63,18
1104,63,19
1105,63,20
1106,63,21
1107,63,22
1108,63,23
1109,64,0
1110,64,1
1111,64,2
1112,64,3
1113,64,4
1114,64,5
1115,64,6
1116,64,16
1117,64,17
1118,64,18
1119,64,19
1120,64,20
1121,64,21
1122,64,22
1123,64,23
1124,65,0
1125,65,1
1126,65,2
1127,65,3
1128,65,4
1129,65,5
1130,65,6
1131,65,16
1132,65,17
1133,65,18
1134,65,19
1135,65,20
1136,65,21
1137,65,22
1138,65,23
1139,66,0
1140,66,1
1141,66,2
1142,66,3
1143,66,4
1144,66,5
1145,66,6
1146,66,16
1147,66,17
1148,66,18
1149,66,19
1150,66,20
1151,66,21
1152,66,22
1153,66,23
1154,67,0
1155,67,1
1156,67,2
1157,67,3
1158,67,4
1159,67,5
1160,67,6
1161,67,16
1162,67,17
1163,67,18
1164,67,19
1165,67,20
1166,67,21
1167,67,22
1168,67,23
1169,68,0
1170,68,1
1171,68,2
1172,68,3
1173,68,4
1174,68,5
1175,68,6
1176,68,16
1177,68,17
1178,68,18
1179,68,19
1180,68,20
1181,68,21
1182,68,22
1183,68,23
1184,69,0
1185,69,1
1186,69,2
1187,69,3
1188,69,4
1189,69,5
1190,69,6
1191,69,16
1192,69,17
1193,69,18
1194,69,19
1195,69,20
1196,69,21
1197,69,22
1198,69,23
1199,70,0
1200,70,1
1201,70,2
1202,70,3
1203,70,4
1204,70,5
1205,70,6
1206,70,16
1207,70,17
1208,70,18
1209,70,19
1210,70,20
1211,70,21
1212,70,22
1213,70,23
1214,71,0
1215,71,1
1216,71,2
1217,71,3
1218,71,4
1219,71,5
1220,71,6
1221,71,16
1222,71,17
1223,71,18
1224,71,19
1225,71,20
1226,71,21
1227,71,22
1228,71,23
1229,72,0
1230,72,1
1231,72,2
1232,72,3
1233,72,4
1234,72,5
1235,72,6
1236,72,16
1237,72,17
1238,72,18
1239,72,19
1240,72,20
1241,72,21
1242,72,22
1243,72,23
1244,73,0
1245,73,1
1246,73,2
1247,73,3
1248,73,4
1249,73,5
1250,73,6
1251,73,16
1252,73,17
1253,73,18
1254,73,19
1255,73,20
1256,73,21
1257,73,22
1258,73,23
1259,74,0
1260,74,1
1261,74,2
1262,74,3
1263,74,4
1264,74,5
1265,74,6
1266,74,16
1267,74,17
1268,74,18
1269,74,19
1270,74,20
1271,74,21
1272,74,22
1273,74,23
1274,75,0
1275,75,1
1276,75,2
1277,75,3
1278,75,4
1279,75,5
1280,75,16
1281,75,17
1282,75,18
1283,75,19
1284,75,20
1285,75,21
1286,75,22
1287,75,23
1288,76,0
1289,76,1
1290,76,2
1291,76,3
1292,76,4
1293,76,5
1294,76,16
1295,76,17
1296,76,18
1297,76,19
1298,76,20
1299,76,21
1300,76,22
1301,76,23
1302,77,0
1303,77,1
1304,77,2
1305,77,3
1306,77,4
1307,77,5
1308,77,16
1309,77,17
1310,77,18
1311,77,19
1312,77,20
1313,77,21
1314,77,22
1315,77,23
1316,78,0
1317,78,1
1318,78,2
1319,78,3
1320,78,4
1321,78,5
1322,78,16
1323,78,17
1324,78,18
1325,78,19
1326,78,20
1327,78,21
1328,78,22
1329,78,23
1330,79,0
1331,79,1
1332,79,2
1333,79,3
1334,79,4
1335,79,5
1336,79,16
1337,79,17
1338,79,18
1339,79,19
1340,79,20
1341,79,21
1342,79,22
1343,79,23
1344,80,0
1345,80,1
1346,80,2
1347,80,3
1348,80,4
1349,80,5
1350,80,16
1351,80,17
1352,80,18
1353,80,19
1354,80,20
1355,80,21
1356,80,22
1357,80,23
1358,81,0
1359,81,1
1360,81,2
1361,81,3
1362,81,4
1363,81,5
1364,81,16
1365,81,17
1366,81,18
1367,81,19
1368,81,20
1369,81,21
1370,81,22
1371,81,23
1372,82,0
1373,82,1
1374,82,2
1375,82,3
1376,82,4
1377,82,5
1378,82,16
1379,82,17
1380,82,18
1381,82,19
1382,82,20
1383,82,21
1384,82,22
1385,82,23
1386,83,0
1387,83,1
1388,83,2
1389,83,3
1390,83,4
1391,83,5
1392,83,16
1393,83,17
1394,83,18
1395,83,19
1396,83,20
1397,83,21
1398,83,22
1399,83,23
1400,84,0
1401,84,1
1402,84,2
1403,84,3
1404,84,4
1405,84,5
1406,84,16
1407,84,17
1408,84,18
1409,84,19
1410,84,20
1411,84,21
1412,84,22
1413,84,23
1414,85,0
1415,85,1
1416,85,2
1417,85,3
1418,85,4
1419,85,5
1420,85,16
1421,85,17
1422,85,18
1423,85,19
1424,85,20
1425,85,21
1426,85,22
1427,85,23
1428,86,0
1429,86,1
1430,86,2
1431,86,3
1432,86,4
1433,86,5
1434,86,17
1435,86,18
1436,86,19
1437,86,20
1438,86,21
1439,86,22
1440,86,23
1441,87,0
1442,87,1
1443,87,2
1444,87,3
1445,87,4
1446,87,5
1447,87,17
1448,87,18
1449,87,19
1450,87,20
1451,87,21
1452,87,22
1453,87,23
1454,88,0
1455,88,1
1456,88,2
1457,88,3
1458,88,4
1459,88,5
1460,88,17
1461,88,18
1462,88,19
1463,88,20
1464,88,21
1465,88,22
1466,88,23
1467,89,0
1468,89,1
1469,89,2
1470,89,3
1471,89,4
1472,89,5
1473,89,17
1474,89,18
1475,89,19
1476,89,20
1477,89,21
1478,89,22
1479,89,23
1480,90,0
1481,90,1
1482,90,2
1483,90,3
1484,90,4
1485,90,5
1486,90,17
1487,90,18
1488,90,19
1489,90,20
1490,90,21
1491,90,22
1492,90,23
1493,91,0
1494,91,1
1495,91,2
1496,91,3
1497,91,4
1498,91,5
1499,91,17
1500,91,18
1501,91,19
1502,91,20
1503,91,21
1504,91,22
1505,91,23
1506,92,0
1507,92,1
1508,92,2
1509,92,3
1510,92,4
1511,92,5
1512,92,17
1513,92,18
1514,92,19
1515,92,20
1516,92,21
1517,92,22
1518,92,23
1519,93,0
1520,93,1
1521,93,2
1522,93,3
1523,93,4
1524,93,5
1525,93,17
1526,93,18
1527,93,19
1528,93,20
1529,93,21
1530,93,22
1531,93,23
1532,94,0
1533,94,1
1534,94,2
1535,94,3
1536,94,4
1537,94,5
1538,94,17
1539,94,18
1540,94,19
1541,94,20
1542,94,21
1543,94,22
1544,94,23
1545,95,0
1546,95,1
1547,95,2
1548,95,3
1549,95,4
1550,95,5
1551,95,17
1552,95,18
1553,95,19
1554,95,20
1555,95,21
1556,95,22
1557,95,23
1558,96,0
1559,96,1
1560,96,2
1561,96,3
1562,96,4
1563,96,5
1564,96,17
1565,96,18
1566,96,19
1567,96,20
1568,96,21
1569,96,22
1570,96,23
1571,97,0
1572,97,1
1573,97,2
1574,97,3
1575,97,4
1576,97,5
1577,97,17
1578,97,18
1579,97,19
1580,97,20
1581,97,21
1582,97,22
1583,97,23
1584,98,0
1585,98,1
1586,98,2
1587,98,3
1588,98,4
1589,98,5
1590,98,17
1591,98,18
1592,98,19
1593,98,20
1594,98,21
1595,98,22
1596,98,23
1597,99,0
1598,99,1
1599,99,2
1600,99,3
1601,99,4
1602,99,5
1603,99,17
1604,99,18
1605,99,19
1606,99,20
1607,99,21
1608,99,22
1609,99,23
1610,100,0
1611,100,1
1612,100,2
1613,100,3
1614,100,4
1615,100,5
1616,100,17
1617,100,18
1618,100,19
1619,100,20
1620,100,21
1621,100,22
1622,100,23
1623,101,0
1624,101,1
1625,101,2
1626,101,3
1627,101,4
1628,101,5
1629,101,17
1630,101,18
1631,101,19
1632,101,20
1633,101,21
1634,101,22
1635,101,23
1636,102,0
1637,102,1
1638,102,2
1639,102,3
1640,102,4
1641,102,5
1642,102,17
1643,102,18
1644,102,19
1645,102,20
1646,102,21
1647,102,22
1648,102,23
1649,103,0
1650,103,1
1651,103,2
1652,103,3
1653,103,4
1654,103,5
1655,103,17
1656,103,18
1657,103,19
1658,103,20
1659,103,21
1660,103,22
1661,103,23
1662,104,0
1663,104,1
1664,104,2
1665,104,3
1666,104,4
1667,104,17
1668,104,18
1669,104,19
1670,104,20
1671,104,21
1672,104,22
1673,104,23
1674,105,0
1675,105,1
1676,105,2
1677,105,3
1678,105,4
1679,105,17
1680,105,18
1681,105,19
1682,105,20
1683,105,21
1684,105,22
1685,105,23
1686,106,0
1687,106,1
1688,106,2
1689,106,3
1690,106,4
1691,106,17
1692,106,18
1693,106,19
1694,106,20
1695,106,21
1696,106,22
1697,106,23
1698,107,0
1699,107,1
1700,107,2
1701,107,3
1702,107,4
1703,107,17
1704,107,18
1705,107,19
1706,107,20
1707,107,21
1708,107,22
1709,107,23
1710,108,0
1711,108,1
1712,108,2
1713,108,3
1714,108,4
1715,108,17
1716,108,18
1717,108,19
1718,108,20
1719,108,21
1720,108,22
1721,108,23
1722,109,0
1723,109,1
1724,109,2
1725,109,3
1726,109,4
1727,109,17
1728,109,18
1729,109,19
1730,109,20
1731,109,21
1732,109,22
1733,109,23
1734,110,0
1735,110,1
1736,110,2
1737,110,3
1738,110,4
1739,110,17
1740,110,18
1741,110,19
1742,110,20
1743,110,21
1744,110,22
1745,110,23
1746,111,0
1747,111,1
1748,111,2
1749,111,3
1750,111,4
1751,111,17
1752,111,18
1753,111,19
1754,111,20
1755,111,21
1756,111,22
1757,111,23
1758,112,0
1759,112,1
1760,112,2
1761,112,3
1762,112,4
1763,112,17
1764,112,18
1765,112,19
1766,112,20
1767,112,21
1768,112,22
1769,112,23
1770,113,0
1771,113,1
1772,113,2
1773,113,3
1774,113,4
1775,113,17
1776,113,18
1777,113,19
1778,113,20
1779,113,21
1780,113,22
1781,113,23
1782,114,0
1783,114,1
1784,114,2
1785,114,3
1786,114,4
1787,114,17
1788,114,18
1789,114,19
1790,114,20
1791,114,21
1792,114,22
1793,114,23
1794,115,0
1795,115,1
1796,115,2
1797,115,3
1798,115,4
1799,115,17
1800,115,18
1801,115,19
1802,115,20
1803,115,21
1804,115,22
1805,115,23
1806,116,0
1807,116,1
1808,116,2
1809,116,3
1810,116,4
1811,116,17
1812,116,18
1813,116,19
1814,116,20
1815,116,21
1816,116,22
1817,116,23
1818,117,0
1819,117,1
1820,117,2
1821,117,3
1822,117,4
1823,117,17
1824,117,18
1825,117,19
1826,117,20
1827,117,21
1828,117,22
1829,117,23
1830,118,0
1831,118,1
1832,118,2
1833,118,3
1834,118,4
1835,118,17
1836,118,18
1837,118,19
1838,118,20
1839,118,21
1840,118,22
1841,118,23
1842,119,0
1843,119,1
1844,119,2
1845,119,3
1846,119,4
1847,119,17
1848,119,18
1849,119,19
1850,119,20
1851,119,21
1852,119,22
1853,119,23
1854,120,0
1855,120,1
1856,120,2
1857,120,3
1858,120,4
1859,120,17
1860,120,18
1861,120,19
1862,120,20
1863,120,21
1864,120,22
1865,120,23
1866,121,0
1867,121,1
1868,121,2
1869,121,3
1870,121,4
1871,121,17
1872,121,18
1873,121,19
1874,121,20
1875,121,21
1876,121,22
1877,121,23
1878,122,0
1879,122,1
1880,122,2
1881,122,3
1882,122,4
1883,122,17
1884,122,18
1885,122,19
1886,122,20
1887,122,21
1888,122,22
1889,122,23
1890,123,0
1891,123,1
1892,123,2
1893,123,3
1894,123,4
1895,123,17
1896,123,18
1897,123,19
1898,123,20
1899,123,21
1900,123,22
1901,123,23
1902,124,0
1903,124,1
1904,124,2
1905,124,3
1906,124,4
1907,124,17
1908,124,18
1909,124,19
1910,124,20
1911,124,21
1912,124,22
1913,124,23
1914,125,0
1915,125,1
1916,125,2
1917,125,3
1918,125,4
1919,125,17
1920,125,18
1921,125,19
1922,125,20
1923,125,21
1924,125,22
1925,125,23
1926,126,0
1927,126,1
1928,126,2
1929,126,3
1930,126,4
1931,126,18
1932,126,19
1933,126,20
1934,126,21
1935,126,22
1936,126,23
1937,127,0
1938,127,1
1939,127,2
1940,127,3
1941,127,4
1942,127,18
1943,127,19
1944,127,20
1945,127,21
1946,127,22
1947,127,23
1948,128,0
1949,128,1
1950,128,2
1951,128,3
1952,128,4
1953,128,18
1954,128,19
1955,128,20
1956,128,21
1957,128,22
1958,128,23
1959,129,0
1960,129,1
1961,129,2
1962,129,3
1963,129,4
1964,129,18
1965,129,19
1966,129,20
1967,129,21
1968,129,22
1969,129,23
1970,130,0
1971,130,1
1972,130,2
1973,130,3
1974,130,4
1975,130,18
1976,130,19
1977,130,20
1978,130,21
1979,130,22
1980,130,23
1981,131,0
1982,131,1
1983,131,2
1984,131,3
1985,131,4
1986,131,18
1987,131,19
1988,131,20
1989,131,21
1990,131,22
1991,131,23
1992,132,0
1993,132,1
1994,132,2
1995,132,3
1996,132,4
1997,132,18
1998,132,19
1999,132,20
2000,132,21
2001,132,22
2002,132,23
2003,133,0
2004,133,1
2005,133,2
2006,133,3
2007,133,4
2008,133,18
2009,133,19
2010,133,20
2011,133,21
2012,133,22
2013,133,23
2014,134,0
2015,134,1
2016,134,2
2017,134,3
2018,134,4
2019,134,18
2020,134,19
2021,134,20
2022,134,21
2023,134,22
2024,134,23
2025,135,0
2026,135,1
2027,135,2
2028,135,3
2029,135,18
2030,135,19
2031,135,20
2032,135,21
2033,135,22
2034,135,23
2035,136,0
2036,136,1
2037,136,2
2038,136,3
2039,136,4
2040,136,18
2041,136,19
2042,136,20
2043,136,21
2044,136,22
2045,136,23
2046,137,0
2047,137,1
2048,137,2
2049,137,3
2050,137,18
2051,137,19
2052,137,20
2053,137,21
2054,137,22
2055,137,23
2056,138,0
2057,138,1
2058,138,2
2059,138,3
2060,138,18
2061,138,19
2062,138,20
2063,138,21
2064,138,22
2065,138,23
2066,139,0
2067,139,1
2068,139,2
2069,139,3
2070,139,18
2071,139,19
2072,139,20
2073,139,21
2074,139,22
2075,139,23
2076,140,0
2077,140,1
2078,140,2
2079,140,3
2080,140,18
2081,140,19
2082,140,20
2083,140,21
2084,140,22
2085,140,23
2086,141,0
2087,141,1
2088,141,2
2089,141,3
2090,141,18
2091,141,19
2092,141,20
2093,141,21
2094,141,22
2095,141,23
2096,142,0
2097,142,1
2098,142,2
2099,142,3
2100,142,18
2101,142,19
2102,142,20
2103,142,21
2104,142,22
2105,142,23
2106,143,0
2107,143,1
2108,143,2
2109,143,3
2110,143,18
2111,143,19
2112,143,20
2113,143,21
2114,143,22
2115,143,23
2116,144,0
2117,144,1
2118,144,2
2119,144,3
2120,144,18
2121,144,19
2122,144,20
2123,144,21
2124,144,22
2125,144,23
2126,145,0
2127,145,1
2128,145,2
2129,145,3
2130,145,18
2131,145,19
2132,145,20
2133,145,21
2134,145,22
2135,145,23
2136,146,0
2137,146,1
2138,146,2
2139,146,3
2140,146,18
2141,146,19
2142,146,20
2143,146,21
2144,146,22
2145,146,23
2146,147,0
2147,147,1
2148,147,2
2149,147,3
2150,147,18
2151,147,19
2152,147,20
2153,147,21
2154,147,22
2155,147,23
2156,148,0
2157,148,1
2158,148,2
2159,148,3
2160,148,18
2161,148,19
2162,148,20
2163,148,21
2164,148,22
2165,148,23
2166,149,0
2167,149,1
2168,149,2
2169,149,3
2170,149,18
2171,149,19
2172,149,20
2173,149,21
2174,149,22
2175,149,23
2176,150,0
2177,150,1
2178,150,2
2179,150,3
2180,150,18
2181,150,19
2182,150,20
2183,150,21
2184,150,22
2185,150,23
2186,151,0
2187,151,1
2188,151,2
2189,151,3
2190,151,18
2191,151,19
2192,151,20
2193,151,21
2194,151,22
2195,151,23
2196,152,0
2197,152,1
2198,152,2
2199,152,3
2200,152,18
2201,152,19
2202,152,20
2203,152,21
2204,152,22
2205,152,23
2206,153,0
2207,153,1
2208,153,2
2209,153,3
2210,153,18
2211,153,19
2212,153,20
2213,153,21
2214,153,22
2215,153,23
2216,154,0
2217,154,1
2218,154,2
2219,154,3
2220,154,18
2221,154,19
2222,154,20
2223,154,21
2224,154,22
2225,154,23
2226,155,0
2227,155,1
2228,155,2
2229,155,3
2230,155,18
2231,155,19
2232,155,20
2233,155,21
2234,155,22
2235,155,23
2236,156,0
2237,156,1
2238,156,2
2239,156,3
2240,156,18
2241,156,19
2242,156,20
2243,156,21
2244,156,22
2245,156,23
2246,157,0
2247,157,1
2248,157,2
2249,157,3
2250,157,18
2251,157,19
2252,157,20
2253,157,21
2254,157,22
2255,157,23
2256,158,0
2257,158,1
2258,158,2
2259,158,3
2260,158,18
2261,158,19
2262,158,20
2263,158,21
2264,158,22
2265,158,23
2266,159,0
2267,159,1
2268,159,2
2269,159,3
2270,159,18
2271,159,19
2272,159,20
2273,159,21
2274,159,22
2275,159,23
2276,160,0
2277,160,1
2278,160,2
2279,160,3
2280,160,18
2281,160,19
2282,160,20
2283,160,21
2284,160,22
2285,160,23
2286,161,0
2287,161,1
2288,161,2
2289,161,3
2290,161,18
2291,161,19
2292,161,20
2293,161,21
2294,161,22
2295,161,23
2296,162,0
2297,162,1
2298,162,2
2299,162,3
2300,162,18
2301,162,19
2302,162,20
2303,162,21
2304,162,22
2305,162,23
2306,163,0
2307,163,1
2308,163,2
2309,163,3
2310,163,18
2311,163,19
2312,163,20
2313,163,21
2314,163,22
2315,163,23
2316,164,0
2317,164,1
2318,164,2
2319,164,3
2320,164,18
2321,164,19
2322,164,20
2323,164,21
2324,164,22
2325,164,23
2326,165,0
2327,165,1
2328,165,2
2329,165,3
2330,165,18
2331,165,19
2332,165,20
2333,165,21
2334,165,22
2335,165,23
2336,166,0
2337,166,1
2338,166,2
2339,166,3
2340,166,18
2341,166,19
2342,166,20
2343,166,21
2344,166,22
2345,166,23
2346,167,0
2347,167,1
2348,167,2
2349,167,3
2350,167,18
2351,167,19
2352,167,20
2353,167,21
2354,167,22
2355,167,23
2356,168,0
2357,168,1
2358,168,2
2359,168,3
2360,168,18
2361,168,19
2362,168,20
2363,168,21
2364,168,22
2365,168,23
2366,169,0
2367,169,1
2368,169,2
2369,169,3
2370,169,18
2371,169,19
2372,169,20
2373,169,21
2374,169,22
2375,169,23
2376,170,0
2377,170,1
2378,170,2
2379,170,3
2380,170,18
2381,170,19
2382,170,20
2383,170,21
2384,170,22
2385,170,23
2386,171,0
2387,171,1
2388,171,2
2389,171,3
2390,171,18
2391,171,19
2392,171,20
2393,171,21
2394,171,22
2395,171,23
2396,172,0
2397,172,1
2398,172,2
2399,172,3
2400,172,18
2401,172,19
2402,172,20
2403,172,21
2404,172,22
2405,172,23
2406,173,0
2407,173,1
2408,173,2
2409,173,3
2410,173,18
2411,173,19
2412,173,20
2413,173,21
2414,173,22
2415,173,23
2416,174,0
2417,174,1
2418,174,2
2419,174,3
2420,174,18
2421,174,19
2422,174,20
2423,174,21
2424,174,22
2425,174,23
2426,175,0
2427,175,1
2428,175,2
2429,175,3
2430,175,18
2431,175,19
2432,175,20
2433,175,21
2434,175,22
2435,175,23
2436,176,0
2437,176,1
2438,176,2
2439,176,3
2440,176,18
2441,176,19
2442,176,20
2443,176,21
2444,176,22
2445,176,23
2446,177,0
2447,177,1
2448,177,2
2449,177,3
2450,177,18
2451,177,19
2452,177,20
2453,177,21
2454,177,22
2455,177,23
2456,178,0
2457,178,1
2458,178,2
2459,178,3
2460,178,18
2461,178,19
2462,178,20
2463,178,21
2464,178,22
2465,178,23
2466,179,0
2467,179,1
2468,179,2
2469,179,3
2470,179,18
2471,179,19
2472,179,20
2473,179,21
2474,179,22
2475,179,23
2476,180,0
2477,180,1
2478,180,2
2479,180,3
2480,180,18
2481,180,19
2482,180,20
2483,180,21
2484,180,22
2485,180,23
2486,181,0
2487,181,1
2488,181,2
2489,181,3
2490,181,18
2491,181,19
2492,181,20
2493,181,21
2494,181,22
2495,181,23
2496,182,0
2497,182,1
2498,182,2
2499,182,3
2500,182,18
2501,182,19
2502,182,20
2503,182,21
2504,182,22
2505,182,23
2506,183,0
2507,183,1
2508,183,2
2509,183,3
2510,183,18
2511,183,19
2512,183,20
2513,183,21
2514,183,22
2515,183,23
2516,184,0
2517,184,1
2518,184,2
2519,184,3
2520,184,18
2521,184,19
2522,184,20
2523,184,21
2524,184,22
2525,184,23
2526,185,0
2527,185,1
2528,185,2
2529,185,3
2530,185,18
2531,185,19
2532,185,20
2533,185,21
2534,185,22
2535,185,23
2536,186,0
2537,186,1
2538,186,2
2539,186,3
2540,186,18
2541,186,19
2542,186,20
2543,186,21
2544,186,22
2545,186,23
2546,187,0
2547,187,1
2548,187,2
2549,187,3
2550,187,18
2551,187,19
2552,187,20
2553,187,21
2554,187,22
2555,187,23
2556,188,0
2557,188,1
2558,188,2
2559,188,3
2560,188,18
2561,188,19
2562,188,20
2563,188,21
2564,188,22
2565,188,23
2566,189,0
2567,189,1
2568,189,2
2569,189,3
2570,189,18
2571,189,19
2572,189,20
2573,189,21
2574,189,22
2575,189,23
2576,190,0
2577,190,1
2578,190,2
2579,190,3
2580,190,18
2581,190,19
2582,190,20
2583,190,21
2584,190,22
2585,190,23
2586,191,0
2587,191,1
2588,191,2
2589,191,3
2590,191,18
2591,191,19
2592,191,20
2593,191,21
2594,191,22
2595,191,23
2596,192,0
2597,192,1
2598,192,2
2599,192,3
2600,192,18
2601,192,19
2602,192,20
2603,192,21
2604,192,22
2605,192,23
2606,193,0
2607,193,1
2608,193,2
2609,193,3
2610,193,18
2611,193,19
2612,193,20
2613,193,21
2614,193,22
2615,193,23
2616,194,0
2617,194,1
2618,194,2
2619,194,3
2620,194,18
2621,194,19
2622,194,20
2623,194,21
2624,194,22
2625,194,23
2626,195,0
2627,195,1
2628,195,2
2629,195,3
2630,195,18
2631,195,19
2632,195,20
2633,195,21
2634,195,22
2635,195,23
2636,196,0
2637,196,1
2638,196,2
2639,196,3
2640,196,18
2641,196,19
2642,196,20
2643,196,21
2644,196,22
2645,196,23
2646,197,0
2647,197,1
2648,197,2
2649,197,3
2650,197,18
2651,197,19
2652,197,20
2653,197,21
2654,197,22
2655,197,23
2656,198,0
2657,198,1
2658,198,2
2659,198,3
2660,198,18
2661,198,19
2662,198,20
2663,198,21
2664,198,22
2665,198,23
2666,199,0
2667,199,1
2668,199,2
2669,199,3
2670,199,18
2671,199,19
2672,199,20
2673,199,21
2674,199,22
2675,199,23
2676,200,0
2677,200,1
2678,200,2
2679,200,3
2680,200,18
2681,200,19
2682,200,20
2683,200,21
2684,200,22
2685,200,23
2686,201,0
2687,201,1
2688,201,2
2689,201,3
2690,201,18
2691,201,19
2692,201,20
2693,201,21
2694,201,22
2695,201,23
2696,202,0
2697,202,1
2698,202,2
2699,202,3
2700,202,18
2701,202,19
2702,202,20
2703,202,21
2704,202,22
2705,202,23
2706,203,0
2707,203,1
2708,203,2
2709,203,3
2710,203,18
2711,203,19
2712,203,20
2713,203,21
2714,203,22
2715,203,23
2716,204,0
2717,204,1
2718,204,2
2719,204,3
2720,204,18
2721,204,19
2722,204,20
2723,204,21
2724,204,22
2725,204,23
2726,205,0
2727,205,1
2728,205,2
2729,205,3
2730,205,18
2731,205,19
2732,205,20
2733,205,21
2734,205,22
2735,205,23
2736,206,0
2737,206,1
2738,206,2
2739,206,3
2740,206,18
2741,206,19
2742,206,20
2743,206,21
2744,206,22
2745,206,23
2746,207,0
2747,207,1
2748,207,2
2749,207,3
2750,207,18
2751,207,19
2752,207,20
2753,207,21
2754,207,22
2755,207,23
2756,208,0
2757,208,1
2758,208,2
2759,208,3
2760,208,18
2761,208,19
2762,208,20
2763,208,21
2764,208,22
2765,208,23
2766,209,0
2767,209,1
2768,209,2
2769,209,3
2770,209,18
2771,209,19
2772,209,20
2773,209,21
2774,209,22
2775,209,23
2776,210,0
2777,210,1
2778,210,2
2779,210,3
2780,210,4
2781,210,18
2782,210,19
2783,210,20
2784,210,21
2785,210,22
2786,210,23
2787,211,0
2788,211,1
2789,211,2
2790,211,3
2791,211,4
2792,211,18
2793,211,19
2794,211,20
2795,211,21
2796,211,22
2797,211,23
2798,212,0
2799,212,1
2800,212,2
2801,212,3
2802,212,4
2803,212,18
2804,212,19
2805,212,20
2806,212,21
2807,212,22
2808,212,23
2809,213,0
2810,213,1
2811,213,2
2812,213,3
2813,213,4
2814,213,18
2815,213,19
2816,213,20
2817,213,21
2818,213,22
2819,213,23
2820,214,0
2821,214,1
2822,214,2
2823,214,3
2824,214,4
2825,214,18
2826,214,19
2827,214,20
2828,214,21
2829,214,22
2830,214,23
2831,215,0
2832,215,1
2833,215,2
2834,215,3
2835,215,4
2836,215,18
2837,215,19
2838,215,20
2839,215,21
2840,215,22
2841,215,23
2842,216,0
2843,216,1
2844,216,2
2845,216,3
2846,216,4
2847,216,18
2848,216,19
2849,216,20
2850,216,21
2851,216,22
2852,216,23
2853,217,0
2854,217,1
2855,217,2
2856,217,3
2857,217,4
2858,217,18
2859,217,19
2860,217,20
2861,217,21
2862,217,22
2863,217,23
2864,218,0
2865,218,1
2866,218,2
2867,218,3
2868,218,4
2869,218,18
2870,218,19
2871,218,20
2872,218,21
2873,218,22
2874,218,23
2875,219,0
2876,219,1
2877,219,2
2878,219,3
2879,219,4
2880,219,18
2881,219,19
2882,219,20
2883,219,21
2884,219,22
2885,219,23
2886,220,0
2887,220,1
2888,220,2
2889,220,3
2890,220,4
2891,220,18
2892,220,19
2893,220,20
2894,220,21
2895,220,22
2896,220,23
2897,221,0
2898,221,1
2899,221,2
2900,221,3
2901,221,4
2902,221,17
2903,221,18
2904,221,19
2905,221,20
2906,221,21
2907,221,22
2908,221,23
2909,222,0
2910,222,1
2911,222,2
2912,222,3
2913,222,4
2914,222,17
2915,222,18
2916,222,19
2917,222,20
2918,222,21
2919,222,22
2920,222,23
2921,223,0
2922,223,1
2923,223,2
2924,223,3
2925,223,4
2926,223,17
2927,223,18
2928,223,19
2929,223,20
2930,223,21
2931,223,22
2932,223,23
2933,224,0
2934,224,1
2935,224,2
2936,224,3
2937,224,4
2938,224,17
2939,224,18
2940,224,19
2941,224,20
2942,224,21
2943,224,22
2944,224,23
2945,225,0
2946,225,1
2947,225,2
2948,225,3
2949,225,4
2950,225,17
2951,225,18
2952,225,19
2953,225,20
2954,225,21
2955,225,22
2956,225,23
2957,226,0
2958,226,1
2959,226,2
2960,226,3
2961,226,4
2962,226,17
2963,226,18
2964,226,19
2965,226,20
2966,226,21
2967,226,22
2968,226,23
2969,227,0
2970,227,1
2971,227,2
2972,227,3
2973,227,4
2974,227,17
2975,227,18
2976,227,19
2977,227,20
2978,227,21
2979,227,22
2980,227,23
2981,228,0
2982,228,1
2983,228,2
2984,228,3
2985,228,4
2986,228,17
2987,228,18
2988,228,19
2989,228,20
2990,228,21
2991,228,22
2992,228,23
2993,229,0
2994,229,1
2995,229,2
2996,229,3
2997,229,4
2998,229,17
2999,229,18
3000,229,19
3001,229,20
3002,229,21
3003,229,22
3004,229,23
3005,230,0
3006,230,1
3007,230,2
3008,230,3
3009,230,4
3010,230,17
3011,230,18
3012,230,19
3013,230,20
3014,230,21
3015,230,22
3016,230,23
3017,231,0
3018,231,1
3019,231,2
3020,231,3
3021,231,4
3022,231,17
3023,231,18
3024,231,19
3025,231,20
3026,231,21
3027,231,22
3028,231,23
3029,232,0
3030,232,1
3031,232,2
3032,232,3
3033,232,4
3034,232,17
3035,232,18
3036,232,19
3037,232,20
3038,232,21
3039,232,22
3040,232,23
3041,233,0
3042,233,1
3043,233,2
3044,233,3
3045,233,4
3046,233,17
3047,233,18
3048,233,19
3049,233,20
3050,233,21
3051,233,22
3052,233,23
3053,234,0
3054,234,1
3055,234,2
3056,234,3
3057,234,4
3058,234,17
3059,234,18
3060,234,19
3061,234,20
3062,234,21
3063,234,22
3064,234,23
3065,235,0
3066,235,1
3067,235,2
3068,235,3
3069,235,4
3070,235,17
3071,235,18
3072,235,19
3073,235,20
3074,235,21
3075,235,22
3076,235,23
3077,236,0
3078,236,1
3079,236,2
3080,236,3
3081,236,4
3082,236,17
3083,236,18
3084,236,19
3085,236,20
3086,236,21
3087,236,22
3088,236,23
3089,237,0
3090,237,1
3091,237,2
3092,237,3
3093,237,4
3094,237,17
3095,237,18
3096,237,19
3097,237,20
3098,237,21
3099,237,22
3100,237,23
3101,238,0
3102,238,1
3103,238,2
3104,238,3
3105,238,4
3106,238,17
3107,238,18
3108,238,19
3109,238,20
3110,238,21
3111,238,22
3112,238,23
3113,239,0
3114,239,1
3115,239,2
3116,239,3
3117,239,4
3118,239,17
3119,239,18
3120,239,19
3121,239,20
3122,239,21
3123,239,22
3124,239,23
3125,240,0
3126,240,1
3127,240,2
3128,240,3
3129,240,4
3130,240,17
3131,240,18
3132,240,19
3133,240,20
3134,240,21
3135,240,22
3136,240,23
3137,241,0
3138,241,1
3139,241,2
3140,241,3
3141,241,4
3142,241,17
3143,241,18
3144,241,19
3145,241,20
3146,241,21
3147,241,22
3148,241,23
3149,242,0
3150,242,1
3151,242,2
3152,242,3
3153,242,4
3154,242,17
3155,242,18
3156,242,19
3157,242,20
3158,242,21
3159,242,22
3160,242,23
3161,243,0
3162,243,1
3163,243,2
3164,243,3
3165,243,4
3166,243,17
3167,243,18
3168,243,19
3169,243,20
3170,243,21
3171,243,22
3172,243,23
3173,244,0
3174,244,1
3175,244,2
3176,244,3
3177,244,4
3178,244,17
3179,244,18
3180,244,19
3181,244,20
3182,244,21
3183,244,22
3184,244,23
3185,245,0
3186,245,1
3187,245,2
3188,245,3
3189,245,4
3190,245,17
3191,245,18
3192,245,19
3193,245,20
3194,245,21
3195,245,22
3196,245,23
3197,246,0
3198,246,1
3199,246,2
3200,246,3
3201,246,4
3202,246,17
3203,246,18
3204,246,19
3205,246,20
3206,246,21
3207,246,22
3208,246,23
3209,247,0
3210,247,1
3211,247,2
3212,247,3
3213,247,4
3214,247,17
3215,247,18
3216,247,19
3217,247,20
3218,247,21
3219,247,22
3220,247,23
3221,248,0
3222,248,1
3223,248,2
3224,248,3
3225,248,4
3226,248,17
3227,248,18
3228,248,19
3229,248,20
3230,248,21
3231,248,22
3232,248,23
3233,249,0
3234,249,1
3235,249,2
3236,249,3
3237,249,4
3238,249,17
3239,249,18
3240,249,19
3241,249,20
3242,249,21
3243,249,22
3244,249,23
3245,250,0
3246,250,1
3247,250,2
3248,250,3
3249,250,4
3250,250,5
3251,250,17
3252,250,18
3253,250,19
3254,250,20
3255,250,21
3256,250,22
3257,250,23
3258,251,0
3259,251,1
3260,251,2
3261,251,3
3262,251,4
3263,251,5
3264,251,17
3265,251,18
3266,251,19
3267,251,20
3268,251,21
3269,251,22
3270,251,23
3271,252,0
3272,252,1
3273,252,2
3274,252,3
3275,252,4
3276,252,5
3277,252,17
3278,252,18
3279,252,19
3280,252,20
3281,252,21
3282,252,22
3283,252,23
3284,253,0
3285,253,1
3286,253,2
3287,253,3
3288,253,4
3289,253,5
3290,253,17
3291,253,18
3292,253,19
3293,253,20
3294,253,21
3295,253,22
3296,253,23
3297,254,0
3298,254,1
3299,254,2
3300,254,3
3301,254,4
3302,254,5
3303,254,17
3304,254,18
3305,254,19
3306,254,20
3307,254,21
3308,254,22
3309,254,23
3310,255,0
3311,255,1
3312,255,2
3313,255,3
3314,255,4
3315,255,5
3316,255,17
3317,255,18
3318,255,19
3319,255,20
3320,255,21
3321,255,22
3322,255,23
3323,256,0
3324,256,1
3325,256,2
3326,256,3
3327,256,4
3328,256,5
3329,256,17
3330,256,18
3331,256,19
3332,256,20
3333,256,21
3334,256,22
3335,256,23
3336,257,0
3337,257,1
3338,257,2
3339,257,3
3340,257,4
3341,257,5
3342,257,16
3343,257,17
3344,257,18
3345,257,19
3346,257,20
3347,257,21
3348,257,22
3349,257,23
3350,258,0
3351,258,1
3352,258,2
3353,258,3
3354,258,4
3355,258,5
3356,258,17
3357,258,18
3358,258,19
3359,258,20
3360,258,21
3361,258,22
3362,258,23
3363,259,0
3364,259,1
3365,259,2
3366,259,3
3367,259,4
3368,259,5
3369,259,16
3370,259,17
3371,259,18
3372,259,19
3373,259,20
3374,259,21
3375,259,22
3376,259,23
3377,260,0
3378,260,1
3379,260,2
3380,260,3
3381,260,4
3382,260,5
3383,260,16
3384,260,17
3385,260,18
3386,260,19
3387,260,20
3388,260,21
3389,260,22
3390,260,23
3391,261,0
3392,261,1
3393,261,2
3394,261,3
3395,261,4
3396,261,5
3397,261,16
3398,261,17
3399,261,18
3400,261,19
3401,261,20
3402,261,21
3403,261,22
3404,261,23
3405,262,0
3406,262,1
3407,262,2
3408,262,3
3409,262,4
3410,262,5
3411,262,16
3412,262,17
3413,262,18
3414,262,19
3415,262,20
3416,262,21
3417,262,22
3418,262,23
3419,263,0
3420,263,1
3421,263,2
3422,263,3
3423,263,4
3424,263,5
3425,263,16
3426,263,17
3427,263,18
3428,263,19
3429,263,20
3430,263,21
3431,263,22
3432,263,23
3433,264,0
3434,264,1
3435,264,2
3436,264,3
3437,264,4
3438,264,5
3439,264,16
3440,264,17
3441,264,18
3442,264,19
3443,264,20
3444,264,21
3445,264,22
3446,264,23
3447,265,0
3448,265,1
3449,265,2
3450,265,3
3451,265,4
3452,265,5
3453,265,16
3454,265,17
3455,265,18
3456,265,19
3457,265,20
3458,265,21
3459,265,22
3460,265,23
3461,266,0
3462,266,1
3463,266,2
3464,266,3
3465,266,4
3466,266,5
3467,266,16
3468,266,17
3469,266,18
3470,266,19
3471,266,20
3472,266,21
3473,266,22
3474,266,23
3475,267,0
3476,267,1
3477,267,2
3478,267,3
3479,267,4
3480,267,5
3481,267,16
3482,267,17
3483,267,18
3484,267,19
3485,267,20
3486,267,21
3487,267,22
3488,267,23
3489,268,0
3490,268,1
3491,268,2
3492,268,3
3493,268,4
3494,268,5
3495,268,16
3496,268,17
3497,268,18
3498,268,19
3499,268,20
3500,268,21
3501,268,22
3502,268,23
3503,269,0
3504,269,1
3505,269,2
3506,269,3
3507,269,4
3508,269,5
3509,269,16
3510,269,17
3511,269,18
3512,269,19
3513,269,20
3514,269,21
3515,269,22
3516,269,23
3517,270,0
3518,270,1
3519,270,2
3520,270,3
3521,270,4
3522,270,5
3523,270,16
3524,270,17
3525,270,18
3526,270,19
3527,270,20
3528,270,21
3529,270,22
3530,270,23
3531,271,0
3532,271,1
3533,271,2
3534,271,3
3535,271,4
3536,271,5
3537,271,16
3538,271,17
3539,271,18
3540,271,19
3541,271,20
3542,271,21
3543,271,22
3544,271,23
3545,272,0
3546,272,1
3547,272,2
3548,272,3
3549,272,4
3550,272,5
3551,272,16
3552,272,17
3553,272,18
3554,272,19
3555,272,20
3556,272,21
3557,272,22
3558,272,23
3559,273,0
3560,273,1
3561,273,2
3562,273,3
3563,273,4
3564,273,5
3565,273,16
3566,273,17
3567,273,18
3568,273,19
3569,273,20
3570,273,21
3571,273,22
3572,273,23
3573,274,0
3574,274,1
3575,274,2
3576,274,3
3577,274,4
3578,274,5
3579,274,16
3580,274,17
3581,274,18
3582,274,19
3583,274,20
3584,274,21
3585,274,22
3586,274,23
3587,275,0
3588,275,1
3589,275,2
3590,275,3
3591,275,4
3592,275,5
3593,275,16
3594,275,17
3595,275,18
3596,275,19
3597,275,20
3598,275,21
3599,275,22
3600,275,23
3601,276,0
3602,276,1
3603,276,2
3604,276,3
3605,276,4
3606,276,5
3607,276,6
3608,276,16
3609,276,17
3610,276,18
3611,276,19
3612,276,20
3613,276,21
3614,276,22
3615,276,23
3616,277,0
3617,277,1
3618,277,2
3619,277,3
3620,277,4
3621,277,5
3622,277,6
3623,277,16
3624,277,17
3625,277,18
3626,277,19
3627,277,20
3628,277,21
3629,277,22
3630,277,23
3631,278,0
3632,278,1
3633,278,2
3634,278,3
3635,278,4
3636,278,5
3637,278,6
3638,278,16
3639,278,17
3640,278,18
3641,278,19
3642,278,20
3643,278,21
3644,278,22
3645,278,23
3646,279,0
3647,279,1
3648,279,2
3649,279,3
3650,279,4
3651,279,5
3652,279,6
3653,279,16
3654,279,17
3655,279,18
3656,279,19
3657,279,20
3658,279,21
3659,279,22
3660,279,23
3661,280,0
3662,280,1
3663,280,2
3664,280,3
3665,280,4
3666,280,5
3667,280,6
3668,280,16
3669,280,17
3670,280,18
3671,280,19
3672,280,20
3673,280,21
3674,280,22
3675,280,23
3676,281,0
3677,281,1
3678,281,2
3679,281,3
3680,281,4
3681,281,5
3682,281,6
3683,281,16
3684,281,17
3685,281,18
3686,281,19
3687,281,20
3688,281,21
3689,281,22
3690,281,23
3691,282,0
3692,282,1
3693,282,2
3694,282,3
3695,282,4
3696,282,5
3697,282,6
3698,282,16
3699,282,17
3700,282,18
3701,282,19
3702,282,20
3703,282,21
3704,282,22
3705,282,23
3706,283,0
3707,283,1
3708,283,2
3709,283,3
3710,283,4
3711,283,5
3712,283,6
3713,283,16
3714,283,17
3715,283,18
3716,283,19
3717,283,20
3718,283,21
3719,283,22
3720,283,23
3721,284,0
3722,284,1
3723,284,2
3724,284,3
3725,284,4
3726,284,5
3727,284,6
3728,284,16
3729,284,17
3730,284,18
3731,284,19
3732,284,20
3733,284,21
3734,284,22
3735,284,23
3736,285,0
3737,285,1
3738,285,2
3739,285,3
3740,285,4
3741,285,5
3742,285,6
3743,285,16
3744,285,17
3745,285,18
3746,285,19
3747,285,20
3748,285,21
3749,285,22
3750,285,23
3751,286,0
3752,286,1
3753,286,2
3754,286,3
3755,286,4
3756,286,5
3757,286,6
3758,286,16
3759,286,17
3760,286,18
3761,286,19
3762,286,20
3763,286,21
3764,286,22
3765,286,23
3766,287,0
3767,287,1
3768,287,2
3769,287,3
3770,287,4
3771,287,5
3772,287,6
3773,287,16
3774,287,17
3775,287,18
3776,287,19
3777,287,20
3778,287,21
3779,287,22
3780,287,23
3781,288,0
3782,288,1
3783,288,2
3784,288,3
3785,288,4
3786,288,5
3787,288,6
3788,288,16
3789,288,17
3790,288,18
3791,288,19
3792,288,20
3793,288,21
3794,288,22
3795,288,23
3796,289,0
3797,289,1
3798,289,2
3799,289,3
3800,289,4
3801,289,5
3802,289,6
3803,289,16
3804,289,17
3805,289,18
3806,289,19
3807,289,20
3808,289,21
3809,289,22
3810,289,23
3811,290,0
3812,290,1
3813,290,2
3814,290,3
3815,290,4
3816,290,5
3817,290,6
3818,290,15
3819,290,16
3820,290,17
3821,290,18
3822,290,19
3823,290,20
3824,290,21
3825,290,22
3826,290,23
3827,291,0
3828,291,1
3829,291,2
3830,291,3
3831,291,4
3832,291,5
3833,291,6
3834,291,15
3835,291,16
3836,291,17
3837,291,18
3838,291,19
3839,291,20
3840,291,21
3841,291,22
3842,291,23
3843,292,0
3844,292,1
3845,292,2
3846,292,3
3847,292,4
3848,292,5
3849,292,6
3850,292,15
3851,292,16
3852,292,17
3853,292,18
3854,292,19
3855,292,20
3856,292,21
3857,292,22
3858,292,23
3859,293,0
3860,293,1
3861,293,2
3862,293,3
3863,293,4
3864,293,5
3865,293,6
3866,293,15
3867,293,16
3868,293,17
3869,293,18
3870,293,19
3871,293,20
3872,293,21
3873,293,22
3874,293,23
3875,294,0
3876,294,1
3877,294,2
3878,294,3
3879,294,4
3880,294,5
3881,294,6
3882,294,15
3883,294,16
3884,294,17
3885,294,18
3886,294,19
3887,294,20
3888,294,21
3889,294,22
3890,294,23
3891,295,0
3892,295,1
3893,295,2
3894,295,3
3895,295,4
3896,295,5
3897,295,6
3898,295,15
3899,295,16
3900,295,17
3901,295,18
3902,295,19
3903,295,20
3904,295,21
3905,295,22
3906,295,23
3907,296,0
3908,296,1
3909,296,2
3910,296,3
3911,296,4
3912,296,5
3913,296,6
3914,296,15
3915,296,16
3916,296,17
3917,296,18
3918,296,19
3919,296,20
3920,296,21
3921,296,22
3922,296,23
3923,297,0
3924,297,1
3925,297,2
3926,297,3
3927,297,4
3928,297,5
3929,297,6
3930,297,15
3931,297,16
3932,297,17
3933,297,18
3934,297,19
3935,297,20
3936,297,21
3937,297,22
3938,297,23
3939,298,0
3940,298,1
3941,298,2
3942,298,3
3943,298,4
3944,298,5
3945,298,6
3946,298,7
3947,298,15
3948,298,16
3949,298,17
3950,298,18
3951,298,19
3952,298,20
3953,298,21
3954,298,22
3955,298,23
3956,299,0
3957,299,1
3958,299,2
3959,299,3
3960,299,4
3961,299,5
3962,299,6
3963,299,7
3964,299,15
3965,299,16
3966,299,17
3967,299,18
3968,299,19
3969,299,20
3970,299,21
3971,299,22
3972,299,23
3973,300,0
3974,300,1
3975,300,2
3976,300,3
3977,300,4
3978,300,5
3979,300,6
3980,300,7
3981,300,15
3982,300,16
3983,300,17
3984,300,18
3985,300,19
3986,300,20
3987,300,21
3988,300,22
3989,300,23
3990,301,0
3991,301,1
3992,301,2
3993,301,3
3994,301,4
3995,301,5
3996,301,6
3997,301,7
3998,301,15
3999,301,16
4000,301,17
4001,301,18
4002,301,19
4003,301,20
4004,301,21
4005,301,22
4006,301,23
4007,302,0
4008,302,1
4009,302,2
4010,302,3
4011,302,4
4012,302,5
4013,302,6
4014,302,7
4015,302,15
4016,302,16
4017,302,17
4018,302,18
4019,302,19
4020,302,20
4021,302,21
4022,302,22
4023,302,23
4024,303,0
4025,303,1
4026,303,2
4027,303,3
4028,303,4
4029,303,5
4030,303,6
4031,303,7
4032,303,15
4033,303,16
4034,303,17
4035,303,18
4036,303,19
4037,303,20
4038,303,21
4039,303,22
4040,303,23
4041,304,0
4042,304,1
4043,304,2
4044,304,3
4045,304,4
4046,304,5
4047,304,6
4048,304,7
4049,304,15
4050,304,16
4051,304,17
4052,304,18
4053,304,19
4054,304,20
4055,304,21
4056,304,22
4057,304,23
4058,305,0
4059,305,1
4060,305,2
4061,305,3
4062,305,4
4063,305,5
4064,305,6
4065,305,7
4066,305,15
4067,305,16
4068,305,17
4069,305,18
4070,305,19
4071,305,20
4072,305,21
4073,305,22
4074,305,23
4075,306,0
4076,306,1
4077,306,2
4078,306,3
4079,306,4
4080,306,5
4081,306,6
4082,306,7
4083,306,15
4084,306,16
4085,306,17
4086,306,18
4087,306,19
4088,306,20
4089,306,21
4090,306,22
4091,306,23
4092,307,0
4093,307,1
4094,307,2
4095,307,3
4096,307,4
4097,307,5
4098,307,6
4099,307,7
4100,307,15
4101,307,16
4102,307,17
4103,307,18
4104,307,19
4105,307,20
4106,307,21
4107,307,22
4108,307,23
4109,308,0
4110,308,1
4111,308,2
4112,308,3
4113,308,4
4114,308,5
4115,308,6
4116,308,7
4117,308,15
4118,308,16
4119,308,17
4120,308,18
4121,308,19
4122,308,20
4123,308,21
4124,308,22
4125,308,23
4126,309,0
4127,309,1
4128,309,2
4129,309,3
4130,309,4
4131,309,5
4132,309,6
4133,309,7
4134,309,15
4135,309,16
4136,309,17
4137,309,18
4138,309,19
4139,309,20
4140,309,21
4141,309,22
4142,309,23
4143,310,0
4144,310,1
4145,310,2
4146,310,3
4147,310,4
4148,310,5
4149,310,6
4150,310,7
4151,310,15
4152,310,16
4153,310,17
4154,310,18
4155,310,19
4156,310,20
4157,310,21
4158,310,22
4159,310,23
4160,311,0
4161,311,1
4162,311,2
4163,311,3
4164,311,4
4165,311,5
4166,311,6
4167,311,7
4168,311,15
4169,311,16
4170,311,17
4171,311,18
4172,311,19
4173,311,20
4174,311,21
4175,311,22
4176,311,23
4177,312,0
4178,312,1
4179,312,2
4180,312,3
4181,312,4
4182,312,5
4183,312,6
4184,312,7
4185,312,15
4186,312,16
4187,312,17
4188,312,18
4189,312,19
4190,312,20
4191,312,21
4192,312,22
4193,312,23
4194,313,0
4195,313,1
4196,313,2
4197,313,3
4198,313,4
4199,313,5
4200,313,6
4201,313,7
4202,313,15
4203,313,16
4204,313,17
4205,313,18
4206,313,19
4207,313,20
4208,313,21
4209,313,22
4210,313,23
4211,314,0
4212,314,1
4213,314,2
4214,314,3
4215,314,4
4216,314,5
4217,314,6
4218,314,7
4219,314,14
4220,314,15
4221,314,16
4222,314,17
4223,314,18
4224,314,19
4225,314,20
4226,314,21
4227,314,22
4228,314,23
4229,315,0
4230,315,1
4231,315,2
4232,315,3
4233,315,4
4234,315,5
4235,315,6
4236,315,7
4237,315,14
4238,315,15
4239,315,16
4240,315,17
4241,315,18
4242,315,19
4243,315,20
4244,315,21
4245,315,22
4246,315,23
4247,316,0
4248,316,1
4249,316,2
4250,316,3
4251,316,4
4252,316,5
4253,316,6
4254,316,7
4255,316,15
4256,316,16
4257,316,17
4258,316,18
4259,316,19
4260,316,20
4261,316,21
4262,316,22
4263,316,23
4264,317,0
4265,317,1
4266,317,2
4267,317,3
4268,317,4
4269,317,5
4270,317,6
4271,317,7
4272,317,14
4273,317,15
4274,317,16
4275,317,17
4276,317,18
4277,317,19
4278,317,20
4279,317,21
4280,317,22
4281,317,23
4282,318,0
4283,318,1
4284,318,2
4285,318,3
4286,318,4
4287,318,5
4288,318,6
4289,318,7
4290,318,14
4291,318,15
4292,318,16
4293,318,17
4294,318,18
4295,318,19
4296,318,20
4297,318,21
4298,318,22
4299,318,23
4300,319,0
4301,319,1
4302,319,2
4303,319,3
4304,319,4
4305,319,5
4306,319,6
4307,319,7
4308,319,14
4309,319,15
4310,319,16
4311,319,17
4312,319,18
4313,319,19
4314,319,20
4315,319,21
4316,319,22
4317,319,23
4318,320,0
4319,320,1
4320,320,2
4321,320,3
4322,320,4
4323,320,5
4324,320,6
4325,320,7
4326,320,8
4327,320,14
4328,320,15
4329,320,16
4330,320,17
4331,320,18
4332,320,19
4333,320,20
4334,320,21
4335,320,22
4336,320,23
4337,321,0
4338,321,1
4339,321,2
4340,321,3
4341,321,4
4342,321,5
4343,321,6
4344,321,7
4345,321,8
4346,321,14
4347,321,15
4348,321,16
4349,321,17
4350,321,18
4351,321,19
4352,321,20
4353,321,21
4354,321,22
4355,321,23
4356,322,0
4357,322,1
4358,322,2
4359,322,3
4360,322,4
4361,322,5
4362,322,6
4363,322,7
4364,322,14
4365,322,15
4366,322,16
4367,322,17
4368,322,18
4369,322,19
4370,322,20
4371,322,21
4372,322,22
4373,322,23
4374,323,0
4375,323,1
4376,323,2
4377,323,3
4378,323,4
4379,323,5
4380,323,6
4381,323,7
4382,323,8
4383,323,14
4384,323,15
4385,323,16
4386,323,17
4387,323,18
4388,323,19
4389,323,20
4390,323,21
4391,323,22
4392,323,23
4393,324,0
4394,324,1
4395,324,2
4396,324,3
4397,324,4
4398,324,5
4399,324,6
4400,324,7
4401,324,14
4402,324,15
4403,324,16
4404,324,17
4405,324,18
4406,324,19
4407,324,20
4408,324,21
4409,324,22
4410,324,23
4411,325,0
4412,325,1
4413,325,2
4414,325,3
4415,325,4
4416,325,5
4417,325,6
4418,325,7
4419,325,8
4420,325,14
4421,325,15
4422,325,16
4423,325,17
4424,325,18
4425,325,19
4426,325,20
4427,325,21
4428,325,22
4429,325,23
4430,326,0
4431,326,1
4432,326,2
4433,326,3
4434,326,4
4435,326,5
4436,326,6
4437,326,7
4438,326,8
4439,326,14
4440,326,15
4441,326,16
4442,326,17
4443,326,18
4444,326,19
4445,326,20
4446,326,21
4447,326,22
4448,326,23
4449,327,0
4450,327,1
4451,327,2
4452,327,3
4453,327,4
4454,327,5
4455,327,6
4456,327,7
4457,327,8
4458,327,14
4459,327,15
4460,327,16
4461,327,17
4462,327,18
4463,327,19
4464,327,20
4465,327,21
4466,327,22
4467,327,23
4468,328,0
4469,328,1
4470,328,2
4471,328,3
4472,328,4
4473,328,5
4474,328,6
4475,328,7
4476,328,8
4477,328,14
4478,328,15
4479,328,16
4480,328,17
4481,328,18
4482,328,19
4483,328,20
4484,328,21
4485,328,22
4486,328,23
4487,329,0
4488,329,1
4489,329,2
4490,329,3
4491,329,4
4492,329,5
4493,329,6
4494,329,7
4495,329,8
4496,329,14
4497,329,15
4498,329,16
4499,329,17
4500,329,18
4501,329,19
4502,329,20
4503,329,21
4504,329,22
4505,329,23
4506,330,0
4507,330,1
4508,330,2
4509,330,3
4510,330,4
4511,330,5
4512,330,6
4513,330,7
4514,330,8
4515,330,14
4516,330,15
4517,330,16
4518,330,17
4519,330,18
4520,330,19
4521,330,20
4522,330,21
4523,330,22
4524,330,23
4525,331,0
4526,331,1
4527,331,2
4528,331,3
4529,331,4
4530,331,5
4531,331,6
4532,331,7
4533,331,8
4534,331,14
4535,331,15
4536,331,16
4537,331,17
4538,331,18
4539,331,19
4540,331,20
4541,331,21
4542,331,22
4543,331,23
4544,332,0
4545,332,1
4546,332,2
4547,332,3
4548,332,4
4549,332,5
4550,332,6
4551,332,7
4552,332,8
4553,332,14
4554,332,15
4555,332,16
4556,332,17
4557,332,18
4558,332,19
4559,332,20
4560,332,21
4561,332,22
4562,332,23
4563,333,0
4564,333,1
4565,333,2
4566,333,3
4567,333,4
4568,333,5
4569,333,6
4570,333,7
4571,333,8
4572,333,14
4573,333,15
4574,333,16
4575,333,17
4576,333,18
4577,333,19
4578,333,20
4579,333,21
4580,333,22
4581,333,23
4582,334,0
4583,334,1
4584,334,2
4585,334,3
4586,334,4
4587,334,5
4588,334,6
4589,334,7
4590,334,8
4591,334,14
4592,334,15
4593,334,16
4594,334,17
4595,334,18
4596,334,19
4597,334,20
4598,334,21
4599,334,22
4600,334,23
4601,335,0
4602,335,1
4603,335,2
4604,335,3
4605,335,4
4606,335,5
4607,335,6
4608,335,7
4609,335,8
4610,335,14
4611,335,15
4612,335,16
4613,335,17
4614,335,18
4615,335,19
4616,335,20
4617,335,21
4618,335,22
4619,335,23
4620,336,0
4621,336,1
4622,336,2
4623,336,3
4624,336,4
4625,336,5
4626,336,6
4627,336,7
4628,336,8
4629,336,14
4630,336,15
4631,336,16
4632,336,17
4633,336,18
4634,336,19
4635,336,20
4636,336,21
4637,336,22
4638,336,23
4639,337,0
4640,337,1
4641,337,2
4642,337,3
4643,337,4
4644,337,5
4645,337,6
4646,337,7
4647,337,8
4648,337,14
4649,337,15
4650,337,16
4651,337,17
4652,337,18
4653,337,19
4654,337,20
4655,337,21
4656,337,22
4657,337,23
4658,338,0
4659,338,1
4660,338,2
4661,338,3
4662,338,4
4663,338,5
4664,338,6
4665,338,7
4666,338,8
4667,338,13
4668,338,14
4669,338,15
4670,338,16
4671,338,17
4672,338,18
4673,338,19
4674,338,20
4675,338,21
4676,338,22
4677,338,23
4678,339,0
4679,339,1
4680,339,2
4681,339,3
4682,339,4
4683,339,5
4684,339,6
4685,339,7
4686,339,8
4687,339,13
4688,339,14
4689,339,15
4690,339,16
4691,339,17
4692,339,18
4693,339,19
4694,339,20
4695,339,21
4696,339,22
4697,339,23
4698,340,0
4699,340,1
4700,340,2
4701,340,3
4702,340,4
4703,340,5
4704,340,6
4705,340,7
4706,340,8
4707,340,13
4708,340,14
4709,340,15
4710,340,16
4711,340,17
4712,340,18
4713,340,19
4714,340,20
4715,340,21
4716,340,22
4717,340,23
4718,341,0
4719,341,1
4720,341,2
4721,341,3
4722,341,4
4723,341,5
4724,341,6
4725,341,7
4726,341,8
4727,341,14
4728,341,15
4729,341,16
4730,341,17
4731,341,18
4732,341,19
4733,341,20
4734,341,21
4735,341,22
4736,341,23
4737,342,0
4738,342,1
4739,342,2
4740,342,3
4741,342,4
4742,342,5
4743,342,6
4744,342,7
4745,342,8
4746,342,13
4747,342,14
4748,342,15
4749,342,16
4750,342,17
4751,342,18
4752,342,19
4753,342,20
4754,342,21
4755,342,22
4756,342,23
4757,343,0
4758,343,1
4759,343,2
4760,343,3
4761,343,4
4762,343,5
4763,343,6
4764,343,7
4765,343,8
4766,343,14
4767,343,15
4768,343,16
4769,343,17
4770,343,18
4771,343,19
4772,343,20
4773,343,21
4774,343,22
4775,343,23
4776,344,0
4777,344,1
4778,344,2
4779,344,3
4780,344,4
4781,344,5
4782,344,6
4783,344,7
4784,344,8
4785,344,13
4786,344,14
4787,344,15
4788,344,16
4789,344,17
4790,344,18
4791,344,19
4792,344,20
4793,344,21
4794,344,22
4795,344,23
4796,345,0
4797,345,1
4798,345,2
4799,345,3
4800,345,4
4801,345,5
4802,345,6
4803,345,7
4804,345,8
4805,345,13
4806,345,14
4807,345,15
4808,345,16
4809,345,17
4810,345,18
4811,345,19
4812,345,20
4813,345,21
4814,345,22
4815,345,23
4816,346,0
4817,346,1
4818,346,2
4819,346,3
4820,346,4
4821,346,5
4822,346,6
4823,346,7
4824,346,8
4825,346,13
4826,346,14
4827,346,15
4828,346,16
4829,346,17
4830,346,18
4831,346,19
4832,346,20
4833,346,21
4834,346,22
4835,346,23
4836,347,0
4837,347,1
4838,347,2
4839,347,3
4840,347,4
4841,347,5
4842,347,6
4843,347,7
4844,347,8
4845,347,14
4846,347,15
4847,347,16
4848,347,17
4849,347,18
4850,347,19
4851,347,20
4852,347,21
4853,347,22
4854,347,23
4855,348,0
4856,348,1
4857,348,2
4858,348,3
4859,348,4
4860,348,5
4861,348,6
4862,348,7
4863,348,8
4864,348,14
4865,348,15
4866,348,16
4867,348,17
4868,348,18
4869,348,19
4870,348,20
4871,348,21
4872,348,22
4873,348,23
4874,349,0
4875,349,1
4876,349,2
4877,349,3
4878,349,4
4879,349,5
4880,349,6
4881,349,7
4882,349,8
4883,349,13
4884,349,14
4885,349,15
4886,349,16
4887,349,17
4888,349,18
4889,349,19
4890,349,20
4891,349,21
4892,349,22
4893,349,23
4894,350,0
4895,350,1
4896,350,2
4897,350,3
4898,350,4
4899,350,5
4900,350,6
4901,350,7
4902,350,8
4903,350,13
4904,350,14
4905,350,15
4906,350,16
4907,350,17
4908,350,18
4909,350,19
4910,350,20
4911,350,21
4912,350,22
4913,350,23
4914,351,0
4915,351,1
4916,351,2
4917,351,3
4918,351,4
4919,351,5
4920,351,6
4921,351,7
4922,351,8
4923,351,13
4924,351,14
4925,351,15
4926,351,16
4927,351,17
4928,351,18
4929,351,19
4930,351,20
4931,351,21
4932,351,22
4933,351,23
4934,352,0
4935,352,1
4936,352,2
4937,352,3
4938,352,4
4939,352,5
4940,352,6
4941,352,7
4942,352,8
4943,352,13
4944,352,14
4945,352,15
4946,352,16
4947,352,17
4948,352,18
4949,352,19
4950,352,20
4951,352,21
4952,352,22
4953,352,23
4954,353,0
4955,353,1
4956,353,2
4957,353,3
4958,353,4
4959,353,5
4960,353,6
4961,353,7
4962,353,8
4963,353,9
4964,353,13
4965,353,14
4966,353,15
4967,353,16
4968,353,17
4969,353,18
4970,353,19
4971,353,20
4972,353,21
4973,353,22
4974,353,23
4975,354,0
4976,354,1
4977,354,2
4978,354,3
4979,354,4
4980,354,5
4981,354,6
4982,354,7
4983,354,8
4984,354,13
4985,354,14
4986,354,15
4987,354,16
4988,354,17
4989,354,18
4990,354,19
4991,354,20
4992,354,21
4993,354,22
4994,354,23
4995,355,0
4996,355,1
4997,355,2
4998,355,3
4999,355,4
5000,355,5
5001,355,6
5002,355,7
5003,355,8
5004,355,14
5005,355,15
5006,355,16
5007,355,17
5008,355,18
5009,355,19
5010,355,20
5011,355,21
5012,355,22
5013,355,23
5014,356,0
5015,356,1
5016,356,2
5017,356,3
5018,356,4
5019,356,5
5020,356,6
5021,356,7
5022,356,8
5023,356,13
5024,356,14
5025,356,15
5026,356,16
5027,356,17
5028,356,18
5029,356,19
5030,356,20
5031,356,21
5032,356,22
5033,356,23
5034,357,0
5035,357,1
5036,357,2
5037,357,3
5038,357,4
5039,357,5
5040,357,6
5041,357,7
5042,357,8
5043,357,9
5044,357,13
5045,357,14
5046,357,15
5047,357,16
5048,357,17
5049,357,18
5050,357,19
5051,357,20
5052,357,21
5053,357,22
5054,357,23
5055,358,0
5056,358,1
5057,358,2
5058,358,3
5059,358,4
5060,358,5
5061,358,6
5062,358,7
5063,358,8
5064,358,13
5065,358,14
5066,358,15
5067,358,16
5068,358,17
5069,358,18
5070,358,19
5071,358,20
5072,358,21
5073,358,22
5074,358,23
5075,359,0
5076,359,1
5077,359,2
5078,359,3
5079,359,4
5080,359,5
5081,359,6
5082,359,7
5083,359,8
5084,359,9
5085,359,13
5086,359,14
5087,359,15
5088,359,16
5089,359,17
5090,359,18
5091,359,19
5092,359,20
5093,359,21
5094,359,22
5095,359,23
5096,360,0
5097,360,1
5098,360,2
5099,360,3
5100,360,4
5101,360,5
5102,360,6
5103,360,7
5104,360,8
5105,360,13
5106,360,14
5107,360,15
5108,360,16
5109,360,17
5110,360,18
5111,360,19
5112,360,20
5113,360,21
5114,360,22
5115,360,23
5116,361,0
5117,361,1
5118,361,2
5119,361,3
5120,361,4
5121,361,5
5122,361,6
5123,361,7
5124,361,8
5125,361,13
5126,361,14
5127,361,15
5128,361,16
5129,361,17
5130,361,18
5131,361,19
5132,361,20
5133,361,21
5134,361,22
5135,361,23
5136,362,0
5137,362,1
5138,362,2
5139,362,3
5140,362,4
5141,362,5
5142,362,6
5143,362,7
5144,362,8
5145,362,13
5146,362,14
5147,362,15
5148,362,16
5149,362,17
5150,362,18
5151,362,19
5152,362,20
5153,362,21
5154,362,22
5155,362,23
5156,363,0
5157,363,1
5158,363,2
5159,363,3
5160,363,4
5161,363,5
5162,363,6
5163,363,7
5164,363,8
5165,363,13
5166,363,14
5167,363,15
5168,363,16
5169,363,17
5170,363,18
5171,363,19
5172,363,20
5173,363,21
5174,363,22
5175,363,23
5176,364,0
5177,364,1
5178,364,2
5179,364,3
5180,364,4
5181,364,5
5182,364,6
5183,364,7
5184,364,8
5185,364,13
5186,364,14
5187,364,15
5188,364,16
5189,364,17
5190,364,18
5191,364,19
5192,364,20
5193,364,21
5194,364,22
5195,364,23
5196,365,0
5197,365,1
5198,365,2
5199,365,3
5200,365,4
5201,365,5
5202,365,6
5203,365,7
5204,365,8
5205,365,14
5206,365,15
5207,365,16
5208,365,17
5209,365,18
5210,365,19
5211,365,20
5212,365,21
5213,365,22
5214,365,23
